8261989
620725
348158
74469.6
1.17566e+06
3.88403e+06
1.01923e+06
528203
368099
95630.5
631022
235183
343730
517897
418166
563184
644203
866841
235985
516141
481999
411589
412296
187437
438149
220189
131791
528388
116765
448926
222472
375313
204822
264637
494167
93600.4
525027
181303
233827
50196.1
329974
327727
140934
214467
112984
297668
578054
252539
45037.5
434340
136878
304744
110761
172895
193398
298366
489727
127351
97649.1
342177
172056
295404
91865.1
211693
64066.3
266862
158495
267378
98582.7
517831
64278
121949
372956
183456
175606
32754.9
276153
225503
181826
318653
206554
137468
249788
147593
15809.7
103054
185596
135612
145403
292299
89905.9
24564.4
158869
136836
166822
25432
97227
90950.8
153831
93486.3
84040.5
86299.1
92291.4
78422.5
155627
66229.2
113453
97272.5
56679.5
49349.5
49417.2
114774
135375
109463
132977
134655
138922
58034.5
73867.4
55398.2
5169.07
132818
212701
140284
9445.78
116343
150977
185809
131633
148907
117653
76840
250076
96217.4
102045
104013
89034.5
230159
167539
181665
116771
87041.4
159792
70687.3
139023
66597.3
50529.2
120958
202138
142869
12763.9
113861
22976
51425.4
171732
69951.4
49759.7
111224
148478
174593
18876
51380.6
73049.6
73697.8
130788
68778.3
23898.5
89289.2
113009
71946.5
71168.4
62729.8
43262.4
20842.3
55965.7
47165
69385.8
121944
130416
89694
19974.9
95740.7
69221.2
106820
33344.8
53574.2
173489
56377.9
81850.9
143833
91922.6
56837.6
192702
32909.9
86102.5
94603.3
57385.2
81585.4
75312.4
108826
25418.5
80890.7
107269
57129.3
73541.9
37361.9
56119.8
40221.4
68376.5
94195.8
79184.6
21534.3
125858
76229.4
117222
129768
74597.4
43745.7
143424
34634.6
29943.6
51791.5
88699.8
152733
34429.4
131793
14541.3
92672.6
85014.3
90907.4
65553.2
20139.2
156113
38907.6
66166.7
48426
73946.1
82327.7
66142.8
99035.5
66232.5
29853.5
73240
67602.2
32489.6
29584
35908.5
76157.3
40965.1
114658
64665.5
38160.9
38434.3
109654
66795.5
54294.7
