7286899
283816
975876
1.49616e+06
1.13111e+06
1.24991e+06
1.36032e+06
859257
523177
945189
604667
898616
296832
200290
469780
581464
806540
1.87432e+06
574165
226519
605208
194970
1.49165e+06
774507
304489
518871
548183
191835
1.07063e+06
368040
463151
969966
202198
46004.8
681219
326345
411728
114606
183197
174302
176096
418371
409798
194317
212242
252511
183617
266322
176802
111216
191787
237367
259210
209895
234272
268102
475792
183219
253960
395711
67899.1
361485
194517
42497.7
239993
510362
159906
278602
855665
358033
470162
383515
39569.8
252880
435193
184468
480695
344542
144731
680913
341748
186155
175511
249562
279483
273816
171678
329965
96744.4
230533
157205
131863
25724.2
333617
274876
172666
287078
191759
125943
231414
172502
195989
312198
225580
45206
223283
150019
164673
137430
203695
197358
398238
110387
124361
31503.3
367764
99809.6
22618.6
243736
97727.6
135174
127251
188969
143720
240580
43477.7
135328
199141
190124
47844.3
166226
261340
58661.7
179797
136956
167255
171341
147709
89365.8
145692
151954
89869.8
134182
47884
14407.3
149495
127507
94712.7
106085
118794
160837
130003
113845
161652
274456
156346
82370.6
187596
95844.7
257836
122869
86259.7
113520
197992
220139
79528.9
171199
174402
64373.3
98814.6
97396.7
107169
147386
104642
33319.3
132879
214753
36291.5
88904.9
101952
153417
128958
158232
171451
121012
94049.1
49223.9
101312
139434
130559
55961.3
63223.3
103792
118039
113015
73330.2
70890.6
51716.1
119353
20622.1
211313
163359
26312.3
155172
65432.1
82166.2
51298.9
36965.2
136921
90958.3
159823
145926
191411
150794
151888
66828.6
115581
185309
101459
97934.3
69371.1
89696
73072.3
149495
30827
64717.7
56395.4
48661.8
148878
84958
74755.8
65504
67604.1
43327.8
129433
179678
131350
22074.5
103671
215834
91561.4
139765
28758.3
36639.8
90871.4
107535
148710
27137.7
82552.8
209350
56481.7
46218.3
144927
96172.9
55064.1
201309
