0
14315.7
5938.22
13180.6
37457.4
145999
15050.5
9517.37
15227.8
19500.4
15431.7
11124
17760.6
24733.1
2365.05
8282.68
24767.4
21973.1
14093.2
8423.6
16713.3
30456.8
22963.8
27059.6
3311.12
15574.8
11783.2
13799.3
19832.5
18733.4
3457.69
22529.5
16109.8
14698.1
15336.1
7524.69
12118.2
8749.9
9982.12
14182.3
8340.62
6099.68
9799.26
7062.96
3495.94
6936.56
4858.36
6455.67
8184.76
10732.9
1101.8
6892.57
7998.41
2755.8
3985.6
7822.77
12445.1
5339.62
4438.78
2402.51
11427.3
6858.07
8101.27
4858.97
12264.2
7437.59
7346.85
5394.21
13956.9
2900.23
3082.03
1970.77
12737
8483.59
10815.8
5435.02
4256.82
1658.19
5988.49
12613.6
9780.4
4452.87
2001.47
6961.37
2764.95
1631.47
7255.55
3917.2
5592.01
7092.53
7353.93
6084.4
304.644
2594.96
3237.23
12553.2
8108.58
4180.62
7793.93
6799.65
4363.82
2950.08
3680.12
2507.02
1356.23
4882.16
4091.36
4033.09
5596.92
5243.7
3287.8
639.676
4280.54
3022.89
909.249
5037.25
3062.13
3071.86
2987.75
6251.07
5732.05
9813.94
1412.99
7008.46
1282.73
1757.83
5578.4
462.05
0
1039.42
5266.4
1607.19
8528.46
2451.1
2789.78
7370.76
3780.7
3798.34
1386.64
1512.85
3089.54
4357.12
1623.34
6261.17
1075.9
1664.02
2521.45
1603.4
5042.99
3503.62
2370.88
3981
1458.12
5444.29
2216.2
2935.27
400.731
3742.18
1539.94
3914.63
2712.12
2123.6
2586.51
1879.92
2384.36
3165.94
5357.05
4514.17
1752.44
4048.66
1578.01
9841.31
2031.94
4025.13
3049.71
2934.01
1463.67
2000.98
1494.81
414.788
1228.67
5658.13
8700.01
4757.57
4817.27
873.916
2439.12
3239.96
3042.11
5586.1
725.342
7132.24
4275.63
4249.25
4545.37
3130.9
5002.69
2700.01
813.022
1058.37
2924.92
1428.77
1796.32
3707.76
4606.8
4851.28
858.625
1584.32
1666.94
2034.23
3368.16
3378.87
1493.45
1027.82
2404.22
2205.13
2366.78
2113.17
5244.97
2730.55
1444.62
1520.2
5654.58
4618.87
2365.61
385.861
1561.08
1969.54
768.173
331.693
3656.9
1108.69
854.385
2813.48
882.388
1458.37
2335.96
2793.46
1427.36
1995.14
2478.33
6911.71
1319.02
169.434
2282.82
5328.04
1464.33
2917.48
1514.96
6160.38
3112.82
2139.81
2920.36
1988.03
2653.23
795.685
