9980681
919616
1.38426e+06
1.47224e+06
842550
623385
952366
120491
373419
755345
287014
212973
346750
804302
523894
399809
305114
451339
801288
1.27693e+06
639249
115614
267900
182915
261321
651799
436865
555964
651588
593741
684860
910898
1.86243e+06
1.18787e+06
625835
101269
249670
726909
699443
612073
130111
430832
89806.7
428489
287989
557774
130081
164422
435152
205994
262901
297374
483981
153805
87774.7
128259
313221
642213
419179
399204
180398
145742
296513
376863
11953.7
326479
258131
352629
362691
366510
316752
231318
220277
139477
146045
364700
222736
205199
212780
541961
140577
335871
292715
356622
606363
190635
449385
215139
293211
339728
280187
160662
137152
347307
186012
400765
85739.3
102267
118642
284473
121808
202495
289909
392182
233285
316392
410932
218169
252701
221024
211630
118496
147955
86537.1
86466.8
148593
178557
157074
223936
182348
69625.2
151271
205015
83389.1
113555
284906
198307
220814
233578
275422
48612.3
121087
171905
97058.1
56979.8
36397.4
64000.5
46523.7
59277.1
209281
117980
284559
77960.5
113261
60388.3
120153
126189
222662
140015
107085
98833.6
103123
167568
331766
144716
23833.8
80269.9
132349
135878
104888
43737.6
45556.1
63784.3
127212
121868
164307
103103
167533
44816.9
120727
53872.7
160466
223920
33739.7
130879
49835.5
140961
62164.5
100406
141804
69143.1
129994
143479
117294
38182.8
230808
219571
79316.3
214501
171863
167650
70102.5
113325
172995
165896
94392.4
12854.3
145923
92449.8
89438.8
40819.5
184783
61910.4
156386
17866.5
154130
244109
103691
229421
49833.5
18465.3
138627
82294.7
36406.6
81883.3
253516
152730
111988
135835
114158
155549
213420
62701.7
87624.3
31206.5
110399
104749
42230.6
107663
119194
55728.7
142369
117803
169643
194696
94727.5
48334.3
17185.4
136794
92625.1
109214
114418
200230
121016
134988
193601
166697
85843.5
85775.1
180653
92498.6
86733.7
125981
38567.1
87203.2
57134.2
