7936052
114031
256444
693034
291234
4.99094e+06
482299
593869
110544
249540
353575
164186
425634
618523
98387.9
1.38234e+06
461207
422804
269639
275111
154672
323472
408179
436821
135229
600232
284191
229112
314653
144777
63330
458951
311964
246082
237342
337697
95748.1
145178
218770
63828.9
176947
385140
145636
158907
194491
302515
48189.9
138789
110693
174682
168238
246690
90248.7
136809
92581.2
283958
60924.4
159723
95145.4
183372
77107.3
151320
109599
128186
40965.2
227774
17468.7
205355
111668
141914
69043.4
126077
80214.7
120209
70364.4
128530
83048.9
201462
72102.2
137926
90995
139863
82508.5
99535.5
35807.4
115012
92548.4
127686
50607.8
122120
74931.6
148481
80699.4
58576.9
59035.8
150690
51644.5
55391.1
38234
129845
83817.8
144708
56609.2
73410.6
66688
130082
14032
25104.8
25275.4
148836
85558.2
84813.4
62084.7
96435.1
33443.9
118511
17861.6
12173.6
71769.1
137174
59283.8
27374.6
77172.2
66172.1
33249.6
120825
20020.6
23840.1
92683.3
116712
80371.8
26150.1
48079
24808.5
53472
121150
68046.1
23025.1
68772.8
94191.6
92286.1
23173
26416.3
11324.2
28117
124788
93463.5
16370.6
34596.9
77292.3
78537.1
40262.8
32008.8
18236.9
11749.6
129178
78202.7
74148.6
26662.8
54497.4
47183.8
62532.1
24785.2
49582.5
34700.3
101980
37180.9
101339
28729.8
43909
33505.9
56442.5
37320.2
64099
26862
78346.4
30537.3
97896.3
45658.6
60446.1
35239.7
82562.5
61866.6
36329.3
11353.7
73806.7
40620.1
69470.8
58407.7
60257
61278.2
95982.5
44443.6
16779.5
32178
58712
65878.6
42298.1
47470.3
32556.9
83001.5
81619.2
22269.6
55731.5
18709.8
45085.7
88140.4
49650.3
34568.3
32281.3
74767.9
65488.9
20817
58499.8
19758.3
40115.7
79151
70433.1
44120.4
47284.1
40134.5
64726.2
11740.1
45184.5
50259.4
28801.5
64913.1
90237.3
48756.3
76243.7
13375.5
50985.8
31703.9
41272
45526.8
6106.07
62728.8
70971.9
27187
104261
14384.6
34659.3
57334.4
50976.8
22555.9
16156.2
67976.6
39053.3
23918.2
103249
39259.2
27682.1
60746.4
75689.8
19891.3
13348.5
