5089834
2.20571e+06
389086
452839
1.09596e+06
1.04536e+06
1.28698e+06
811120
816550
276657
951881
474531
748224
868743
406186
437093
451669
1.85394e+06
215905
719418
477066
204983
886817
182944
630158
286722
193785
527907
34463.8
724988
156821
385325
357688
308825
577266
298633
249116
127229
137245
307914
188571
588039
228732
111497
439574
395712
219087
181533
61891.3
327046
379174
207604
375579
448252
323129
36265.2
192887
354916
23612.3
44705.2
77088.7
390155
184247
391915
184851
380405
193584
426154
368881
86221.5
136481
266320
320287
157235
315101
21791.5
129134
105493
377555
343995
278680
153878
89192.7
69329.5
183502
235039
143635
252838
147378
142269
332574
364854
307233
257767
362515
384958
60327.7
578166
297937
268587
250856
241549
317837
201976
165132
232652
104070
144791
118646
110986
25593.2
151718
106087
202328
104461
64917.1
101788
40639.3
25209.2
182692
295060
104858
127065
111596
236034
83064
97810.8
200874
131973
132018
201583
98058.1
263346
153837
194355
121311
117685
114687
80932.7
54773.4
151421
13516.9
174862
104755
81159.5
22361
70160.9
9098.1
107085
148445
46790.7
66668.7
70668.2
96426.3
124423
112784
33369.1
152166
97159.2
99577.5
84894.3
67057.5
84748.4
106948
173232
123064
206509
49716.5
30410.5
86411.1
63363.1
70254.6
108087
76973.6
46492.8
62259.9
241432
145683
262753
228863
114048
258017
108214
98056.2
49573.1
47733.6
52173.7
129671
119975
118550
102191
103635
98958
143946
32719.8
34908.4
108247
33108.8
108601
143669
52013.9
239787
77576.8
168723
270024
85065.3
157370
42783.8
237918
144134
69039.1
137179
117921
20586.2
80968.5
32283.2
152396
81385
92478.2
47273
67965.7
99095.4
125865
74136.3
30838.6
85182.8
189557
165006
26810.6
66844.5
48521.6
191311
133169
78274.6
83319.3
191860
138736
118020
44646.5
105498
65458.5
77874.1
78588
114358
111161
70940.2
103663
266358
151764
129965
211736
154697
87568
124848
64930.8
135997
