0
14292.5
5906.67
13062.4
37400.1
144391
14970.6
9459.05
15114.2
19284.3
15397.7
10973.3
17557.5
24372.8
2365.05
8174.01
24767.4
21944.5
13963.8
8334.24
16412.5
30002.3
22933.1
26723.1
3311.12
15357.1
11702.7
13707.7
19763
18517.2
3457.69
22250
16109.8
14611.6
15106.1
7485.03
11954.3
8684.62
9880.83
14047.7
8340.62
6099.68
9752.85
6969.54
3495.94
6880.06
4811.96
6368.2
8184.76
10609.4
1101.8
6809.22
7998.41
2709.22
3947.83
7726.94
12445.1
5339.62
4438.78
2402.51
11242.7
6768.22
8004.68
4807.07
12264.2
7380.53
7279.07
5328.71
13748
2900.23
3082.03
1970.77
12737
8379.92
10704.6
5356.28
4256.82
1658.19
5983.35
12474
9780.4
4385.67
2001.47
6904.57
2764.95
1629.23
7232.85
3917.2
5592.01
7022.82
7278.03
6039.57
304.644
2594.96
3179.36
12482.8
8108.58
4144.94
7706.92
6727.19
4363.82
2950.08
3680.12
2465.16
1356.23
4842.28
4091.36
3988.29
5502.08
5190.15
3287.8
636.475
4280.54
2972.14
909.249
4957.38
3062.13
3036.82
2987.75
6178.72
5732.05
9758.61
1412.99
6930.83
1277.73
1757.83
5560.83
460.943
0
1037.17
5266.4
1581.48
8526.13
2428.87
2756.44
7320.77
3780.7
3741.56
1377.6
1490.37
3089.54
4300.62
1623.34
6171.06
1075.9
1664.02
2521.45
1591.24
4953.11
3453.19
2370.88
3940.52
1458.12
5379.34
2216.2
2920.95
400.731
3690.87
1539.94
3868.4
2712.12
2112.84
2537.75
1879.92
2384.36
3165.94
5295.95
4466.6
1752.44
4048.66
1578.01
9726.42
2031.94
3994.59
3049.71
2892.36
1463.67
2000.98
1494.81
416.76
1228.67
5551.09
8622.97
4699.39
4817.27
873.916
2439.12
3239.96
3042.11
5515.47
725.342
7044.21
4277.49
4204.08
4469.48
3084.63
5002.69
2700.01
813.022
1057.17
2924.92
1428.77
1796.32
3649.4
4606.8
4802.8
858.625
1584.32
1666.94
2002.83
3368.16
3332.56
1493.45
1027.82
2404.22
2205.13
2366.78
2113.17
5183.41
2730.55
1444.62
1520.2
5572.94
4583.26
2365.61
384.104
1561.08
1943.5
768.173
334.994
3656.9
1108.69
854.385
2783.13
882.388
1458.37
2335.96
2772.88
1427.36
2005.52
2478.33
6826.94
1319.02
168.238
2282.82
5270.63
1464.33
2865.34
1514.96
6129.56
3112.82
2138.05
2920.36
1983.67
2653.23
795.825
