12664407
62093
119645
72419.4
132452
338902
1.25357e+06
759952
380204
367010
310785
630309
1.34824e+06
2.7026e+06
709894
448393
281581
270452
357420
1.47024e+06
202615
128645
213285
131607
372068
1.40016e+06
771975
270907
220669
160765
126329
274243
1.10763e+06
289081
172709
185840
88788.2
203369
912484
74731.3
88049.3
40874.1
103169
79383.8
328251
435613
140864
29539.5
29977.8
102511
319716
1.10283e+06
240981
220448
119756
176982
182583
54028.4
146188
53737.8
83215.8
146868
118285
578745
474088
92654.8
148770
79004.1
123219
145725
223917
95034.4
61670.7
12253.4
115243
37412.5
139155
85977.3
106381
73869.7
37956.3
61848.6
152530
182028
42698.6
12231.5
89891.6
126968
233878
260435
136090
151832
50866.6
8818.41
112529
297989
71073.6
3766.77
12521.9
154207
29966.1
272534
123518
52506.6
89023.3
26221.6
5660.82
28918.6
294855
87454.5
32381.5
101576
85840.5
72709.3
177779
139205
121242
49443
38943.6
41754.2
120473
195050
55097.3
53762.2
136994
65938.6
61537.6
424872
32590.5
99244.4
38067.5
53459.2
110856
157174
154504
55327.2
50714.1
142639
71880.5
134840
276127
34422.8
49990.8
48388.3
90241.5
98314.9
216907
28045.9
47052.3
21076
53077.9
14747.2
102870
138492
102080
116492
3086.49
113188
37689.6
140241
15500.8
46752.5
46950.9
49860
134091
199995
76947.2
119358
130110
50808.1
90452.6
103883
81151.8
10011.1
44979.1
104553
28350.6
157191
24795.1
80692.6
48369.9
118377
63086.3
37097.2
81188.7
102481
11563.7
66035.9
77761.1
54623.2
51235.3
86687.8
137420
95356.9
87622.5
37067.2
122733
63286.1
64383.8
54098.2
147817
56858
61679.6
153702
85385.7
112239
77410.4
73018.5
64718.8
89454.7
120874
33283.2
32590
175108
63437.5
109223
146114
63125.2
8830.19
20368.2
41395.1
61341.6
76001.7
118752
31240.4
31660
89623.9
4145.88
93635
145441
120041
126893
60369.6
115977
51273
55915.2
85352
52243.5
52873.9
7485.5
88907.8
136846
83424.8
102650
145857
8650
83508.1
101927
37056
23063.5
34700.2
51837.6
92107
62977
74950.6
125755
