7069354
555254
679783
1.80965e+06
1.42885e+06
2.83911e+06
600338
1.55788e+06
1.04167e+06
621973
1.2226e+06
735053
1.48146e+06
1.78938e+06
405895
900039
668805
524817
359877
348161
396303
217392
520021
306342
312751
256506
302857
826117
293398
475398
209912
406122
165526
266319
323497
438318
194239
170701
50815.4
305012
526740
70755.4
171601
40781.7
69494.7
216541
353310
288585
223133
121373
323037
226773
262388
106107
154742
278804
279896
271774
109377
173431
141198
129036
151741
223396
76531.2
42495
187637
51593.7
178786
273583
309653
147340
66152.6
152052
71200.4
87626.8
96191.3
177162
240246
241960
114517
150277
47065.4
249037
63821.2
150327
160851
79341.8
70290.5
85039.9
42642.3
33878.8
70186.7
157232
130978
29635.6
165184
82702.6
69096.5
149219
39984.6
66370.8
102564
68006.4
137152
90404.3
159056
71238.8
184836
136156
118727
113614
22177.3
99611.3
64110
53055.5
51531.3
167650
25720.4
38402.9
106727
82681.9
176000
90463.6
25315.2
6616.94
44220.1
63859.7
32517
78433.3
101905
120906
74337.7
147514
62206.6
105219
48240.4
71660.3
57462.2
44176.4
66417.8
75602.3
52007.4
42404.8
36769.7
172765
88795.3
83014
56713.1
58497.3
46603.8
94727.2
92803.5
56601.7
14154.6
85537
156269
34430.2
76501.3
45988.9
50361
56428.1
21913.7
81506.1
123298
81435.6
58896.1
30127.1
80991.5
109440
82135.9
105531
115384
83059.1
123683
34867.6
24699.3
65173.4
84283.8
77773.1
51270.4
68284.7
31799.2
52442.6
119263
43136.1
67763.8
25596.3
99190
22885.4
15721.5
59922.1
112539
40777.7
124491
81708.4
49012.7
87519.9
49813
95652.2
4771.46
76916.4
56382.2
77784.2
87809.9
2973.62
101241
86266
55001.9
45726
114284
65219.5
108032
70526.3
50106.1
49634.1
78663.6
50183.7
19365.9
87200.9
85886.3
25651.5
73261.8
81341.2
29510.6
73031.4
56443.8
53882.5
74934
65781
44087.4
90139.2
37288.5
63498.3
20044.8
36721
104315
59728.6
84060
18465.5
46544.9
19891.4
69949.8
85253.5
20346.8
14915.7
89712.4
60522.7
52818.8
104710
62007.1
70172.6
56097.6
12968.5
88779.3
53469.3
