8227800
513928
357572
1.7365e+06
487094
3.26479e+06
266509
2.26607e+06
1.77284e+06
466680
554026
479129
232597
1.16748e+06
883354
237992
224511
209194
336342
179394
1.34868e+06
325681
381715
436773
90206.3
474874
182549
484686
89929.4
160578
145181
423766
307756
581605
534968
370110
214444
202376
479391
530244
336727
93669.6
115010
243909
51881.4
357858
119545
336721
191390
38452.1
64819.2
125044
472274
71354.1
176911
149982
263762
36172.5
219212
105413
186209
150945
227166
161692
137996
260034
300487
71158.3
176724
50124
170103
45466.2
68600.3
53356.8
93663.6
60238.4
38047.7
72753.5
11935.5
291907
114494
236493
191122
91037.2
182975
124770
58949.3
105814
84444.2
121893
71489.5
198548
99933.8
236717
110381
67575.8
21858.7
130732
58073.8
114415
95441.5
46620.6
72541.3
72117.6
96058.6
157316
182290
157396
5503.27
69337.7
95327.5
79314.2
30314
96828.3
56497.5
125295
89277.8
170620
186484
73984.1
60844
61805.7
98271.5
126798
115878
25441.6
87122.7
108287
73332.8
98650.5
120613
44423.5
43033.7
39861.9
38930.5
49794.4
90775.3
102099
147196
37275.5
196360
122080
148278
58040.6
58131.9
6533.2
62290.5
57181.4
120148
105867
92431.8
77019.2
143717
23078.6
9211.14
104048
125976
28926.6
50933.2
91280.1
102471
90717.1
68036.9
60232.9
45280.2
130189
87582.2
102400
63237.8
97880.6
99494.2
34916.7
64190
89465
70990.7
25304.9
62608
117806
37108.2
37393.9
60576.2
145614
121463
61862.2
47872.4
157246
72615.2
31029.7
132462
22183
27193.9
67627
25695.6
85057.5
56486.4
84054.5
34448.5
71410.9
63532.8
114832
19698.3
59182.5
104075
65460.1
68106.1
30299.3
127470
118344
11296.2
101571
91712.3
63903.2
46497.9
78566.5
32479.3
54637
19641.3
73528.3
77454.1
100489
18859.5
43129.7
32306.1
76707
66088.6
11657.1
81693.2
111903
71620.3
47646.5
48244.5
9680.42
110512
22406.5
24542.9
64215.7
67495.4
48666.9
106635
27391.4
25454.7
115957
43698.5
104069
170263
14271.9
96807.4
59413.1
62381.4
78841.1
58982.9
27593.4
30926
82158.1
103910
104401
