7707869
113140
910582
931242
837278
4.54752e+06
708073
391751
754436
638215
393023
313644
437919
1.23286e+06
417149
792359
111585
169940
244434
591789
162465
202226
154346
902902
207434
159129
290899
394798
149926
190056
241323
181119
277953
343090
153662
58304.8
238898
529370
89144.5
93066.9
93244.9
257596
144490
121699
186254
135674
205243
302979
123931
27189.9
208691
89066.4
154797
104153
146201
313075
179837
53889.9
73932.1
93497.2
117312
60619
213177
28729.4
112155
249622
121971
19347
183764
84099.9
53239.3
58123.2
148105
138121
171782
66916.2
57821.3
69009.3
145108
137467
141411
41732.5
22630
135000
149010
16785.6
144797
63383.4
91547.9
69480.6
152563
67230.4
95198
53399.7
130609
54422.9
124534
107272
73266.2
54827.6
85980.1
106592
80284
65541.1
158054
29243.6
105198
59004.4
64160.4
24774.4
84357.6
83168.7
99988
58107.8
110981
48746.5
89812.7
63506.5
46283.3
79146.7
36974.5
97962.3
149770
29172
34818
3796.86
48988.1
13948.8
98406.1
71149.7
15781
90557.9
128505
48631.8
57562.2
88939.3
47195.4
62207.9
69224.4
80339.9
73638.4
71582.6
48198.6
28714.1
43396.3
75286.5
99747.3
50009.3
33768.4
88822.9
99770.8
65254.1
17940.2
89994.5
46962.5
38000
70520.5
37913.7
7534.38
70815.6
66184.6
54333.7
26878.6
111757
98488.9
36217.7
28518.5
68789.8
48137.5
41176.4
57788.8
53893.7
15182.9
84077.3
80366.7
22890.2
7414.81
86573.6
68441.8
65322.1
39908.6
71451.9
66160.5
61563
13275.7
46436
45297.5
29725.1
79735.2
25853.9
46256.5
71489
59752.4
57840.6
28063.7
101031
64958.9
41106.4
36868.8
21598.5
30725.1
65124.4
24433.6
15139.3
62869.7
79072.6
98045.5
29191.1
29797.4
34251.8
50535.4
68983.2
32883.5
71052.1
59882.7
48045.6
56330.1
8019.31
51854.5
33765.8
59406.8
51554.9
58406.1
73207.4
68542
38027.4
4589.71
46954.8
75935.7
40628.4
53779
28525.8
62165.3
43473.2
47886.7
21148.9
55190.9
58630.6
92227.3
60458.6
35093.6
53111.1
27104.6
43177.8
9229.16
28701.9
95242.9
26110.1
95402.4
19567.1
40334.2
7666.09
12018.6
40904.6
37872.3
64100.7
