8259921
994156
384884
647598
828286
658497
910985
3.02742e+06
2.92544e+06
1.88179e+06
227053
619850
140842
992771
556294
449000
482903
431406
303206
309170
223596
366306
487335
650580
1.13139e+06
113141
264682
78692.4
544974
138156
299370
203881
383067
276490
369353
394845
173385
163093
395536
506482
180426
123113
423190
211538
287251
302587
89768.8
280694
378097
275405
280007
177555
285116
208275
358115
141437
73836.6
334257
105005
124259
81164.3
268180
19155.6
139551
239155
80497.9
324617
234134
39606
248618
241987
40197.2
212905
143259
138974
92747.8
175765
96912.7
78205.9
325755
108054
151635
41492.6
132530
103127
10226.3
82010.1
244492
99005.2
97363.6
161985
119691
85588.8
33628.3
129150
133143
33296.6
100233
173400
191657
67464.5
35080
135164
130393
132119
154492
73096
52019.7
19840
122456
92823.4
74177.8
31906.7
85496.9
85524.7
65733.7
135021
39426.3
137615
173791
125133
71339.9
24269.3
30692.9
114291
52480.4
140371
53388.5
65296.3
91358.4
84301.3
128544
113105
63052.5
121434
89182.1
39520.5
86451.8
30945.5
109239
35712.5
161495
31572.8
30838.1
101081
74406.7
92909.3
118109
95722.6
112646
90750
57925.4
40329.4
104979
41163.2
104379
77982.3
116125
92556.4
105269
59928.8
56911.2
80195.9
109659
113298
102490
59743.5
37843.8
130205
53733.1
107329
72337.3
80358.2
50167.2
50135.3
81626.7
62371.1
52152.8
94090.7
90735.6
86858.2
110990
43129.4
114979
46723.9
49676.4
16867.4
31146.8
97914.8
120075
116901
96435.1
86232.4
51154.1
78449.2
80550.5
67598.2
19084.3
61656.8
37126.4
50759.8
96220.9
33405
49979.3
45603.2
65093.7
56285.1
60119.7
59622
98313.4
156499
34224.3
75927.8
66330.1
60977.6
52046.4
114773
12505.4
38908.8
58250.4
82829.3
17482.8
63710.5
36085.7
31123.4
73066.3
84480.9
35071.1
38867
59411
102800
158333
50759.5
35913.7
17123
62025.8
37581.3
62459.5
55806.8
57621.4
72132.4
72669.3
37320.2
62746.5
85796.9
121179
89905.3
56969
28214.3
36935.9
87943.7
11667.4
120435
59121.4
86029.6
36756
