8066162
960956
746744
1.25944e+06
2.73989e+06
1.35847e+06
632596
506444
2.05413e+06
1.65636e+06
1.66603e+06
353835
951567
911526
1.22646e+06
534065
184797
1.17493e+06
962481
399435
166143
185899
315499
478280
534094
336873
582950
447370
517529
198003
379442
495790
335376
51704
204757
360597
463238
145172
198883
52085.1
351959
60401.5
334475
94216.6
411845
206058
81822.3
232872
166832
171694
225031
150719
94984.8
259515
196345
196238
96211.1
155421
260362
198421
176408
83755
248834
148522
138704
169268
100694
191416
8870.03
126550
52563.9
292134
83997.3
168189
201353
169657
102527
135317
245601
140119
145090
142467
185898
140532
149173
50559.1
186217
29419.6
84310.3
93282.9
45549.7
94663
232420
59387.1
146799
59931.1
87346.5
99515.9
68201.2
67553.7
42538.8
182591
89675.6
48200.9
86902.1
126056
63683.6
142378
50152.6
133652
56813.3
21456.1
90738.8
115281
163684
66218.7
42046.2
70624.5
95348.9
220867
89358.7
8457.39
145336
140291
62375.9
125371
63824.4
50752.5
65624
87570.1
40576.8
64361.5
131220
48815.2
45763
140088
53131.5
123444
105571
97256.1
13996.2
111664
128129
39085.2
34174.9
75646.6
122285
48337.2
62117.2
29411.6
92307.5
20178.3
107202
22927.5
48999.6
13900.5
79233.3
66700.9
115333
154571
30401.6
75461.4
92450.2
29635.1
22182.8
143011
80305.5
39260
30345.7
139243
53056.2
91752.3
74265.2
115522
42821.9
25581.5
46889.1
81525.4
36709.1
105429
65885.8
25618.4
58500.4
71661.8
17779.1
82946
95088.2
112647
35257
71700.2
49591.6
44163.1
150665
10145.9
59951
66952.8
78285.5
14222.5
127968
68353.9
9293.11
14001.8
55049.9
59633.1
15284.2
67678.2
14608.8
56304.7
66315.9
115160
59695.9
40654.9
76265.2
71515.4
79639.6
38192
81248.5
17832.3
64643.8
86640.2
57685.8
29241.9
70714.8
89691.5
28959.2
145201
89707.3
67047.6
5579.77
24137.1
45776.8
80785.9
10520.6
81112.1
75599.4
10060.9
59095.8
64010.4
83813.8
58937.3
29928.6
56202.8
38545.1
56284.8
92259.3
52876.7
81059.8
59094.9
26780.5
68227.8
39387.2
54222.4
109803
93492.2
51024
28972.8
