7352788
1.29617e+06
1.61281e+06
2.07815e+06
780939
2.83717e+06
924283
1.75229e+06
939835
670745
1.03906e+06
246259
1.54346e+06
1.49525e+06
629738
697611
481110
847871
195552
274368
156892
305538
369531
174114
31009.4
96180
169652
774806
226488
85866.5
354568
364496
195845
139601
399593
68972.4
142543
280977
230221
350049
319399
250668
44460.2
156418
254821
203874
130369
177061
173536
249761
221050
65016.7
287693
307812
257250
143811
242051
44998
113976
59215.9
79317.8
84125.2
44499.5
133063
216552
152850
123166
28700.5
204943
176448
98280.8
149044
54350.6
103630
91971.3
50180.5
140147
174806
184354
266683
183853
27228.1
88575.9
132519
33246.3
28765.6
99909.4
39838.6
198413
105035
49843.1
91240.2
156880
107944
45511.8
62411.2
37181.3
83550.6
50609.1
82003.2
89578.3
28602.8
67015.9
233591
119537
84429.2
120954
72977.2
150471
93910.7
92114.8
99373.7
6795.35
55685.7
71614.2
101977
92110.1
72868.4
136948
115406
37817.5
19763.4
40964.6
103180
80622.9
49267
129405
70317.2
92652.2
33054
176620
43374.3
72113.5
71715.9
51292.2
91393.3
33042
61674.9
72411.7
81308.4
69145.9
30723.3
143686
110936
90375.4
126331
49165.6
42713.8
106054
85752.5
88793.5
56166
70205.6
70378.9
81544.6
3357.62
35000.8
48550.7
74686.5
55015.4
72975.3
53102.6
79296.4
70370.8
120975
92501.4
56379.6
49760.7
74803
98928
111595
45251.4
27428.2
102003
100928
55465.4
50039.5
68496.9
27769.7
50105.7
18555.9
69164.7
78900.8
70211.6
148186
30649.2
57120.5
27895.9
117095
28426.8
33894.4
110469
17828.2
62033.4
45440.5
9913.03
21722.2
69873.2
68356.6
106755
96125.2
70261.7
15972.1
100406
21641
81659.3
52375.7
98827.4
53855.5
105423
59455.9
66213
52495.7
91266.7
48981.2
82465.2
21977.5
12829.8
20827.4
1815.14
32032
14658.3
66468.5
132284
99810.5
50769.8
118745
24988.6
85716.1
25819.2
62641.3
40999.9
38777.5
55747.2
59977.4
58495.4
49423.7
58257.8
86084.5
107709
66389.8
28674
14250
23052.1
50069.8
67196.5
95013.6
104718
37687.9
125225
82853.5
51125
53771.1
32071.6
60097.6
30187.7
