0
14399.4
6141.5
13870.1
37757.3
155220
15670.8
9819.5
15881.9
20765.8
15664.3
12027.9
18845.8
26761.7
2365.05
8939.76
24767.4
22072.9
14868.1
8928.71
18516.6
33110
23127.3
28929.2
3311.12
16811.9
12206.2
14391.7
20131.6
19996.4
3457.69
24106.5
16109.8
15098.2
16660.6
7734.63
13047.7
9132.84
10493.6
15075
8340.62
6099.68
10059.1
7521.3
3495.94
7304.27
5133.15
7009.47
8184.76
11371.1
1101.8
7278.39
7998.41
3050.66
4196.64
8400.83
12445.1
5339.62
4438.78
2402.51
12383
7331.5
8597.86
5124.24
12264.2
7887.39
7785.74
5723.08
15049.5
2900.23
3082.03
1970.77
13035.8
9126.2
11351.3
6030.93
4256.82
1658.19
5987.99
13394.6
9780.4
4817.39
2001.47
7305.91
2764.95
1630.27
7454.84
3917.2
5592.01
7539.5
7766.4
6370.17
304.644
2598.11
3479.96
12896.1
8108.58
4454.97
8189.4
7248.32
4363.82
3053.12
3680.12
2703.9
1356.23
5258.06
4091.36
4381.51
6184.11
5581.94
3287.8
639.658
4280.54
3234.7
909.249
5449.71
3062.13
3298.62
2987.75
6696.47
5732.05
10162.7
1412.99
7489.21
1278.37
1773.02
5680.79
460.831
0
1038.72
5266.4
1688.26
8596.04
2600.18
2856.88
7679.73
3780.7
4056.73
1382
1655.08
3089.54
4722.17
1623.34
6757.2
1075.9
1665.04
2521.45
1725.18
5598.29
3824.99
2370.88
4238.27
1458.12
5869.65
2216.2
3025.43
400.731
3975.96
1539.94
4174.1
2712.12
2121.86
2795.76
1879.92
2384.36
3231.7
5655.93
4799.78
1752.44
4067.54
1578.01
10460.8
2031.94
4262.47
3049.71
3175.69
1463.67
2000.98
1494.81
416.486
1228.67
6306.96
9131.26
5075.16
4817.27
873.916
2439.12
3239.96
3042.11
5954.55
725.342
7573.75
4275.76
4482.72
4841.64
3388.38
5002.69
2700.01
813.022
1055.53
2924.92
1473.95
1796.32
4128.6
4606.8
5107.38
858.625
1590.9
1666.94
2243.38
3368.16
3595.55
1493.45
1027.82
2404.22
2205.13
2366.78
2113.17
5531.53
2732.17
1444.62
1520.2
6113.34
4740.82
2365.61
387.253
1561.08
2157.86
768.173
333.6
3656.9
1108.13
854.385
2993.97
882.388
1522.14
2335.96
2967
1427.36
2002.19
2478.33
7466.95
1319.02
166.832
2282.82
5725.19
1464.33
3133.69
1514.96
6393.12
3112.82
2264.85
2920.36
2089.52
2655.22
799.37
