0
14415.1
5925.91
13060.1
37411.5
144784
14988.3
9469.38
15139
19340.8
15405.4
11015.4
17611.2
24464.9
2365.05
8185.46
24767.4
21950.3
13993.6
8350.85
16480.5
30113.1
22940.5
26802.3
3311.12
15408.6
11716.8
13733.1
19776.3
18566.1
3457.69
22322
16109.8
14629.7
15165.8
7496.46
11990.4
8699.58
9905.85
14083.1
8340.62
6103.51
9764.61
6989.12
3495.94
6888.06
4824.95
6384.95
8184.76
10642.4
1101.8
6831.61
7998.41
2713.35
3961.56
7749.89
12445.1
5339.88
4438.78
2400.39
11282.7
6788.63
8025.56
4823.02
12264.2
7393.96
7295.06
5342.96
13800
2897.56
3082.03
1968.61
12737
8408.44
10731.3
5378.03
4256.82
1657.71
5988.49
12508.1
9780.4
4399.04
2001.47
6914.21
2764.95
1632.01
7235.05
3921.18
5592.01
7042.27
7295.74
6048.94
304.644
2599.18
3196.19
12500.2
8108.58
4154.94
7731.89
6748.36
4363.82
2948.38
3680.12
2482.02
1356.23
4851.12
4091.36
3998.62
5518.99
5206.27
3287.8
638.374
4280.54
2986.2
909.664
4974.07
3062.13
3040.33
2988.13
6196.93
5732.05
9776.17
1412.99
6951.92
1278.51
1755.62
5557.42
459.837
0
1037.33
5263.34
1584.48
8529.87
2434.88
2761.05
7323.22
3780.7
3759.26
1382
1491.53
3089.54
4317.28
1623.34
6200.56
1075.9
1665.02
2521.45
1588.61
4973.75
3460.08
2366.05
3944.63
1458.12
5394.07
2216.2
2924.26
400.731
3705.18
1539.94
3879.44
2712.12
2114.3
2548.21
1872.3
2384.36
3164.54
5320.68
4480.28
1752.44
4054.03
1578.01
9754.06
2031.94
3999.17
3049.71
2897.96
1463.67
1999.65
1494.81
416.515
1228.67
5571.31
8637.86
4719.48
4817.27
876.216
2439.12
3241.11
3042.11
5533.41
725.342
7065.29
4275.63
4215.75
4492.28
3095.97
5002.69
2702.62
813.022
1058.03
2924.92
1425.18
1789.97
3667.78
4606.8
4818.22
856.005
1591.86
1666.94
2015.68
3368.16
3343.2
1493.45
1022.61
2404.22
2209.23
2366.78
2112.19
5197.78
2730.52
1444.62
1531.09
5593.85
4589.08
2365.61
382.97
1561.08
1947.39
768.173
336.275
3656.9
1111.22
854.385
2790.41
882.388
1459.37
2335.96
2778.79
1427.36
2005.84
2478.33
6842.98
1319.02
167.869
2282.82
5292.16
1464.33
2880.15
1514.96
6144.65
3112.82
2134.84
2920.36
1984.54
2654.33
794.771
