8458687
794007
425349
206561
1.59692e+06
804926
61468.4
812526
637132
1.04815e+06
2.20401e+06
269003
1.25725e+06
3.05949e+06
1.03094e+06
176463
428629
1.22632e+06
295260
491827
548346
780445
235608
331786
403881
403751
331506
684829
268179
479019
175264
343839
206012
546689
803969
233916
480534
77572
176447
167420
457868
549381
279464
196299
274602
399157
208267
365165
238210
234929
76783.6
422169
314204
287317
234808
221150
162349
466929
15713.5
174736
365939
84537.6
157059
255263
113508
93501.6
62376.3
243835
268208
129026
85271.9
110737
218885
346534
255297
179088
88939
44223.1
86467.8
96790.7
309145
59775.1
150412
230381
139125
237004
52525.3
46847.8
96530.2
15894.4
151634
233617
161410
67449.7
279220
164618
246458
132785
70990.4
73015.9
116439
71520.3
167824
149373
61091.2
80333.7
73506.3
201583
121614
44499
129620
70786.4
133057
228551
214718
75764.4
216656
257097
51027.1
179678
32569.8
112464
148293
86178.6
73518.2
21880.2
195096
59048.5
46666.9
48494.5
200264
57259.6
121999
164231
52889.7
183146
101918
141398
147410
89635.7
143194
32822.3
91987
30351.9
114888
22744.4
99821.3
52985.7
128493
110045
76486.2
154894
72472
72334.6
2308.68
144818
164509
96441.2
105329
45583
90112.1
196090
19166.4
88519.9
97077.3
31459.3
32289.1
115157
124507
85418.4
25775.5
132532
118368
138922
48312.6
100973
59621.5
32277.5
83355.2
119126
56755.1
95524.4
178060
55818
73283.2
90163.2
83426.8
78662.5
139286
53440.3
23017.2
55616
39253
105527
88779.1
122119
130765
114978
38954
46964.6
37836.5
118037
142214
98516.8
50048.6
56573.6
77145.6
35202.2
68977.9
97309.9
89354.7
128836
85081.8
42746.5
153068
102216
32729.6
119673
107291
107864
49732.7
67177.8
42246.4
12920.4
133566
65125.3
39697.9
11260.4
55141.5
94479.8
78046
47382.5
52514.1
16525.8
45359.3
15220.6
99622.3
43482
181792
10332.7
81445.5
75909.2
93395.1
64031.4
168908
97215
67554.4
105698
77895.7
22251.1
63850
54982.2
35085
63943.4
113865
63670.6
