0
14607.5
6309.95
14397.4
37995.8
162724
16131.4
10099.7
16401.2
21824.6
15861.3
12770.3
19721.6
28466.4
2365.05
9507.2
24767.4
22175.9
15477.6
9326.16
20022.5
35328.6
23300.3
30426.6
3311.12
17865.3
12570.9
14844.6
20362.8
21028.7
3457.69
25346.4
16109.8
15397.4
17749.8
7884.24
13808.3
9484.77
10909
15818.5
8340.62
6103.51
10249.6
7889.71
3495.94
7664.72
5308.79
7447.44
8184.76
11915.9
1101.8
7599.32
7998.41
3295.22
4340.7
8869.53
12445.1
5363.99
4438.78
2400.39
13146.3
7731.85
8988.65
5366.14
12264.2
8208.95
8161.02
6043.71
15955
2921.56
3082.03
1968.61
13394.5
9621.61
11777.6
6542.24
4256.82
1657.71
5988.49
14032.3
10120.1
5151.97
2001.47
7578.54
2764.95
1635.15
7634.77
3921.18
5592.01
7874.83
8125.62
6597.66
304.644
2601.75
3686.13
13156.7
8108.58
4721.75
8517.5
7658.7
4363.82
3119.76
3680.12
2899.49
1356.23
5555.74
4091.36
4641.46
6683.63
5875.66
3395.83
639.282
4280.54
3439.12
909.664
5778.23
3062.13
3503.8
2988.13
7070.48
5732.05
10462.7
1412.99
7845.45
1275.55
1833.28
5780.25
453.062
0
1048
5266.31
1733
8647.94
2709.2
2965.32
7917.75
3780.7
4268.62
1382.61
1752.21
3089.54
5003.21
1623.34
7190.96
1075.9
1663.01
2521.45
1813.87
6072.22
4072.87
2366.05
4466.8
1458.12
6210.88
2216.2
3100.86
400.731
4182.61
1539.94
4396.82
2712.12
2154.68
3021.1
1872.3
2384.36
3370.73
5938.76
5030.64
1752.44
4158.63
1578.01
10984.1
2031.94
4454.34
3049.71
3371.49
1463.67
1999.65
1494.81
412.903
1228.67
6820.32
9478.84
5363.29
4817.27
876.216
2439.12
3241.11
3042.11
6243.75
725.342
7907.75
4275.63
4672.36
5061.22
3519.87
5002.69
2702.62
813.022
1057.59
2924.92
1575.33
1789.97
4464.78
4606.8
5302.91
856.005
1587.48
1666.94
2399.3
3368.16
3762.56
1493.45
1022.61
2404.22
2209.23
2366.78
2117.27
5776.93
2846.12
1444.62
1531.09
6500.55
4839
2365.61
384.793
1561.08
2244.87
768.173
333.516
3656.9
1107.94
854.385
3148.62
882.388
1690.36
2335.96
3125.33
1427.36
2010.57
2478.33
7938
1319.02
169.499
2282.82
6059.06
1464.33
3316.32
1514.96
6545.91
3112.82
2411.48
2945.5
2203.54
2661.98
809.476
