5932283
134118
793831
2.3275e+06
112899
1.98188e+06
1.53047e+06
779087
2.15203e+06
556254
1.26302e+06
255458
682449
930580
948737
340888
620726
856263
730495
641872
1.07671e+06
465826
383435
760225
286996
698080
133288
136448
707156
186317
423063
268917
107033
539797
199069
211179
56831.2
187274
207450
202597
253570
266233
186088
241390
277544
134766
179755
243023
13530.6
502194
333825
163894
165680
238326
181783
195578
198630
118626
246863
105025
93479.3
112674
179907
135087
199156
128168
227375
144496
119899
393771
39862
164150
125186
50012.8
98038.1
128138
50114.4
78832.8
55271.1
76595.3
92547.3
166289
151708
146221
237610
74462.7
69665.9
69776.1
60865.8
170177
44563.2
129344
32608.9
64592.7
216342
205040
134181
83437.3
123343
69038.9
78018
64741.5
80162.9
98098.2
48024.7
11006.3
36379.3
147858
39334.6
131168
193712
61180.5
95050.1
128766
106823
81120.5
44613.3
75367.9
117298
60035
44205.9
129703
35561.3
119497
260615
57967.4
54466.2
105826
146188
104561
30229
54605.6
48089.7
36452.5
77161.4
12883.4
98096.5
74050.2
52608.8
76243.7
106737
53910.6
73497.1
118881
155069
76394.9
86137.7
139900
86908.1
89559.5
121521
53785.4
27743.5
84792.2
59287.9
23049.7
85615.4
83166.3
58905.1
27892.4
22777.6
96522
63486.5
78276.2
43441.5
119690
29589.3
50933.1
74366.2
104207
52237.2
43029.4
39341.6
52344.6
70021.2
47219.5
86718.1
39734.6
55814
39968
84345.8
59025.8
61012.9
135531
38086.5
171272
31753.1
26192.2
81878.4
84865.7
48885.7
94803.4
34515.3
68216.5
113162
20487.2
54841.5
44569.6
92861.1
29785.2
66148
20243.7
99147.1
103560
23287.8
28096.9
57804.9
28253.8
75907.2
34239.5
102830
87471.5
21631.4
77873
27630
72810
65674.6
38742.3
76912.5
39988.8
15069
54848
141584
111407
77022.8
75378.9
72887.9
78893
119329
52668.1
66346.5
8075.33
13086.5
46352.8
82490.6
88847.3
54627.9
63009.6
66670.6
54738.4
61060.7
34410.8
32939.2
56833.3
66502.1
65163.8
28447.1
46053.2
72521.8
75887.1
42054.5
81053.8
30085.1
64217.2
79453.6
75859.4
