7616111
401695
469546
783247
524401
4.14625e+06
696297
826404
113017
91452.3
727360
401928
195142
751755
256908
759740
441869
881804
465434
45083.7
536499
475125
60205.5
433133
650411
155150
155753
451327
215283
217407
431986
284081
159460
199317
702599
297500
259150
183181
231389
170397
285170
238430
144061
225060
130830
504684
306002
85462.7
66618.5
338824
310775
126125
196521
207074
134300
150755
342848
108812
79522.4
245706
279465
106752
161553
227951
30968.9
104343
191526
104815
269876
248626
178233
134667
270971
281184
128673
94728.7
129248
192936
114173
26920.5
51301.6
73431.7
218805
11646
203117
54626.5
129837
72820.3
62545.7
72413.3
165268
106048
130474
150922
107342
106959
91531.6
109049
13892.5
89265.5
133170
73458.8
28274
142514
60687.8
60753.3
70537.6
95866.7
53283.1
40223.5
75189.5
36647
187926
159812
43874.7
133644
83321.9
65741.3
72066.1
56486.5
34378.4
49633.8
239810
81485.6
59722.9
153260
121167
126523
33062.1
92029.7
18852.6
110192
149273
76795.2
59338.1
131417
142761
93375.3
28969.3
102586
75584.8
125128
79633.3
38089.8
77081.5
101856
71459.1
80313.9
35272.1
85967.5
89662.7
148731
46561.8
75089.3
47426.5
127001
77081.2
20903.6
77152.5
126602
53863.9
105276
96604.6
90946.8
38990.1
66319.7
47093.1
38074.5
58175.1
60578.7
53502.7
51529.8
97512.9
48157.5
45845.4
63251.7
79799.1
83284.4
114309
48050
104718
82488.1
91508.3
75402.2
32726.5
56525.6
128794
101617
71909
33750.7
113954
118453
92578.2
68336.5
67679.8
89658.4
67200.3
61044.4
20283.8
41744.8
44061
90797.3
58316
14701
29513.3
70859
13569.8
17885.6
64809.9
92672.6
54664.2
25786.7
86559
12064.1
100776
117352
42408.7
55106.3
47749.3
126002
37216.9
22733.2
8706.58
53586.4
110409
61170.4
30208.1
27487.9
71199.4
83953.2
90229.8
39626.1
93491.6
56366.2
48417.1
40806.8
59753.9
24187.1
47134.3
27976.8
75414.3
59977
49695.9
42889.7
55540.7
23151.2
15229
64380.1
26470.9
79314.6
49891.7
81028.8
54705.8
71670.9
100099
40611.1
