3705618
182836
439882
209109
454527
1.10306e+06
2.35783e+06
717355
434072
438785
610486
2.28018e+06
538471
289169
206151
300895
127541
2.04798e+06
217031
256116
90018.6
211738
378853
616796
189509
216380
247526
49537.4
329225
208347
39206.7
254897
151916
168633
136862
210555
112404
343449
144519
558564
522901
204967
304927
279392
106754
684401
215023
77614.2
205097
157055
153581
275600
180865
88060.9
218415
111577
323913
291635
67808.4
127057
126282
48160.9
196822
147004
88586.7
173749
126586
67631.3
428395
102120
132241
62997.7
45081.2
248559
134756
59833.5
48033.6
131047
10935.6
415731
141932
18128.8
111597
69156.5
112508
228418
63316
64437.7
120899
50398
23370.9
19190
30550
75110.9
109326
97097.3
142471
25694.4
58599.2
58069.4
34730.4
179929
164738
92371.3
88813.6
91047.9
78366.3
263483
73522.9
87202.2
29750.7
36107.8
77940.6
177300
51663.9
50011
13131
10790.9
112381
78388.5
34342.7
17700.1
89416
48901.9
118565
31341.8
70945.5
40664.7
32627.3
36157.9
176026
71585.5
57310
45681.3
85764.2
149725
88840.5
103846
29746.2
77976
63677.2
219456
94033
27718.7
62834.3
37315.1
85269.7
40287.9
29767.7
60851.8
88557.8
39486.3
23958.9
109629
55176.6
50517.6
10776.3
57713.6
99433.9
103412
24201.5
70513.3
120305
91286.8
185470
108012
35758.1
59483.2
68777.8
140987
81260.2
18483
12512.5
93806
52482.8
86432.7
57673.2
63407.9
18970.3
76164.1
59220.4
87487.6
40416.3
55485.4
97174.3
83447.8
94798.5
25671.2
19232.3
47410.4
107438
96356.8
139681
26901.3
25596.3
9377.45
35535.3
127193
57167.4
48619.7
48642.8
59582.4
33391.9
130374
92088.3
90518
50403.1
26263.8
38612
8152.72
43969.6
91328.6
72088.1
44596
30732.3
74688
40613
35697.1
49264.9
85755.1
90661.7
28591.5
45055.7
56556.4
87944.7
82396.4
139579
42602.2
47789.8
30575.4
81763.9
77439.6
57714
70111.7
25338.6
64982.3
64434.1
52392.8
58991.3
60770.5
22608.1
11208.2
95370.9
53909.6
36094.7
27784.7
98138.8
78152.6
99588.2
29278.4
34101.6
75903.4
66052.6
47302.8
116908
19560.7
