12848097
709020
283728
325219
331560
448697
2.02349e+06
639055
217884
69125.9
310574
308662
794489
2.65213e+06
593416
464848
132433
171824
99031.1
1.82567e+06
477528
215969
245849
132726
436947
580998
974107
165724
268303
124598
56859.8
480866
562112
372052
149443
141877
70105.5
343431
474032
548039
101003
168110
93602.8
120308
88371.6
121857
117634
90758.5
192971
52023.8
349838
823299
229247
118073
44054.1
93213.6
135083
381028
170225
68647.3
174367
57929.6
126621
218538
410577
38581.3
154860
18053
95693.8
279022
61577.2
116605
60970.6
105020
167831
65939.1
112830
260246
87853
69270.2
92762.6
115838
284176
198347
107439
144706
49768.1
70093.4
95197.1
213149
24877.2
94773.3
100569
45643.7
81370
224942
85852.8
94824.7
220939
46839.8
13766.1
200820
129439
109830
122806
51158.9
76653
116822
75790.9
127091
59928.4
132742
116396
62938.3
242796
182511
39837
60746.2
110177
25367.1
153266
123037
104702
61283.8
90000.9
24502.8
57042.9
152177
73102.5
73713.3
112914
18030
70553
145741
47936.6
66428
116826
29312.2
102575
96726.2
143714
116133
122375
64556.6
87224.9
102039
100190
136695
113988
75591
73142
122539
207332
118774
38900.1
85342.6
82010.9
38276.1
15171.2
52530.5
63335.7
89505.7
137802
18160.4
97292.7
112116
37098.5
83496.7
134676
26968.7
69813.8
76043.9
117841
58286.9
46333.5
49300.1
62422.2
33759.3
65885.6
80740.8
75914.9
102227
70909.1
97421.3
102280
118428
92058.3
21828.5
128087
30181.7
80290.4
23912.5
26797.9
1485.48
129117
57594
85957.7
61563.1
29190.5
42923.8
89439.6
76101.9
62171.8
60270.5
96123.7
43174.1
109158
95069.7
51920.6
65159.4
95972.6
51027.7
49553.4
35270.3
28563.6
136573
110376
67196.1
44791.8
96407.1
53891.7
55469.6
35509.7
55718.4
46065.9
48392.7
142204
57151.2
98333
81486.8
25463.6
73952.6
166510
54869.3
105018
26109.4
18297.3
4246.44
36733.4
74966.4
16158.1
83534.3
150822
46565.9
80251.4
83802.3
41551.5
97827.5
89801.8
56609.1
58046.4
14205.2
15212.2
69523.1
86948
60629.9
