8551670
697383
407861
166504
690066
4.7791e+06
389569
140036
924456
725515
298493
792872
366362
143695
582035
734743
200576
324374
800029
707167
445413
612304
352046
120104
168690
268334
76010.5
524676
288382
405696
355562
499139
407047
304029
63449.2
428741
379244
354566
108250
316632
231210
379724
379519
349334
215382
278699
259512
151440
34489.7
70754.3
121968
353738
97083.8
73624.8
290214
92222.2
101074
266259
115761
209464
44060.4
275106
155062
231016
201027
120039
192099
240780
153296
191940
44742.9
75478.9
202519
174873
143703
273836
68925.4
127670
189261
183010
185815
88601.4
214189
135847
182166
198669
132362
176363
64241.7
121600
221856
112447
85548.6
100330
158829
17828.9
105219
117221
103644
111400
154443
70393.7
136157
86553.3
133078
92219.9
109422
118550
84581.8
103494
106590
56499.2
99183.8
66848.9
106516
50885.2
49763.2
157575
21461.8
64369.6
118670
17792.6
72929.2
47144.5
82114.8
37688.8
64705.9
186844
32873.1
11312.4
110548
22144.8
121173
76671.7
48629.5
43169.5
139460
158518
60993
58931.8
45998.6
56716.5
108815
157397
27099.3
96097.9
129968
94612.1
73538.3
42892.8
39015.5
52396.7
33490.2
115897
9295.01
122915
114145
35806.9
59209.6
71640.3
98695.5
14430.8
59348.7
62977.3
37758
81449.1
111554
31361.1
86177.7
75586.1
72261.8
71659.3
52709.6
84410.7
92267.1
33903.6
47737.8
84847.9
59157.7
72216.5
105987
155115
53750.7
101326
151183
24062.8
45761.7
99777.1
24271.4
54784.6
70187.3
147076
129847
16947.9
81602.2
45752.3
76443.6
19480.9
26648.1
72568.5
66619.4
51533.2
133789
40866.9
84711.1
77664
28101.4
90198.9
55995.8
47105.9
71635.4
43232.4
107921
25998.5
71040
68414.4
82142
57546.2
20848.9
42388.7
15776.4
4958.26
129788
78104.5
24457.1
47671.9
104796
57768.4
84237.9
42588.9
11067.5
7654.59
122248
43028.9
48278.8
40380.8
54981.9
51250
77340.4
26966
67303.7
48523.7
48444.3
14830.9
48126
55216.8
31926.5
45592.2
76053.7
10059.7
82514.2
69114
56252.4
22089.8
43089.7
55736.9
