6834069
594305
264837
320978
865530
3.41977e+06
1.48717e+06
250569
264225
144309
471120
328671
312783
288048
75174.4
1.79293e+06
960135
363345
417208
595035
1.76623e+06
541707
159821
58608.7
116179
656948
529211
372469
77242.1
254418
707115
890853
94295.2
235768
198801
165316
326915
32791.4
199060
302674
497158
554040
140651
299160
240003
494095
363622
208787
95215.4
114992
212657
69891.1
264791
111270
268112
323322
323209
212403
284272
83723.4
218002
76007.2
339597
373494
283081
184088
171740
96549.4
225512
112604
256414
127469
115697
263864
32085.4
55030.3
94449.4
84968.6
53704.7
92599.4
101664
156197
60396.7
139775
208899
105219
55589
270241
130329
112431
157608
196604
209059
65415.9
206788
117272
10473
230007
93067.1
177448
206569
89416.8
201916
77950.8
97988.7
91841.4
154529
162823
102578
70885.4
191855
67575.1
132551
57416.9
72984.6
151045
172996
139869
138574
105174
57702.5
137411
142945
66210.7
120608
101618
81695.5
162420
72881.1
116860
94180.6
39920.6
184436
32079.1
66222.9
148912
60287.7
70168.1
23670.1
51620
70438.2
38869.8
115513
84995.2
42546.7
104429
82643.9
120029
43284.6
136433
81772.7
44181
110492
90711.3
117349
138977
79445.2
80505.4
50151.4
102812
69342.1
40496.4
96153.4
147261
53170.7
85200.8
109757
155722
91875.6
52055.1
71020.2
75995.4
92433.6
34381.8
97622.5
126184
38653.2
166191
63972.2
38280.6
78176.8
17859.5
118394
31610.3
91687.3
75045.7
47177.2
55068
169559
46165.2
70373
72088.8
13064.7
29628.6
83392.6
87949
32572.1
93720
84354.4
51168.1
139134
86718.1
57962
26395.7
52099.8
62932.1
41645.8
143360
43406.8
47238.7
73099.2
144738
40677.4
44780.2
36562.3
51933.8
62409.9
147357
14047
8427.47
52739.2
16020.9
62743.5
93210.7
56927.8
56560.8
88416.6
73533.2
87121.1
24950.8
57309.2
77912.3
138828
81757.9
35258.6
41453.4
57375.9
48429.3
127807
33883.9
40607.2
131030
165241
27389.7
57622.3
25614.6
138931
71129.3
36393.1
122726
92949.4
108720
20998
103992
23634.8
47294
