0
14248.3
5858.06
12812.6
37294.6
141207
14758.1
9345.21
14902.1
18839.4
15323.9
10656.9
17180.5
23690.2
2365.05
7943.2
24767.4
21931.7
13691.5
8149.33
15821.6
29108.4
22871.9
26113.1
3311.12
14924.6
11564
13480.4
19678.6
18088
3457.69
21713.4
16109.8
14466.7
14646.1
7455.47
11627.5
8521.57
9697.68
13758.7
8340.62
6099.68
9665.11
6813.59
3495.94
6755.32
4718.26
6168.32
8184.76
10385.9
1101.8
6697.5
7998.41
2607.31
3921.04
7558.92
12445.1
5339.62
4438.78
2402.51
10917.8
6599.76
7832.57
4737.45
12264.2
7247.23
7140.65
5196
13378.6
2900.23
3082.03
1970.77
12737
8173.27
10511.1
5129.66
4256.82
1658.19
5988.49
12220.1
9780.4
4245.78
2001.47
6748.1
2764.95
1630.66
7163.49
3917.2
5592.01
6876.55
7137.87
5937.87
304.644
2594.96
3071.43
12362.6
8108.58
4066.18
7536.28
6570.36
4363.82
2950.08
3680.12
2394.39
1356.23
4725.71
4091.36
3861.58
5320.45
5072.6
3287.8
638.862
4280.54
2863.44
909.249
4813.43
3062.13
2949.84
2987.75
6041.25
5732.05
9640.48
1412.99
6750.99
1278.51
1757.83
5490.02
462.05
0
1035.74
5266.4
1550.66
8530.42
2401.91
2742.94
7228.05
3780.7
3642.01
1380.91
1454.64
3089.54
4184.91
1623.34
5992.28
1075.9
1664.02
2521.45
1566.43
4756.98
3366.47
2370.88
3846.34
1458.12
5241.59
2216.2
2894.18
400.731
3613.48
1539.94
3780.65
2712.12
2116.54
2477.4
1879.92
2384.36
3165.94
5209.81
4368.13
1752.44
4048.66
1578.01
9520.25
2031.94
3904.7
3049.71
2820.21
1463.67
2000.98
1494.81
411.896
1228.67
5324.62
8476.34
4571.16
4817.27
873.916
2439.12
3239.96
3042.11
5372.36
725.342
6892.57
4275.63
4125.34
4456.24
3016.25
5002.69
2700.01
813.022
1052.86
2924.92
1428.77
1796.32
3493.45
4606.8
4717.24
858.625
1584.32
1666.94
1938.89
3368.16
3274.43
1493.45
1027.82
2404.22
2205.13
2366.78
2113.17
5068.5
2730.55
1444.62
1520.2
5413.83
4538.04
2365.61
384.47
1561.08
1900.67
768.173
335.68
3656.9
1108.69
854.385
2705.62
882.388
1458.37
2335.96
2694.63
1427.36
1996.37
2478.33
6643.16
1319.02
168.372
2282.82
5132.81
1464.33
2792.98
1514.96
6064.25
3112.82
2069.13
2920.36
1939
2653.23
798.249
