9824993
1.22275e+06
912714
1.84084e+06
1.56418e+06
2.54258e+06
1.90214e+06
320593
523885
678507
486928
570185
230574
472582
1.09789e+06
515263
840506
436987
1.08791e+06
308285
576169
361412
331119
169407
719891
157642
374619
247655
763728
115592
123166
419998
313932
546721
338224
291613
292382
529170
198267
315930
408531
204335
10890.1
447858
196746
268978
240954
210545
262495
317734
112729
148883
166213
63614.6
118234
122074
212283
252564
401874
243863
325913
158205
201222
72192.9
231850
196292
93594.2
313264
308954
167678
185572
187356
112334
151865
148600
314700
285394
151868
247887
268952
115577
313277
138747
394304
226965
199867
265692
256640
112408
92585.7
33335.1
276862
229708
229059
310600
115905
67895.5
90484.4
96704.7
135517
105172
205855
119457
223978
317644
331181
382070
68800.7
102098
36609.1
135860
115604
74381.7
120213
148267
44510.3
59417.6
70636.6
82290.7
62497.9
112826
104841
66511.4
200291
155876
59558
79951.2
122215
128544
195999
119544
168123
91616.6
115907
74512.1
79949.2
19026
32828.3
84477.3
95216.4
106382
154288
203919
168675
129512
45869
86925.2
54256.3
14690.7
54825.4
69281.8
26849.1
94874.9
197315
107703
92559.5
74993.8
56752
49786.4
89136.3
67649
175606
85636.2
111212
52261.7
137447
131942
132826
139464
75654.8
38405.7
133468
117798
66050.1
23524.3
54997
65299.3
23938.8
125485
69318.9
79836.8
70915
146693
37678.4
185564
42727.5
76424.8
84237.2
99992.3
105458
121714
115172
91025.5
161467
189127
78022.5
77608.3
110693
19181.9
35786.6
103894
98626.7
99182.8
83963.5
34065.1
72750.6
56795.3
152312
150174
121950
78490.8
55542.9
105439
22095.5
60233.7
53805.1
29450.9
107696
154713
136325
172694
161375
72942.4
111411
7367.71
55419.4
32072.8
93963.5
72628.2
66825.3
76596.4
22689.7
77767.5
9492.17
59865.7
46795.2
69612.1
81698
73160.4
40523.1
9956.31
139213
59854.7
65137.4
103115
38116.6
69258.2
11856.9
110850
58490.3
83484.1
118605
62098.1
51694.5
43387.6
49866.8
