7589297
404935
551056
753863
410237
4.68654e+06
487598
621568
587961
527539
717690
245779
440569
794893
258318
967590
337454
417393
449002
565939
515280
67209.2
279579
648517
226677
231363
111806
316204
269694
457622
251784
10468.5
158273
338335
372839
378855
141426
245139
59346
193059
106668
86937.7
106618
62269.8
329022
328045
258540
141852
79342.2
102639
82659.2
141042
85405.4
189689
174806
205425
224355
41538.4
151802
148437
39951.3
155177
96580.7
231449
65306.5
98971.3
164695
77688
159693
131718
27866.2
115044
79025.2
155464
163525
30131
190139
108055
89062.1
65912.8
80848.6
46381.7
83684.6
76334.7
185440
72598
187699
93155.8
11817.2
53018.6
128961
47194.2
108249
56743.5
117754
99097.4
122075
68252.9
44879.4
76088.8
159742
44792.5
137669
66649
51971.3
32543.7
84843.3
30248.3
71207.9
67603.2
148496
33807.7
126260
68802.7
49641.1
54399.8
133031
32112.2
76247.1
41910.2
64585.8
31319.9
73695
74387.8
59277.4
118153
135454
66025.3
73310
33092.4
46016.9
20128.3
33554.6
53631.7
89287.1
111945
77404.1
71541.3
50934.8
33283.2
129453
47116.7
49653.4
12018.9
91540.5
43600.2
35507.8
56226.3
13304.9
46636.9
144545
80076.1
52184.4
41051.5
42905.5
58418.2
24922.2
28943.8
68699.7
28922.9
107080
76233.6
41823.3
45635
47910.8
97743.4
11263.2
23328.7
104576
38080.4
46488.4
40590.8
28826.5
7903.77
94564.7
79320.7
6062.45
36045.9
87593.3
91831
6993.61
32352.9
29166.4
44889
94742.5
30232.1
14777.6
53553.5
29194.5
102038
15142.1
64254.8
60840.2
56440
43721.1
17311.9
25698.2
84419.5
32295
67595.3
17501.9
69402.7
74518.4
19330.8
62081.2
35830.3
47950.4
98146.6
56557.7
2202.37
25928.6
54989.2
44337.1
29942.4
73492.3
40664.3
62088
75554.1
43050.9
64091.1
55858.6
57349.9
27221.3
63520.5
45916.5
29452
52042.7
21209.2
19935.8
80061.4
74286.6
66359.5
72912.4
57304.6
17795.7
10036.4
26277.4
57109.7
8063.46
56904.9
69579
53114.5
85259.7
33824.1
43848
51864.2
21631.2
103584
11076.3
35088.7
30564.3
17170.1
49648.5
21991.7
34308.8
98423
