6409576
347908
431243
872593
2.60272e+06
2.83797e+06
1.51822e+06
484823
673312
2.02064e+06
667292
182939
646502
431355
202660
272524
317849
393237
1.36933e+06
314031
25861.4
464145
453942
310788
292567
256790
204047
445061
449013
80675.8
203191
334896
310134
355648
304632
192286
484327
161657
247579
60273.4
271917
223118
128386
201379
219169
419998
64369.5
132704
157124
67118.9
123261
89061.3
124407
122629
243206
244627
105967
94656.5
267797
113165
102452
51618.9
104502
65481.8
137191
87950.1
38476.4
26010.2
81285.6
222105
172252
143255
243354
96024.3
157151
162738
109204
34349.5
26863
156818
158098
151319
170923
29444.4
112037
80822.9
74861.7
57543.3
44459
176572
32485
179890
116237
71717.1
66728.8
107934
70515
187718
131061
132023
47837
181513
10411.5
20664.9
70452.6
73726.2
87706
97674.3
32694.9
49210
42562.7
119498
80829.8
28439.1
36573.7
132282
120408
26420.9
101228
63464.3
54002.7
80272.3
66652.8
25054.4
74263.2
106230
76392.8
58183.1
138968
14132.6
69406.5
39219.3
57781.4
140668
85630.2
90755.8
18527
158196
51162.8
27375.9
17472.6
15425.9
66844.9
147609
50832.7
84427.8
18902.7
22357.9
54146.9
50253.7
62216.8
91036.7
141521
61892.8
59947.3
96812.6
39889.3
65865.2
41633.3
19237.6
108330
19328.1
66021.7
49054.5
124818
52380.2
85779.4
27503.4
39211
29295
46650
34749.9
29265.2
65456.4
42514.5
44973.8
46372.7
16246.1
78582.8
136602
39670
57436.8
29218.4
43424.3
25418.1
64039.4
31221.6
87121.6
77950.5
83820.2
55177.9
111728
15588.8
49243.7
57950.4
41178.2
68222.2
36548.8
73316.2
48584.8
69154.4
39121.6
62777.6
45070.9
10169.9
76571.8
121902
68898.9
78523.9
57214.3
30237.6
51181.5
21812.9
53543.4
82561.7
64679.3
63370.7
84352.3
14395.4
44721.2
49796
43750.2
19192.1
52439.9
60157.7
63325.7
35508.4
77073.1
60907.3
31469.8
74481.9
44087.6
46986.2
59131.5
5311.32
37705.6
25080.5
28219.1
38779.6
59019.9
30624.5
63698.9
106930
64788.9
90784.7
19143.6
83436.3
26759.8
46174.3
14093.7
74355.5
12545.2
85483.4
80968.8
30283.9
43141
