6672887
961907
222119
533631
433744
3.38508e+06
1.69573e+06
347820
332827
422299
1.11458e+06
491258
423414
296797
756308
2.06595e+06
668560
514548
207397
364143
912127
386838
68005
244062
180172
564033
1.04789e+06
226877
263649
34550.4
451054
66502.8
429564
204771
222194
196914
786450
277433
111080
287277
19736.9
170769
134483
186582
347508
228875
364541
317973
136047
235373
145914
267081
150369
326096
101940
88311.1
128804
513822
270042
76941.3
133096
53173.7
83324.3
199344
27373.1
57151.8
85171.1
375061
282435
31648.6
53271.4
105521
173405
313349
65266.7
148041
127226
176669
323269
46282.9
142441
108966
111421
79001.7
167831
157531
56978.9
17292.8
232857
35881.5
93018.2
51035.1
85191.3
60841.2
156586
59460.7
127852
97139.5
128054
156199
31466.5
143700
134316
127089
99155.4
113800
139436
104880
216410
72815.4
22975
42954.5
39603.8
77043.4
58031.9
117750
98583.8
80488.7
77192.3
169511
78532.3
103608
97780.9
89811.6
86339.9
165445
95904.2
171030
46375.6
142906
43030.2
88225.9
150263
64859.4
42636.5
66716.3
73929.7
77943
68344.7
130655
34138.2
75520.8
30594.1
59836.5
84912.3
56311.5
208006
30123.6
81140.4
57710.9
137886
95125.3
45446.2
103487
58706.1
8988.62
23565.8
56388.6
41739.6
27710.9
104448
94947.6
34958.1
15816.2
43787.7
59139.9
122175
100962
89929.8
94811
109477
44175.8
83910.8
47963.1
133662
125286
34227.8
132422
46603.9
80815
53467.9
61016.1
29890
52271.3
50871.8
46468.6
64476.6
151081
43042.9
98760.3
113048
72008
58295.2
52171.5
83721.7
91874.7
65469
58968.9
75668
23089.8
51494.9
71342.8
76189.7
53068.2
45511.6
63906
37050.8
45913.9
146922
92221.3
81395.4
133383
63702.9
29632
88692
93303.5
78680.5
97567.7
86141
96987.7
96843.3
38662.9
58461
29137.6
83181.4
45876
19379.4
70836.7
78250.1
93604.2
40230.1
38632
137112
36969.9
46908
31738.1
38722.9
43231.6
35306.6
115843
48648.4
34347.8
87299.2
39885.9
59542.6
114047
44994
45482.7
38259.9
79597.3
92751.2
19953.8
65977
81902.4
23517.3
28387.3
