7815896
254010
174587
839166
408466
4.91421e+06
456989
725859
374258
147684
531939
287108
127981
806305
348618
1.18576e+06
346327
568367
513418
120451
388737
292013
255319
641915
202486
371764
199916
341718
443463
107808
155963
271123
335212
372328
75075.8
302284
222699
200537
269027
162658
11599.5
237850
260165
158666
24498.7
286407
274486
152864
149227
131057
124190
207703
169123
71102.4
50686.4
171894
261247
95171.4
223844
92297.7
164019
149538
122222
57044.2
103362
78281.5
149036
75117.7
258859
87284.5
126858
88525
103901
26687.6
156062
33051.3
84348.3
116428
224180
107571
91533.2
19390.2
65100.1
59638.7
126698
7416.52
153673
133729
119059
114508
71307.6
37553.4
87829.1
98653.6
53097.3
42715.4
172727
111250
37437.8
69992.9
58409.1
72282.4
128962
87731
54164
73342.2
128121
88615.4
78653.9
31079.9
61362.1
63112
126060
79571.4
122633
43252.6
38626.6
54091.7
99522
76749.7
65359.3
36315.4
72025.9
103562
142270
38916.9
42248.1
40546.4
92311.4
75467.2
33040.7
19944.6
7210.94
101166
115275
89241.8
64808.3
77640.1
84423.9
39239.1
9049.47
38221.3
73118
59628.3
65480.6
90877.2
62308
96767.9
67579.2
13900
56604.6
38496.8
108354
36443.9
24782.6
80188
52679.9
86957.2
22137.9
44578.5
89523.2
16551.5
100879
42211.7
8016.67
103409
38997.9
36836.1
20610.4
45610
90784.7
16344.7
71028.5
28186.3
4070.25
143083
24628.5
37406.6
34366.3
9663.59
68790.5
19459.3
31353.5
36793.8
8357.93
134319
53008.3
72294.4
27639.9
36542.3
28675.6
35917.4
23045.5
68199.2
9574.4
83038.3
73202.4
76548.2
57997.6
55984.3
9026.49
40117.7
23133.4
89466.3
32030.3
39527.6
49984.4
45523.1
84628.5
63234.7
28245.9
61288
31699.5
58267.7
49147.8
67412.3
16990.1
8829.24
80562.1
62434.5
24754.8
66898
24809.9
8561.95
49277.5
86598.4
63285
24669.8
64189.2
64135.1
12046.6
56431.3
19853.8
50044.4
25699.1
70520.3
94872.6
26593.6
61053.7
44420.1
24728.7
28159.3
27209.4
66557
50381.2
44584.7
84130.9
29425
83214.6
15673.7
40849.3
33523.7
45194.2
42487.6
78719.4
33152
