0
14657.7
6406.71
14883.4
38203.8
169160
16523.9
10322
16860.9
22725.9
16010.9
13405.6
20478.4
29951.9
2365.05
9989.89
24767.4
22225.3
15989.6
9713.54
21357
37246.3
23430
31731.3
3311.12
18774.1
12831.9
15258.4
20552.6
21917.3
3457.69
26443.9
16109.8
15674.1
18687.3
8014.23
14457.1
9775.69
11291.1
16413.3
8601.21
6131.65
10433.2
8182.8
3495.94
7926.55
5473.3
7869.32
8184.76
12351.3
1101.8
7861.14
7998.41
3524.29
4464.55
9266.29
12625.2
5388.9
4438.78
2400.39
13833.2
8054.87
9338.72
5554.72
12264.2
8492.06
8445.74
6297.62
16758.1
3005.88
3082.03
1968.61
13683.4
10046.5
12103.7
7011.11
4256.82
1657.71
5983.35
14562.5
10462.6
5416.74
2001.47
7873.94
2764.95
1634.62
7741.39
3921.18
5592.01
8169.71
8420.32
6799.42
304.644
2599.18
3892.99
13340.3
8108.58
4935.13
8811.19
7977.01
4363.82
3194.22
3702.09
3052.45
1356.23
5760.38
4091.36
4915.58
7176.96
6136.9
3521.8
638.525
4280.54
3647.52
909.664
6072.74
3062.13
3693.3
2998.6
7324.23
5732.05
10696.5
1412.99
8138.89
1282.59
1879.42
5920.31
446.515
0
1065.78
5332.26
1801.39
8684.1
2778.44
3024.72
8103.7
3780.7
4482.27
1380.91
1839.95
3089.54
5259.91
1623.34
7548.13
1075.9
1665.02
2521.45
1902.17
6484.6
4301.46
2366.05
4681.42
1458.12
6532.54
2216.2
3180.35
400.731
4346.16
1539.94
4571.38
2712.12
2194.82
3229.05
1872.3
2384.36
3482.24
6165.44
5276.46
1752.44
4267.47
1578.01
11442.1
2031.94
4588.36
3049.71
3549.09
1463.67
1999.65
1494.81
414.162
1228.67
7316.81
9763.17
5598.17
4817.27
876.216
2439.12
3302.77
3042.11
6529.12
725.342
8189.91
4277.49
4799.57
5263.28
3664.41
5002.69
2702.62
813.022
1056.69
2924.92
1645.43
1789.97
4769.28
4650.92
5477.52
856.005
1591.86
1666.94
2558.6
3384.61
3910.92
1493.45
1022.61
2404.22
2209.23
2366.78
2207.6
5978.1
2947.91
1444.62
1531.09
6862.06
4931.74
2365.61
382.734
1561.08
2372.96
768.173
334.211
3656.9
1111.22
854.385
3260.52
882.388
1780.31
2335.96
3283.2
1427.36
2007.94
2478.33
8349.6
1319.02
168.772
2282.82
6386.77
1459.03
3425.17
1514.96
6692.03
3166.44
2494.21
2959.24
2297.9
2697.61
810.523
