0
14552.4
6433.16
15084.5
38284.6
171518
16684.6
10380.7
17026.9
23064.2
16057.1
13655.2
20755.8
30489.9
2365.05
10154
24767.4
22260.1
16169.6
9844.98
21835.7
37980.1
23480.5
32221.4
3311.12
19106.8
12949.4
15403.3
20627.5
22249.1
3457.69
26844.2
16109.8
15770
19037.6
8037.26
14705.7
9888.81
11438.9
16631.2
8722.35
6186.22
10503.1
8302.6
3495.94
8025.83
5533.74
8010.78
8184.76
12521.1
1101.8
7949.46
7998.41
3620.92
4517.91
9407.57
12731.7
5419.81
4438.78
2402.51
14076.6
8179.79
9477.06
5636.33
12264.2
8584.91
8557.64
6394.84
17058.4
3032.45
3082.03
1970.77
13778.9
10189.9
12241.2
7172.54
4256.82
1658.19
5987.99
14771.4
10567.3
5536.21
2001.47
7973.76
2764.95
1681.44
7777.57
3917.2
5592.01
8293.14
8524.24
6867.95
304.644
2598.11
3973.41
13422.8
8108.58
5012.03
8910.88
8084.59
4363.82
3205.55
3735.74
3103.66
1356.23
5839.22
4091.36
5013.77
7362.59
6230.85
3569.27
640.273
4280.54
3711.08
909.249
6179.3
3062.13
3768.96
2987.44
7430.52
5776.43
10780.7
1412.99
8259.39
1277.87
1905.01
5911.4
446.23
0
1062.75
5361.83
1827.69
8701.16
2793.56
3055.84
8161.37
3780.7
4541.68
1380.91
1883.89
3089.54
5350.27
1623.34
7679.67
1075.9
1665.04
2521.45
1948.2
6632.19
4382.84
2370.88
4750.82
1458.12
6640.07
2216.2
3214.3
400.731
4415.08
1539.94
4665.59
2712.12
2197.73
3293.65
1879.92
2384.36
3496.9
6225.72
5348.36
1752.44
4311.39
1578.01
11618.7
2031.94
4639.67
3049.71
3613.62
1463.67
2000.98
1494.81
413.769
1228.67
7506.2
9858.55
5698.7
4817.27
873.916
2439.12
3327.06
3042.11
6621.47
725.342
8308.89
4312.87
4861.31
5347.28
3722.27
5002.69
2697.73
813.022
1057.66
2924.92
1675.19
1796.32
4874.83
4683.77
5525.41
858.625
1590.9
1666.94
2603.19
3429.57
3945.63
1493.45
1027.82
2404.22
2205.13
2366.78
2219.42
6064.66
2971.57
1444.62
1520.2
6987.64
4955.43
2365.61
384.793
1561.08
2411.57
768.173
331.308
3656.9
1108.13
854.385
3301.14
882.388
1813.68
2335.96
3337.55
1427.36
2002.97
2478.33
8508.57
1319.02
166.4
2282.82
6494.83
1442.65
3479.73
1514.96
6747.19
3202.07
2532.42
2966.83
2303.19
2717.5
813.181
