8129978
1.0055e+06
352915
1.49613e+06
2.99315e+06
1.18396e+06
867237
1.23622e+06
1.17077e+06
1.65312e+06
756555
247686
830627
2.22512e+06
310010
212593
415926
427674
289365
206457
881011
400507
212519
310607
58910.2
429196
694524
243080
527410
136536
558582
193395
284885
363983
347203
14638
247287
285292
83038.1
195488
186738
537906
175289
462156
123344
210936
420203
377381
169544
256308
203058
213561
123078
76851.7
190252
122552
278619
149224
191951
74463.1
191201
212105
225883
121879
66606
188376
69804.5
81715.4
279786
118812
106642
93502.9
60587.1
155367
63851.3
284283
334011
109662
21569.3
11170.1
104580
200818
138896
59399.7
184707
133185
39222.4
50336.1
107293
73859.4
54853.1
77696.7
88023.1
96299.4
58398.8
66424.8
252417
154290
139422
42991.4
27591
57614.9
163664
125251
35932.3
157991
132060
58895.7
44431.4
194889
37105.8
55764.3
164009
47960.2
16390.2
104475
61544
89823
78776.1
31538.1
78935.3
21489.1
64499.8
88899.4
81315.4
43122
157915
60769.4
31879.9
84660.4
98204.5
161517
108545
61475.9
111082
90829
71844.6
60087
39607.6
104282
76504.8
49039.3
50396.3
136759
102591
95139
84986.4
66511.3
66759.6
98234.7
93875.4
49838.5
142221
22632.7
98682.1
102534
19802.6
38799.4
74210.6
89234.5
81118.5
127562
24076.8
77829.5
96384.6
87980
87289.3
170835
105525
48005.7
75059.7
99208.9
30644.4
62136.5
37980.2
57687.9
75921.3
20305.3
87138.7
49660.3
75519
46859.6
50048.7
59459.8
69997.7
78683.5
35257.4
105495
58341.4
116930
72468.7
39632.7
59436.1
102022
45482.7
30363
49040.7
23338.1
36008.2
37933.6
98893.6
84231.3
56509.6
51707.7
53927.9
78579.2
84360.3
71610.4
28418.6
28051.5
69199.6
36295.6
57519.8
40683.2
89820.4
82403
47373
38463.6
71049.4
25595.8
116238
44403.4
22378.8
133134
33308.1
79197.1
59126.1
59851.8
28020.3
36577.6
101445
69899.2
78314.4
39246.6
49052.1
121703
85706.5
89232.6
48453.9
13133.7
26479.9
64987.8
67292.5
8493.56
31216.3
86729.1
65466.6
74782.6
102706
76982.1
45260.7
66873.2
69800.7
12964.6
26430.4
21633.8
