7646507
373849
218455
669781
2.50437e+06
149967
1.10728e+06
1.0228e+06
412449
365167
1.06642e+06
522438
1.06292e+06
3.23823e+06
562829
1.13732e+06
331247
1.27045e+06
340532
526066
498884
856691
605368
200771
284964
412601
391470
568177
173120
206708
798183
452920
349378
145469
646855
119691
58204.6
178207
366847
214369
91917.8
106111
202788
508092
230575
162593
251119
39539.3
185497
165919
170487
387719
259042
156969
384438
150618
213255
189747
108586
145702
316107
283301
247686
230373
143834
198198
194236
85340.3
380898
101484
214796
230871
205948
280761
168669
125914
71040.8
67726
99545.4
166986
57921.8
123173
151296
123865
129757
144399
257984
122121
118953
53759.1
153213
106127
199259
66661.8
101449
44310.7
139875
192470
172819
161299
130778
132656
88249
116721
56687.1
163858
124631
222379
87277.8
174536
49314.9
35096.2
146554
138665
125739
64801.2
173313
152113
79006.2
100928
42242.1
13422.1
56388
12426.4
172556
194874
98220.7
91872.9
32674.1
187722
35156.2
60491.4
91059.3
129431
33727.3
66369.8
97910.3
97312
45629.5
179997
89465.1
107176
110449
73291.6
179766
47633.4
39449
53172.9
65743.9
117995
94112.2
70302.7
80082.2
31900.3
154471
109022
92404.6
90829.8
50334.7
94137.5
78806.5
71667.5
110860
112628
102444
65976.4
75864.9
113999
77288
33734.8
68749.5
39546.3
239467
17814.8
13549
49259.5
103265
89989.6
90216.8
94016.6
78224.1
83725
89020.5
76816.7
31222.9
66977.7
64896.5
79271.7
42508.6
94491.1
70292.4
51892.2
45156.2
75534.2
129318
34474.7
120245
90345.3
84574.9
67077.8
45210.6
60278.1
113858
46762.2
147021
55458.5
61149.3
43796.1
73359.7
111590
62538.1
137732
14389.3
50425.9
33890.3
77611.9
73812.3
48303
156423
93103.6
113471
85146.8
69344.3
79226
97594.4
19041.3
61986.6
95075.7
28798.6
15457.8
100650
52884.2
38425.6
64182.5
74337.6
45003.1
25771.3
76941.7
22451.8
107665
80042.8
103115
79082.3
79384.5
40616.7
153609
84866.8
48225.9
78315.1
9793.42
118985
115865
16911.6
69396.2
41267.4
77070
