7774656
559527
399337
699321
245804
4.81235e+06
174203
524112
195697
665306
495860
354111
455469
654420
359505
1.18705e+06
118735
388777
88601.3
582435
353220
179052
390828
443510
421753
335779
22397.8
389303
42044.4
388244
230735
155793
298384
223468
440776
150706
92205.7
450345
47113
106891
174115
68855.1
109198
57505.4
300656
180971
102776
407092
134377
133167
139775
67641.4
46858.6
40931.2
124507
188543
57192.9
280816
169139
205603
88128.7
171563
46186.4
50418.5
20203.7
155614
146304
145037
119609
176672
39271.3
183112
29280
103455
55366.4
110925
219389
104369
16884.9
105471
44989
112478
79334.3
116289
34905.4
58068.3
217008
97525.7
84173.2
79909.2
134873
21735.1
74167.4
56539.2
36070.2
31350.7
138460
86902.1
112689
60817.6
190573
63896.8
27476
8893.11
45037.9
30093.3
74718.2
84902.8
89685
43807.9
181569
77008.7
34399.1
43851.9
25799.1
80270.4
83031.3
98745.4
91336.6
31158.3
101427
56276.7
62676
43564.6
51363.6
106183
88558.9
111048
98315.3
25494.8
29233.5
34209.2
81334.2
19381.4
54600.3
94360
79536
101347
68268.5
36218.5
83112.8
27500.3
118421
3896.94
18359.4
70459.2
61875.6
63362.5
38535.9
27155.3
98092.6
28247.4
135377
16190.7
67634.4
56971.6
31206.8
26720.1
59406.7
14477.1
79381.1
9762.6
103890
33204.7
113798
43125.1
43201.1
30168.9
60362.8
61767.7
57741.7
34593.2
51182.2
29418.5
111550
24666.9
63638
35428.6
45099
86262.5
37380.1
80446.4
58570.4
6467.62
75862.2
15793.5
41595.5
55047.9
38686.7
71909.3
31947.1
94754
77437.1
47425
45519.4
38622.5
25821.5
70494.1
31040.6
36747.9
45257
63416.9
70973.1
68081.7
29523
70613.7
73272.3
58034.4
47373.8
16230.4
37756
15663.6
56131.2
59821.2
19685.9
76266
92550.6
25835.5
75980.7
28680.4
11774.3
48517.4
50552.9
53483.7
37795.6
38617.1
77157.3
8643.66
80941
52554.7
23106.7
59545.1
57236.7
65813.5
49950.2
27618.1
49303.2
36115.8
58821.6
67119.6
22729.5
38233.2
59968.5
53988.7
44818.5
84152.1
36073.1
76259.1
34127.8
49848
15445.6
10163
44107.2
19536.6
34524.9
101612
