7819707
118924
383009
257342
254890
4.6269e+06
144853
55455.2
407582
83726.1
402324
160859
287852
433168
230382
1.26925e+06
185355
200668
236335
140111
405427
220181
470114
454895
230372
753027
314156
197164
140614
93525.1
538785
414260
386216
203491
84949.2
260489
163489
167916
260491
111680
383437
355209
330771
198245
49474.6
128757
33545.6
52646.5
29567.5
104844
117788
140623
332122
261119
176096
178547
72357.8
45350.8
285707
176026
33231.3
184162
263393
120820
160543
97423.8
174060
22677.8
350474
184528
56921.9
215707
115892
138343
142065
167707
293778
85024.8
235280
65299.9
139014
86560.4
118767
166183
247011
137861
210914
106259
170124
191200
103716
106224
88444.5
60710.4
174955
155517
37027.2
70481.3
247391
191376
34146
121330
147969
74590.6
116879
123264
49334.8
39338.6
163812
35900.3
109160
139432
210276
54751.3
89077.6
89749
76758.1
93550.4
55436.5
199843
170432
117382
138250
12009.6
31567.8
81592.1
149208
97673.4
32545.6
189910
210662
13861.9
22120.2
33159.5
110737
45176.8
155012
64754.8
50730.9
45056.3
146407
66283.9
22566.1
23308.4
103158
84076.6
79004.3
39141.4
76582.7
101222
77076.3
73487.7
67997.9
52928.8
91739
116502
15753.8
54891.5
80001.4
91826.5
67074.8
22007.6
163653
102078
110860
77806.3
77498.2
75019.6
64700.8
49363.1
18957.4
60266.3
176058
94170.7
84403.1
27010.1
72984.7
69716.1
78507.1
73247.1
77231.7
109607
125822
43829.5
40099.3
75138.8
56183.9
73688.8
103291
60811.6
79741.1
85950.1
84571.2
95140.1
65343.1
67509.5
87799.1
95986.9
104367
13506.4
32808.6
13649.4
73051.7
93368.4
65304.9
79178.5
111738
109480
76064.2
72180.8
28789.1
68354.5
90733.9
55029.6
59382.9
90693.7
76875.9
118015
54884.1
94658.7
41244.2
71711.3
60337.2
81172.9
127552
40812.2
15035.6
74806.4
93986.6
32527.7
41602.5
18876.6
39270.3
88613.5
118839
48419.2
32385.5
59066.5
52345.5
58577.6
9211.8
42565.2
73926.3
54596
44313.1
23759.1
42263.5
115733
62931.8
76111.1
43792
67589.7
70896.7
27515.1
92668.2
74681.2
