7934385
735305
478948
635082
3.06454e+06
890640
694747
1.67877e+06
1.45044e+06
826586
1.84133e+06
559043
507331
1.44076e+06
765160
414692
320368
1.79501e+06
916990
477291
48669.8
355708
48113.6
233941
477186
455956
521128
208347
659407
158032
453535
450185
320854
175489
516194
190901
306626
502613
495636
296371
302935
434213
222102
107919
168936
49022.4
171930
129951
89476.5
110848
254254
242682
228986
107335
275980
117295
233531
268571
117661
72140
81150.6
169414
184318
311261
122025
213353
291347
148865
238214
149379
114930
88044.9
95082.8
182648
114080
272945
139925
162385
156410
78080.2
52700.8
56782
144115
80970.1
95428.4
139470
126356
302018
81364.8
139898
39174.3
55018
203285
96838.7
37561.6
149029
60122.5
117592
79693.2
102434
46109.2
113849
98549.2
73148.5
21440.4
139510
117346
90495.3
229285
173392
86954.9
117914
185215
41998.8
152379
91984.9
84359.6
77626.6
246272
34344.1
49059.5
57467.9
66543.9
60177.2
73284
90009.2
92898.4
91339.8
65610
93910.1
103120
101959
130439
103916
133960
123888
37736.4
108673
45954.3
95311.2
88405.8
36006.8
123013
128457
92583.1
49226.6
52408.7
72904.7
51474
64069.8
37203.5
136538
30284.1
28640.2
56460.8
27669.7
98621.7
61458.3
63672.3
46888.9
122107
121950
72345.4
177043
42203.6
107730
57806.6
89167.8
21201.9
31040.4
88671.6
35670.7
82198.6
28710.6
85594.3
104758
103479
130528
30564.1
16129.7
41998.5
123583
59487.6
55214.5
24220.3
107821
36987.1
103220
50598.3
94534.1
21248.6
34255.7
183684
53806.7
115588
32272.9
81580.8
36011.4
90606.6
31301.1
63592.1
67753.5
40477.6
40272.4
84310.4
87659.2
80906.6
40538.1
90966.7
37147.3
41083.4
43951
106773
62891.5
30184.3
90199
53076.7
12250.5
66762.4
53591.6
112040
113477
44741.3
15769.5
46555.7
53097.5
102806
32884
28413.6
62974.9
65620.8
86435.2
78873.9
119700
62824.5
67744.3
32423
84815.2
48060.8
80481
67120.9
9283.82
90269.7
145428
22724.2
31861.6
18310
63442.5
25983.7
51885.7
40514.6
69822
134102
77315.9
72059.7
51271.6
