7725238
236359
324922
652250
303993
4.97082e+06
340649
489027
589147
388250
652051
135858
175012
740023
148997
1.05924e+06
369145
296488
737947
499415
535968
70455.9
304085
602283
157179
265116
258694
54962
609866
457215
413284
153836
295354
369858
244432
220389
167420
68321.3
343333
400189
218198
226940
147219
113995
219840
111859
206326
150571
173004
268651
44623.7
305004
108588
65066.5
179960
44811.5
201214
195834
289904
186314
52945.4
294620
160899
109525
139658
136912
100742
199483
294427
142206
63045.4
204403
148579
40689.2
98309
113335
38209.6
166237
202872
128312
71400
134474
44310.2
24553.7
81203.5
50724.8
143243
108552
136137
117440
100972
142272
73443.1
48174.2
51500.8
73565.5
158916
88841.4
155229
89051.1
105620
137525
112947
58067.1
19992.4
74519.8
114438
100928
135895
23818.3
90795.6
65693.1
110321
102238
49056.9
20012.7
82699.4
100315
62957.9
21665.2
82801.5
33522
98497.2
113948
75490.5
60332.2
89773.3
88537.6
33134.8
31453.6
47114.2
65404.9
83748.3
66811.8
76826.4
63378.9
110086
68401
85660.3
35556.8
35877
46309.1
28045
27368.7
67740.9
33573.8
131774
79584
107040
56783
62518.2
6631.46
36387.3
76522.7
70427.6
28604.5
115158
85883.6
100207
54121.5
60224.1
59268
86140.5
85605.5
66391.3
39784.2
67322.8
64551.5
78626.9
16359.6
17062.8
74406.4
101230
38367.9
47572.7
14176.5
67457.8
41400.4
79294.7
39911.3
49717
74350.2
88856.8
19787.4
26420
57159.3
110100
36406.4
115665
50881.3
83767.7
55165.6
73297.6
27638.5
29568.9
99808.9
100468
51341.1
117897
25225.5
78134.5
11729.4
46333.9
19361.3
43757.8
94098.6
55858.3
67005.8
71621.4
34193.7
30771.6
23114.6
20961.2
80486.6
31867.2
58617.4
70858.5
83414.6
13233.7
67008.7
17733.2
38589.4
18933.2
107204
17608.7
57128.7
89127.5
93775
36104.1
64181.7
30936.9
33040.5
10625.1
80567.4
41120.3
80241.9
59734.8
94799.7
39550.2
43247.7
25268.7
35018.3
22649.2
25804.6
55159.7
78824
23897.4
85778.7
13995.3
49075.2
29703
59642.6
30295.9
36818.1
42655.5
80484.4
