7158789
852506
321826
764332
374856
609729
650670
2.02379e+06
2.55641e+06
2.51076e+06
2.079e+06
576940
680115
211926
572817
376063
444385
1.26773e+06
275192
472343
165287
237495
167042
348376
703341
393224
350225
630362
390370
387023
253679
347261
146961
269897
553577
286509
468312
182526
366120
582693
238001
256210
344400
228350
284282
83312
348319
68281.9
152071
241700
198333
266217
145545
313527
136468
191542
170400
133048
210561
62132.6
195882
444383
127926
303915
59895.3
111196
194384
203000
180931
73142.8
63611.1
196633
36562.6
125482
74314.2
157678
169013
77067.6
179009
144341
193629
75519.5
93608.3
138647
51944.7
37144.6
306933
221471
123764
123207
70884.9
65984.3
54850.2
118385
78160.4
129167
42657.4
13861.8
58489.1
90735.6
69809.7
63443
256686
177912
56460.4
166007
93341
61211
150153
97122.5
75305.2
81545.7
150410
76052.4
105879
96759.6
110885
107260
39250.3
53461.4
163618
115650
106798
77151.8
172455
123761
91627.9
100197
367.822
61499.5
124788
68599.1
31685.6
126298
183810
77415.2
116110
65185.4
55361.3
156780
47237.6
40167.9
65469.3
89981.4
39849.2
56737.7
134145
90487.7
98524.1
75350.7
27046.6
17252.2
132952
80960.9
88583.1
87305.5
95417.2
103021
172264
19515.1
47587.3
90638.1
45367.2
45054.3
47560.7
30916
44183.7
18280.4
58454.2
30871.3
76958
66480.8
37514.2
153871
139823
47019.8
67367.1
44085.8
22608.1
75966.9
38454.9
109576
63699.5
82040.3
86604
90088.8
34320.6
43943.3
99234.3
44930.9
87820.8
59339.4
49631.1
84620.8
49722
49140.3
64580.9
82178.2
87526.7
72503.5
33301.6
125692
55764.5
156265
19996.3
47667.2
37809.2
83022.9
75752.6
27365.9
85708.8
69983.8
102585
29906.4
78222.3
56471.7
74416.4
85934.4
107642
73294.6
42749
13438.3
61978.8
87898.7
35786.1
54618.4
102284
98289.4
3042.28
112356
77324.3
43960.8
90663.3
90206.5
88012.5
34843.3
56822.7
79420.8
28293.6
73482.5
53003.8
28487
33927.9
24047.5
94824.9
103863
75081.4
91880.8
25772.4
57867.6
8515.55
14876.5
107224
104900
56715.8
23041.6
