8288300
918296
130155
1.15154e+06
2.60096e+06
835424
395098
1.81895e+06
1.32512e+06
805009
1.45869e+06
940874
727144
2.08669e+06
153690
223440
366660
1.91695e+06
237720
628577
480907
500431
327711
373331
653261
802905
27329.7
308197
336313
380684
339693
374064
124132
225900
513717
541807
290309
229406
726102
281507
198874
301007
381196
135085
324017
136571
115493
225640
148015
253991
138626
180296
82426.7
183314
328623
15631.5
164556
40750.9
223163
294638
142184
152945
195621
88449
407110
185117
77183
116361
292937
153527
98927.1
36810.6
230730
162587
128072
140359
120176
51721.7
201881
28014.3
185792
153701
89185.5
50958.6
150507
222446
243454
83569
139818
171024
76109.6
155429
103708
178464
107867
90384.1
43417.1
140738
88566.9
121518
203328
169814
187030
33398.2
55062.1
93920.6
148733
179163
131856
66477.2
88978.8
132216
119051
128290
133483
65921.6
103915
157901
38127.9
116637
81827.7
103948
115465
91780.3
51404.8
88893.5
47144.3
152809
117876
60560.9
64294.9
67292.7
166764
118213
64672.8
151848
87017.3
116450
56588.2
53895.5
180302
41013.9
122050
149899
92737.7
87117.1
30711.7
93745.9
122601
19239.7
76120
33789.9
94989.9
59511.5
127783
51774.9
49122.7
11028.5
59644.7
51673.8
80776.1
72411
105736
158395
32637.6
111089
99372
92003.1
79266.1
52651
18470.1
59410.2
85085.5
114390
52867.2
32942.7
97228.2
115142
69681.7
42283.1
99141.8
88259.9
54143.4
65346.4
155744
41321.6
66489.8
126264
93583.3
69002.4
51823.1
41053.8
89841.8
166908
86531.6
123922
48287.9
47473
82726
45228.8
92566.2
56801.4
69984.8
70212.1
52483.3
81843.2
29005.2
13272.4
88741.3
62581.4
24190.2
55960.2
27791.3
43821.8
176551
60206.3
38324.7
67810.1
18697
19085.2
118838
52939.3
69588.8
22611
98191.5
140748
35170.2
38184.8
45299.7
61577.7
13256.5
73096.5
76911.6
85884.5
44914.4
69971.1
102755
22977.2
23657.5
71289.2
25324.7
85891.5
21223.3
170382
72069.9
47707.3
72120.2
124811
81240.2
35244.4
84978.3
65240.3
72230.5
70893
90283.3
36622
