0
14353.4
6008.91
13506
37599.5
150127
15341.6
9661.4
15528.5
20065.8
15529.2
11516.8
18247.2
25628.1
2365.05
8573.75
24767.4
22033.8
14443.7
8642.69
17514.9
31639.2
23021.3
27874
3311.12
16118.3
11968.5
14071.9
19958.5
19300.5
3457.69
23223
16109.8
14885.9
15923.4
7609.12
12531.6
8927.43
10216.2
14585
8340.62
6099.68
9922.86
7287.56
3495.94
7120.7
4988.85
6690.48
8184.76
11024
1101.8
7065.86
7998.41
2881.52
4078.04
8089.33
12445.1
5339.62
4438.78
2402.51
11839
7069.44
8328.66
4963.22
12264.2
7623.55
7541.82
5525.13
14443.9
2900.23
3082.03
1970.77
12792
8790.71
11064.2
5688.89
4256.82
1658.19
5987.99
12980.6
9780.4
4602.07
2001.47
7090.74
2764.95
1629.73
7335.87
3917.2
5592.01
7274.93
7514.23
6206.23
304.644
2598.11
3347.14
12697.1
8108.58
4305.81
7972.27
7012.45
4363.82
2993.04
3680.12
2607.53
1356.23
5054.19
4091.36
4162.13
5845.78
5376.91
3287.8
637.195
4280.54
3113.52
909.249
5209.48
3062.13
3164.21
2987.75
6443.68
5732.05
9981.84
1412.99
7218.84
1282.81
1758.22
5630.72
460.831
0
1034.7
5266.4
1637.18
8559.86
2512.92
2777.49
7520.33
3780.7
3924.01
1386.64
1580.55
3089.54
4516.56
1623.34
6509.73
1075.9
1665.04
2521.45
1649.05
5276.26
3644.56
2370.88
4094.37
1458.12
5634.67
2216.2
2986.24
400.731
3846.36
1539.94
4026.99
2712.12
2117.5
2671.71
1879.92
2384.36
3165.94
5488.23
4643.51
1752.44
4048.66
1578.01
10123.8
2031.94
4161.25
3049.71
3043.05
1463.67
2000.98
1494.81
413.392
1228.67
5954.53
8897.32
4893.44
4817.27
873.916
2439.12
3239.96
3042.11
5761.79
725.342
7328.45
4275.76
4360.35
4661.16
3224.97
5002.69
2700.01
813.022
1056.29
2924.92
1444.39
1796.32
3911.22
4606.8
4966.4
858.625
1590.9
1666.94
2119.41
3368.16
3476.74
1493.45
1027.82
2404.22
2205.13
2366.78
2113.17
5361.24
2730.55
1444.62
1520.2
5867.57
4681.07
2365.61
382.845
1561.08
2054.33
768.173
335.121
3656.9
1108.13
854.385
2905.11
882.388
1458.37
2335.96
2863.08
1427.36
2001.64
2478.33
7159.77
1319.02
167.601
2282.82
5504.11
1464.33
3016.11
1514.96
6273.77
3112.82
2184.82
2920.36
2038.1
2655.22
794.944
