0
14606.7
6485.48
15505.7
38470.7
177300
17023.3
10584.1
17434.3
23881.5
16199.5
14233
21455.5
31833.3
2385.59
10585
24947.1
22302.3
16633.4
10180.7
23040.7
39745.1
23602
33388.7
3311.12
19937.8
13206.8
15771.8
20736.3
23065.8
3517.79
27818.8
16109.8
16017.2
19917.7
8123.89
15295.8
10169.4
11786.8
17187
9051.8
6258.07
10673.2
8581.92
3495.94
8282
5683.27
8383.2
8184.76
12930.4
1100.77
8157.49
8125.77
3839.09
4624.57
9786.68
12979
5428.68
4474.38
2419.38
14673.6
8469.84
9787.39
5777.63
12278.4
8844.18
8814.96
6644.49
17802.2
3110.66
3170.1
1970.77
14016.4
10607.8
12580
7567.01
4269.2
1660.51
5993.99
15255.4
10876.1
5787.85
2001.47
8205.78
2764.95
1731.61
7897.8
3955.84
5652.4
8606.8
8787.82
7023.44
302.536
2618.93
4149.12
13616.5
8108.58
5224.39
9190.25
8374.58
4381
3282.74
3822.53
3231.35
1356.23
6069.02
4109.1
5242.15
7790.2
6458.25
3674.27
637.64
4311.52
3881.77
925.577
6438.23
3062.13
3959.65
3014.4
7690.19
5917.9
10976.8
1430.61
8542.11
1304.9
1972.5
5970.08
437.321
0
1079.08
5416.18
1857.88
8751.55
2909.64
3120.06
8317.26
3825
4704.2
1411.23
1982.39
3089.54
5587.88
1626.89
8033.81
1075.9
1675.23
2536.69
2036.38
7028.48
4602.72
2391.16
4892.37
1458.12
6937.71
2218.81
3296.22
400.36
4575.45
1539.94
4843.5
2712.12
2250.44
3426.41
1897.94
2384.36
3583.86
6422.04
5554.4
1758.55
4374.41
1596.71
12028.2
2039.47
4775.53
3080.59
3762.21
1463.67
2054.86
1511.12
411.36
1240.34
7943.87
10102.8
5916.65
4831.89
862.473
2436.56
3388.32
3052.74
6869.31
743.234
8545.12
4780.76
5013.24
5522.89
3842.67
5004.92
2733.31
810.177
1055.8
2926.91
1734.84
1796.32
5176.09
4805.33
5678.78
863.478
1623.9
1666.94
2715.26
3527.57
4070.98
1493.45
1029.66
2404.22
2231.28
2366.78
2307.51
6224.01
3059.41
1463.72
1520.2
7318.27
5022.68
2365.61
392.604
1587.76
2473.78
771.586
332.08
3692
1112.77
854.385
3445.5
918.033
1877.2
2366.61
3474.61
1446.65
2008
2478.33
8888.93
1318.23
168.582
2283.62
6774.72
1493.47
3601.33
1514.96
6860.13
3249.14
2622.16
2971.22
2311.66
2775.82
819.352
