6688050
375507
154315
901111
2.63538e+06
3.14204e+06
1.31665e+06
925086
567371
1.70839e+06
281746
696132
386661
630171
186088
159233
340239
237106
1.55824e+06
156868
24427.2
325024
111298
158806
232111
208184
194709
536135
352024
193771
217744
218686
446825
361759
185432
371549
116204
185161
141738
236027
510253
505758
199468
104522
201760
229827
193094
162071
155682
183025
210070
207185
140580
59049.8
210735
130432
144870
72599.3
247177
244509
44369.6
83658.5
137721
366028
48813.2
114635
123517
151341
138233
160760
128390
95943
44846.5
54430.4
112321
26344.2
143431
172361
127025
212157
127800
131310
83731
96866.3
99093.9
84251.2
248389
79475.6
40365.4
113035
183710
123341
94871.7
56584.6
58728.5
72494.4
98692.2
126160
55674.5
100583
90513.1
55887.6
224784
217987
97584.1
64201.5
32718.5
112421
103247
165598
103411
53882.7
60562.9
63040.6
215376
28202.4
30709.4
62269.9
52485.8
94920.8
108181
39354.8
55092.4
57733.7
130720
135714
182454
60837
820.419
103452
104500
121043
13370.2
109050
103127
43415.8
49898.5
117194
66344.2
42458.6
38019.9
81178.3
113224
28803.6
44627.3
87022
26740
108677
79974.5
82918.6
4990.97
102507
30886.2
125534
82993.9
94536.7
41641.1
71411.2
62405.3
71634.1
125086
17184.1
44248.7
62051.5
72918.7
134147
45481.3
59951.1
20318.2
46401.6
92451.9
72912.6
55005.1
31476.2
99399.3
121384
79379.9
34856.1
37340.5
37874.1
35676.8
50474.8
140566
86153.1
68285.3
33007.6
95697.5
95232.2
72081.2
41237.6
17200.8
59627.6
42455.1
100423
83914.1
29515.1
68948.5
33336.2
112823
25056.6
15764.9
33738.5
43565.3
26917.1
43901.2
131244
22849.3
51098.7
17126.8
22543.2
127332
46068.6
35279.6
53153.1
28935.4
35398.6
71110.2
45688.7
58000.5
86965.9
18721.4
67981.1
21085.3
36225
22594.9
78978.6
58135
66356
63756.6
25398.9
48409.6
11006.6
44502.9
57295.5
91763.9
13314
60036.4
66221.2
70073.4
22980.6
42552.4
94061.5
42351.5
63030.6
78622.1
35738.7
68982.1
7701.42
26067.2
89244.6
62189.3
96386.8
74822.2
14563.3
10403
54225.3
