0
14631.1
6331.97
14527.1
38059.2
164533
16233.5
10158.2
16524
22077.7
15898.7
12938.7
19938
28884
2365.05
9651.78
24767.4
22209.9
15618.6
9435.01
20393.4
35877.6
23339.7
30797.2
3311.12
18117.1
12648
14941.8
20421.5
21275.8
3457.69
25646.2
16109.8
15482.1
18015.6
7922.97
13987.2
9567.72
11005.5
15990.8
8377.76
6103.51
10301
7967.4
3495.94
7730.94
5350.37
7556.19
8184.76
12037.8
1101.8
7656.73
7998.41
3353.58
4373.9
8987.01
12445.1
5376.87
4438.78
2400.39
13336
7833.3
9093.08
5421.29
12264.2
8300.98
8231.75
6107.89
16170.7
2940.14
3082.03
1968.61
13476.3
9751.05
11855.3
6675.76
4256.82
1657.71
5987.99
14178.9
10209.8
5234.38
2001.47
7652.34
2764.95
1628.78
7661.59
3921.18
5592.01
7975.4
8193.52
6645.88
304.644
2601.75
3750.95
13214.3
8108.58
4800.63
8608.38
7755.48
4363.82
3149.04
3680.12
2947.52
1356.23
5610.77
4091.36
4730.1
6822.66
5959.18
3405.78
638.905
4280.54
3515.51
909.664
5861.17
3062.13
3580.24
2988.13
7152.58
5732.05
10520.5
1412.99
7923.07
1280.55
1845.95
5822.32
451.018
0
1055.53
5269.49
1745.91
8654.08
2716.47
2994.32
7970.51
3780.7
4330.06
1380.91
1783.59
3089.54
5069.5
1623.34
7293.17
1075.9
1663.01
2521.45
1832
6177.27
4132.15
2366.05
4534.58
1458.12
6304.2
2216.2
3115.05
400.731
4226.17
1539.94
4445.18
2712.12
2166.37
3094.08
1872.3
2384.36
3404.18
5999.24
5089.79
1752.44
4197.87
1578.01
11102.3
2031.94
4478.61
3049.71
3427.41
1463.67
1999.65
1494.81
411.209
1228.67
6955.14
9564.69
5425.04
4817.27
876.216
2439.12
3241.11
3042.11
6331.24
725.342
7988.36
4275.76
4711.57
5135.44
3553.21
5002.69
2702.62
813.022
1056.6
2924.92
1606.02
1789.97
4546.07
4606.8
5330.94
856.005
1587.48
1666.94
2443.82
3368.16
3810.58
1493.45
1022.61
2404.22
2209.23
2366.78
2135.87
5825.26
2865.49
1444.62
1531.09
6611.01
4854.27
2365.61
383.402
1561.08
2278.32
768.173
331.887
3656.9
1107.94
854.385
3190.42
882.388
1709.25
2335.96
3173.07
1427.36
2009.93
2478.33
8059.77
1319.02
169.047
2282.82
6140.89
1464.33
3350.63
1514.96
6588.16
3112.82
2437.02
2949.61
2248.09
2682.09
808.97
