6159340
841239
2.01915e+06
940016
537442
2.28369e+06
707283
2.84543e+06
871255
345175
1.16416e+06
508331
649164
1.05204e+06
786053
737843
229957
308490
285692
400459
588366
466125
216627
311430
412961
582784
172216
401336
773981
177643
351204
153892
97995
474141
479599
89871.7
65861.7
355964
166114
180663
42690
192441
404700
148298
65904.2
277301
423898
243925
315827
233646
273573
270117
227511
105797
156543
161925
102061
211559
104179
225415
90762.3
144674
178603
161694
99552.6
79164.8
254921
118626
19518
219922
52971.2
191176
172901
95898.2
194777
252002
168516
183225
140623
38363
132884
99544.2
60572.4
47483.2
37324.1
38301.3
127439
134153
116311
53147.8
97566.5
141294
233272
118217
169235
66361.7
97343.7
20606
100224
91794.6
106730
59997
52614.9
9479.64
55837
101374
231255
117905
79894.7
146615
81636.9
25713.4
114603
157007
20216
36556.4
94173
20535.4
62475.6
79939
51133.6
12861.9
125050
23295.3
113545
54087.8
70556.7
199315
32550.7
42578.4
92726.2
32196
32915.7
54163
65272.7
73105.6
130179
79711.5
52534
73930
31045
32597.9
63797.5
34448.8
37433.7
144032
69169.8
82150.6
71003.7
37037.2
60382.2
60719.9
34272.8
111221
29354
79599.1
16794.9
98351.7
72027.4
57823.6
32677.3
34431.1
89696.3
42263.5
34044
85326.3
94963.8
100260
103122
61986.5
115847
100457
81540.2
25046.2
42629.4
66310.4
110923
89464
8045.82
51786.5
61294.9
63580.9
38965.1
60808.2
60601.3
49724.8
132828
54003.2
28798.3
124015
76847.2
62621.7
52317.5
50996.4
33331.9
123739
70015
121581
61363.5
35883.9
28110.4
52262.6
108362
53318.6
42423
70417.1
78160.2
42920.3
7486.78
73545.2
19405.8
80229
64843.4
28788.9
95124.4
51174.1
96340
34798.8
18432.2
28194.7
62679.4
36068.3
58652.8
81012.1
18664.2
48322.1
118027
96117.3
56216.8
48458.6
26381.1
50987
52533.3
64919.1
42666
44234.8
24906.3
20895.9
74544.7
53976.2
25042.5
77103.3
82025
32899.2
63453.8
54304.4
80784.4
108995
48805.3
51325.7
39507.8
17701
30930.7
39112.3
38544.8
7867.12
