9969725
523188
571967
440504
377300
615523
365555
401930
222453
86333.1
146026
540624
509890
774710
308203
174382
170769
493193
546898
625044
784705
593268
533184
430980
321470
339801
161489
328332
134783
89164.6
317908
1.38773e+06
3.51317e+06
146072
111375
160231
326912
108602
680831
459554
501499
114022
184810
36507.3
210097
617723
183749
156596
146477
273736
498502
789137
241922
480352
186110
343497
186242
670216
140348
250542
117634
252159
139082
699677
347277
137466
431579
293891
318554
191987
348795
334970
352871
169079
360556
112222
244947
146845
221221
290352
259652
205953
564508
452687
364750
135812
9976.49
91860.4
123180
555819
500052
96246
291737
198526
139688
343175
234209
170927
146315
253885
119413
62969.7
290822
255900
76332.6
307232
158626
169511
177337
207949
34466
302073
14806.4
149419
170780
120013
262762
64178.2
249457
111825
129093
111922
151594
82354.5
125588
292698
348634
181755
145968
302867
49216.2
194905
168778
191716
215720
61051.3
141937
108451
106478
160142
51831.3
42418.3
214998
257737
61978.5
104393
154507
316376
52641.7
154449
132960
112366
150915
212559
176054
65334.2
123643
193021
128208
194086
122269
74766.5
111480
65084
214068
179202
190779
151359
108551
146648
70846.6
203750
198345
85557.1
167819
94024.6
93844.2
52998.6
73172.5
5753.95
126461
165313
69014.5
147541
119764
246207
97949.1
83797.5
159526
195769
214588
181936
88227
49333.7
146797
199960
194748
71656.5
117995
23947
91790.6
185246
68511.5
66407.3
97360.8
44186.2
340570
186040
210310
47798.7
90820.5
149349
153771
29048.7
51529
218323
185274
33343.8
120909
40460.9
223265
38118.7
173151
21313
156719
98555.5
131078
79042
50446.9
105571
134883
111266
92726.5
219532
125008
239336
45552.2
52770
167544
86533.6
167073
39668.3
117197
104512
106144
220797
192596
52654.7
12006.1
154636
118045
184169
147292
47817.6
147719
135959
