7937705
196055
866069
665380
754164
4.58276e+06
735873
173931
1.00326e+06
178308
519646
247036
487498
841006
530784
856197
400385
319422
708171
317302
484998
217315
221861
615918
270585
225676
303904
381791
273319
352752
204731
275956
170577
184673
165460
160585
465898
312721
207886
143794
61027.6
217820
113166
223226
218266
182659
303496
224865
141281
69404.9
44096.9
125308
46461.4
249771
323299
91271.9
68973
36818.8
116468
37184.6
118633
132977
127161
192713
271406
152211
89882.5
170748
140943
81883.5
54835.3
51454
111387
86171.3
163768
131837
140863
171443
28518.7
149192
138208
54717.1
32306.5
36837.4
108182
59850.6
205111
42282.5
118553
87872.1
214070
31293.7
39297.2
46501.4
114459
99788
175155
25312.2
58566.5
23145.2
109483
89046.6
70388.4
115668
132090
32196.3
95220.9
19409.6
73680.5
67891
69268.5
120330
120972
124756
123355
58477.6
61211.9
71072.2
86811.4
42968.4
53347.6
66010.4
117995
73199.6
79336
130602
44440.7
33458.7
46061.6
43908.6
52024
67923.3
116778
53555.4
33792.2
155417
31155.6
40403.1
89643.7
112932
94276.1
44732
101688
33417.4
36160.8
97894.9
37885.7
52948
61049
116304
17501.8
20968.6
24810.1
129548
84701
58513.7
39085.3
42434.3
81669.8
56253.1
77859.6
14036.5
84468.9
131224
94451.6
79354.2
20458.3
39704.4
80480.1
37085.2
47481.4
58584.5
50765.3
60378.1
39111.6
93265.6
55695.7
54413.7
42964.7
45549.8
53111.9
119414
71694.6
89665.6
32901.6
72572.3
48049.6
66529.1
13807.5
42680.8
88491.4
104757
57705.4
78300.1
63151.5
31612.9
13335.5
68614.5
45922.4
22703.6
56122.3
32753
36783.5
58465.2
99952.4
116005
34836.5
95630.5
66600.8
25713.7
35263.3
22335.4
87040.3
52314.1
92649.3
81438.6
7435.11
54720.7
65009.9
36768.7
80273.2
27314.3
24792.1
91452
32781.7
43068.4
65710.9
19509
54595
33562.6
122162
11523.4
65742.5
107341
28204.2
64058.2
82607.1
23594.7
31868.9
19122.9
101240
17594.5
86947.7
52655.7
24227.8
20035.8
43508.1
66089.9
100568
52400.3
30791.5
27253.7
42018.3
56467.5
88911.7
92047.8
