6135335
204744
417167
280090
644255
3.95368e+06
555649
126683
253852
192434
1.64599e+06
268746
372099
320661
589911
883787
486919
63659.6
119673
239126
598342
428050
221288
256752
275618
1.4872e+06
328833
136577
48775.7
154648
712642
577612
135561
218527
374683
640007
147610
142447
60737.9
122892
363185
380695
144962
111605
323786
107872
269126
76901
76035.5
186124
232928
153793
212827
162560
231304
278019
218625
52804.9
55587.3
104364
344556
115022
157805
125669
299873
247817
293252
132255
125742
243717
21786.8
97238.8
21778.6
41836.4
209660
82772.4
286505
91739.3
60975.5
200071
212421
173292
93909.8
113365
76122.7
191341
95680.4
64807.8
34159.7
98371.7
85374.3
126674
138090
64414.8
179826
252432
84534.4
144340
17530.2
195549
139912
27171.3
113307
113126
177008
69404.2
113323
194812
95882.3
128300
156744
102634
54504.5
41631.8
69829.5
95420.8
86744.9
181917
91531.9
31590.1
35547
124633
70435.4
122217
96634.1
76171.5
46374.8
145675
74108.6
62720
94627.5
42832.9
120852
172326
95676.4
22677.4
68243.7
70196.9
190768
26929.8
54655.6
104916
115033
100869
34846.3
5270.89
122773
74230.7
152244
57665.3
20280.9
172399
70930.1
41032.9
120642
37528.5
74892
55104.8
158915
84858.5
69848.7
96966.5
97881.9
107313
124332
8434.62
63743.6
54219.7
163789
85903.8
94408.6
81690.4
62418
139974
64905.6
63558.5
97567.2
96317.6
37452.1
64093.4
47424.3
161690
20467.2
57690.7
20250.3
68350.3
39691.5
49735.2
80291.6
44057.9
41121.8
83061.9
21325.9
87869.8
6233.84
60186.2
71723.1
74041.7
61658.1
54179.2
20689
65532.3
101439
113533
27252.7
34865.7
42305.6
33624.7
40068.5
85131.7
66951.4
96143.2
95620.1
11687.8
62705.9
57264.9
55142.2
47974.1
56378.5
64572.6
98023.7
18549.7
75416.8
78649.9
82807.5
102268
116133
38557.4
20690
20315.6
101090
100410
139435
50833.8
46597.3
46201.8
79565.9
44423.6
18304.6
36661.3
78120.3
97447.9
74070.7
51701.2
43679.5
29621.4
28463.9
74637.9
41480.6
25314.8
118448
29383.7
90379
74585.9
77389.8
34651.2
