7349616
333570
1.42035e+06
1.88597e+06
3.40131e+06
1.5917e+06
1.21158e+06
982292
875967
1.09231e+06
1.69911e+06
451338
950493
161899
286268
637715
194340
714173
161208
682354
540277
527109
145515
605097
192877
419514
90437.7
66163.2
189794
157709
308337
158472
201094
363975
302684
301213
255150
337987
217417
327407
155635
224180
81073.7
46712.6
130280
67431.9
239002
359875
368198
161411
112274
129645
197724
126944
74555.9
205728
185757
50681.5
25260.9
63187.6
155282
13481.7
341359
44405.2
116375
55094.9
208344
79311.3
191459
68445.8
20880.9
71809.6
109577
204846
206625
174442
116317
114495
117440
44476.3
61831.1
109627
137217
173899
72086.2
51976.8
108027
63135.3
138901
212067
116377
128498
80466.5
74276.1
36923.7
178197
54172.9
44675.9
78219.7
112050
107842
91861.8
37670.6
22132.6
76638.1
214117
55967.8
51978.9
74189.4
116758
163545
87332.5
118283
113922
57963.8
115089
100398
99162.6
55360.7
85687.1
68296.2
66187.3
63881.1
58315.3
69470
69845
93479.9
45775.4
46021.3
50196.4
48070.4
129565
189336
52175.9
108709
21683.9
53253.4
118170
86708.4
107298
99250.9
40694.8
21407.7
76047.9
40310.6
51758.4
48917.5
80746.5
119320
37354.6
20002.4
78957.1
33241.8
90168.9
97480.2
54025.6
72184.8
56393.9
142539
84427.9
58851
80508
50172.3
33922.9
79533.3
59161.8
83045.4
86151.5
37962.5
34427.1
81055.2
39543.5
84912.7
52818.1
36865.1
124725
32563
47231.1
67184.9
19074.6
71866.1
101891
70619.5
52984.6
60095
55893.9
42793.7
49854.1
62052.6
30556.4
76078
67215.2
39212
44409.9
90496.2
65178.8
12783.2
119607
50876.5
52312.7
19951.8
62090.5
69326.4
48433.3
42240.2
84111.6
50481.1
35737.6
96077.1
56924.9
18780.1
42690.4
37592
40599.8
23529.2
90683.9
30482.3
43008.6
52086.3
66873
32488.8
64838.8
60368.6
32785.1
104540
35137.2
17236.5
50955.5
36308.1
34434.4
92429
26638.3
71338
79230.9
44253.7
63579.6
45919
37566.6
29990.3
51934.2
43065.4
45868
53091.3
21943.9
32260.3
55313.5
41240.8
43863.4
48905.9
55386.8
43379.2
61999.6
66206.3
24263.5
65395.4
57647.9
