6665469
1.1857e+06
1.69114e+06
2.12553e+06
746127
3.06754e+06
1.78583e+06
598284
1.20227e+06
722689
693850
762551
375119
1.47006e+06
409852
402357
428704
665416
368719
754040
473001
92973.4
295302
103679
228248
290753
503106
313534
324596
83672.7
405979
203854
303185
267386
239237
298580
313644
217815
71868.4
310564
208192
21914.6
191389
37316.9
29664.9
219257
166033
248093
169272
285001
300929
245064
181288
148304
87939.2
276141
133636
184925
236178
42149.6
177601
76619
183949
86187.3
147705
157036
147618
175098
68144.7
65762.6
95162.6
175574
60882.9
60964.2
192763
118195
171343
51866.6
80633.5
173357
175157
191756
120442
180967
54144.8
155332
81545.9
169185
84112.3
96232.8
88865.3
108611
153801
72151.8
124760
63768.8
130263
114535
86588.7
21847.4
140823
49055
87571.4
65711.9
69900.3
39315.9
126097
34115.9
213886
25956.3
54540.2
140195
134444
110438
36122.4
116754
66391.5
73995.4
131637
60220.3
35900.3
94719.5
31403.6
86573.8
34706.8
67535.1
145912
23709.9
118184
36169.7
90176.3
97681.9
34611.3
94267.2
52325.3
56160.4
98808.5
58216.9
47866.8
59004.9
96436.2
99264
54020.6
39139.8
84770
50955.3
50639
77389.4
12822.9
79747.2
76686.1
24404
96763.2
127366
63469.8
12344.9
22368.7
22535
85534.2
29129.4
106217
27154.9
35294.6
86213.3
27200.6
36647.5
45340.2
56502.4
28474.3
73850.3
77699.7
63681.6
79099.2
24603
99430
61486.5
47296.4
60005.4
34819.1
64992.4
57374.5
9086.89
34608.4
49303.5
67874.9
17474.6
66426.3
17062.9
15656.6
49744.7
6176.11
58278.1
107161
87905.9
52219.9
56676.9
84038.3
103239
79589.2
39672.5
16224.5
21416.6
96447.5
6211.47
35196
54973.1
29613.6
76678.1
11480.2
14733.3
23821.2
25118.5
29128.7
88686.9
16124.9
90704.6
50069
11582.4
53587.1
39254.2
39709.5
118531
24750.6
66344.9
63368.5
90452.9
60968.1
46957.8
103212
62799.9
60101.6
66810.5
21721.8
40996
48987.2
30611.2
65415.5
47164.4
70479.3
75630
28985.5
53903.2
41564.1
65074.3
35986.5
41083.3
74215.5
57015.8
39761.6
65907.7
28289.6
38248.6
53706.2
103906
103650
56159.1
