4367786
196690
1.7701e+06
884710
538561
1.84847e+06
731696
1.67059e+06
941781
632527
833536
438901
653803
1.79473e+06
343672
1.2862e+06
392349
1.22679e+06
185712
523402
328024
344877
427832
132567
544728
298191
632012
433382
467558
131235
262306
394489
87885.4
403027
134587
432127
333354
516912
238951
437033
424901
103760
80944
99676.5
84655.7
331972
126798
99272.8
291502
55916.6
322111
231991
149639
145739
181217
336556
261783
366826
200160
83682.6
43330.5
348709
139130
126984
86740.7
220414
201820
60372.9
141639
206063
104954
49566
41548.5
192030
105174
337688
73556.1
107874
97595.5
188687
193568
48276
64478.2
56213.1
175550
86454.5
66580.7
125804
136798
151308
67799.4
95595.2
64957.4
66412.8
18929.9
81389.9
69487.3
78568.4
66877.7
46595.2
135775
57142.6
112569
74916.7
135342
156396
100501
120545
142661
83145
92915.4
151132
79853.2
20509.1
137053
47730.9
144866
65697.4
113452
23170.8
147990
132452
120372
68066.3
61344.2
88265.2
123807
34244
73128.7
125712
39132.8
24339.4
151314
59643.6
84483.9
46082.7
72099.4
137515
146064
18449.1
80179.5
84538.3
12308.4
128341
108971
35718.9
28848.4
18592
28712.1
63229.8
157208
152781
36351.8
130994
24553.1
105827
19452.1
41258.5
67472.1
87546.7
93073.5
77591.1
172145
55820.6
59474.4
85026.1
22334.5
85695.6
90753.6
78491.3
72452.8
31954.6
29781.5
88558.5
62754.4
15865.2
62895.5
29039.1
26170.8
20478.4
83581.3
39863.5
98838.6
51852.2
89134.1
92335.8
37967.3
90488.1
34892.7
20914.9
133045
50491.7
121727
12096
81858.2
55961.5
33809.5
57575.5
47363.2
81147.7
19367.4
67006.4
80526
18150.3
36847.2
103414
74302.1
5336.47
99521
61306.3
57065.3
11347.2
136921
20936.1
116070
20101.7
83191.3
38061.5
51756.9
48350.5
43337.6
45492
47096.3
29472
29415.6
93322.8
75517.6
85262.9
22868.8
114307
119669
44463
102246
77935.3
44193.8
60113.7
28331.8
66046
91813.8
55509.7
16547.2
20687.5
37244.9
38353.9
61860.5
35762.2
81416.3
63832
35707.6
35133.2
71417.9
93446.1
101109
19361.1
25749.2
109125
