7996336
134102
97837.2
450387
111441
4.3459e+06
195647
390526
407339
323276
244106
162893
248288
298629
107398
1.20095e+06
303004
305196
579214
474116
134232
265450
453483
328956
35019.3
273785
402986
288785
705630
477956
78998.7
222190
518355
267422
33692
144234
443073
277180
686572
312003
203746
138313
428991
236498
25996.1
112659
349895
285351
517289
151834
193538
59110.7
281450
205627
65412.7
36501.1
236222
243091
345776
69445.5
134428
117616
168306
132686
171271
91882.9
159225
138347
222318
106114
85374.5
123810
48811.9
46620.6
159037
129779
143886
39606.5
104945
89307.5
110584
89221
46287.9
47528.9
111008
163794
116773
37624.3
17513.6
77624.9
89457.3
41655.5
154684
71436.6
47873.9
163351
109374
68060.3
85191.9
48748.9
64703.7
21788.7
218601
50672.8
80109.2
164036
141336
140873
109018
27400.7
60216.3
46731.7
197707
65669.5
100279
88362
129436
216480
73412.4
10484.5
28100.8
80548.1
128436
77605.1
65582.3
17751.4
99732.4
233116
104815
20507.9
38461.9
68412.8
89840.2
52216.9
23834.5
68146.1
77379.5
188775
138858
28864.5
67544.9
53189.9
84760
61077.1
36744.4
101285
70811.7
122835
111473
39104.8
76425.6
57907
44632.7
67614
48384.3
91649.2
103959
68518.3
33790.4
13189.6
56195.7
71839.5
29053.2
40652.3
56037.6
52371.9
140973
14668.5
69126.4
43134.5
45580.9
96461.1
88299.9
54373.3
53468.1
20298.8
153657
47593.7
109200
80723.3
59088.4
126715
111099
114062
21337.2
47351.2
105218
69515.1
92220
82787
80654.7
128333
85329.5
134215
17501
43667.9
37940.2
62572
56829.5
36664.5
80837.7
99067.3
88314.6
101236
35448.3
19622.6
18855
67348.5
26732.2
33290.6
68662.5
48070.7
88522.7
66921.7
46539.9
12770.3
31955.3
101756
8445.18
73911.3
48788.2
36354.1
63638.7
65865.9
69866.4
53556.5
27736
97447.2
31846.4
76520.3
54511.4
64761.3
61573.2
48210.2
85170.6
100798
50141.2
30429
51230.1
53870.8
57914.2
113125
70690.7
19421.1
65246.3
131485
63920.7
56220.8
28338.8
44171.6
43291.3
153739
59184.2
40867.4
31729.7
121293
