7264248
406030
729103
634859
3.99974e+06
716787
1.34598e+06
332930
606193
426317
519293
849175
1.46395e+06
110917
82094.9
525647
457288
880619
377661
488057
1.12812e+06
1.41627e+06
99274.6
468636
346348
129406
329056
286021
326820
535509
372706
351766
128435
93754.9
215168
183545
298849
224691
311517
387063
132063
310849
345147
149286
160971
370409
334722
193815
170442
251462
320039
262787
152770
360894
278469
338635
315777
168453
215085
262933
298011
195296
76108.8
126088
219890
109029
243130
152594
211322
59754.1
145978
182266
157337
139525
118381
231843
281784
194789
36160.8
34648.8
243238
98005.2
185642
182187
180381
192925
144288
70320.4
167067
146736
69390.7
164961
191275
83403.1
146844
81093.4
132235
96959.4
102130
184434
134860
88296.6
81329.6
154053
100391
138067
68998.3
117678
77991
204624
167818
24342.5
65118.3
22191.2
29966.8
30335.1
124174
18237.4
83935.5
27805
25468
81600.8
138752
124661
76897.3
33399.4
90647.1
169341
98336
140007
150540
157892
69729.4
161744
116109
103816
149085
87789.9
11089
28402.1
57710.2
61214.9
56200.4
84603.6
73215.6
73424
36936.1
21073.4
42278.3
51102
24020.7
170986
15502.2
40221.7
113216
180992
73079.9
66464
114753
87101
105032
45236.8
35297.5
49191.8
126112
69335.7
52862.9
67656.7
128866
159729
50189.5
53448
103311
40899.6
71210.1
109164
65066.7
19635.9
128822
33966.4
48823.9
70464.5
154910
865.466
111949
37390.6
95124
80107.6
87603.9
22422.8
110411
52311.1
44604.5
99893.8
65774.3
66031.1
91481.2
135468
73813.4
69931.7
66418.4
32621.8
54617.8
38048.8
70972
30534.9
98846.8
73950.5
95008.7
99474.2
52746.5
92964.3
43935.3
90677.4
103083
105253
58310
15384.4
46868.1
102146
73457
116094
81048.8
68908
28717.1
34422.3
39300
72692.3
40952.1
43413.9
45920.7
175464
125375
97891.9
26349.2
54948.9
93445.4
109089
74070.5
72163.3
30428.3
71055.4
125577
66915.7
34409.7
29783.5
87176.8
44744.8
63611
50507.7
38560.2
87484.7
126993
22408.6
36564.8
90992.7
