3788156
481916
612146
440602
653493
1.65211e+06
2.15817e+06
618459
218248
131230
246556
1.54508e+06
895006
392454
366814
264447
253065
1.83368e+06
305316
330943
174860
304365
714161
817293
230932
171992
48202.6
145617
491896
453706
212029
51516.8
97218
198403
771931
281507
187709
37752.8
25659.5
295470
137878
226419
132306
104898
110094
620159
507628
205646
124490
49789.9
96254.8
541143
225578
142344
94063.7
80157.3
134477
402130
49203.8
128654
96062.6
77066.9
406703
350892
129246
65109
123692
169615
143034
298382
72328.9
116550
83874.7
289359
378849
186559
34995.6
165633
128063
162641
259297
94053.1
132491
90823.1
99254.8
185818
168280
160028
102359
140397
119372
273396
33040.7
101478
97199.4
52182.9
242575
181888
85364.6
11666
174014
194422
272482
201839
60588.5
124080
138818
107531
146398
115751
135460
64472.3
84092.8
196020
93043.8
175937
73700.5
136370
86079.1
170490
17531.2
107333
8481.54
105906
166375
25770
113227
77686.8
118041
20353.4
231882
90435.3
91959.8
43672.9
111274
37670
91502
60582.6
123143
28203.3
49245.7
104045
36809.1
141319
83087.6
93347.2
68827.4
172497
57190.5
81064
56240.3
42440.6
157682
59515.4
134341
73701.1
138695
58152.9
76000
84729.6
73423.4
55315.2
74005.7
63055.3
95664.8
73913.1
93983.2
43687
45328
35256.4
32543.9
75097.6
91691.2
109348
46934.8
154198
55754.8
52298.1
44161.4
44488.7
112381
190065
154871
42711.9
106042
66919.3
106387
46868.3
67336.7
69055
103286
66429.4
125294
54580.3
59888.1
34822.4
44048
53095.9
113555
51322.3
57749.1
60661.3
103958
82125.3
15455.6
88177.4
51162.3
20385.1
23419.9
214580
85522.5
79862.5
61999.5
70447.4
49343.1
102905
58066.2
128978
66093.6
56051.8
73722.6
14381.8
87286.2
58199.7
64715.6
39666.3
121400
19204
21135.2
12457.2
70717.6
68003.7
30403.9
123934
79539.8
70979.9
71681.6
118935
72991.9
139513
82973.4
56542.8
51469.6
114109
63703.5
165855
27275.5
80268.6
42883.3
34491
96082.5
123043
89411.4
50037.3
73599.2
25482.5
