0
14360
5992.38
13372.2
37546.8
148465
15217.5
9608.21
15397.9
19842.2
15485.2
11355.7
18053.7
25257.4
2365.05
8456.51
24767.4
22006.5
14301.6
8553.45
17205.3
31165.4
22992.5
27549.9
3311.12
15893
11891.3
13956.3
19914
19070.5
3457.69
22946.8
16109.8
14812.1
15694.1
7575.73
12362.2
8853.65
10122.4
14416.9
8340.62
6099.68
9877.29
7197.18
3495.94
7060.78
4941.8
6586.35
8184.76
10920
1101.8
6993.42
7998.41
2829.64
4036.77
7976.51
12445.1
5339.62
4438.78
2402.51
11666.2
6988.34
8233.63
4921.23
12264.2
7540.42
7464.19
5475.71
14256.8
2900.23
3082.03
1970.77
12737
8669.51
10956
5577.58
4256.82
1658.19
5988.49
12835.9
9780.4
4528.43
2001.47
7033.73
2764.95
1631.75
7303.95
3917.2
5592.01
7211.29
7454.75
6163.85
304.644
2598.11
3298.46
12647.2
8108.58
4257.85
7903.98
6932.78
4363.82
2979.02
3680.12
2570.04
1356.23
4974.83
4091.36
4114.52
5742.72
5321.26
3287.8
635.843
4280.54
3085.95
909.249
5139.75
3062.13
3113.79
2987.75
6370.74
5732.05
9904.31
1412.99
7113.85
1278.51
1757.83
5618.6
462.05
0
1035.14
5266.4
1625.76
8545.48
2501.48
2785.15
7471.45
3780.7
3881.02
1377.6
1546.92
3089.54
4454.16
1623.34
6407.8
1075.9
1665.04
2521.45
1643.2
5185.92
3593.72
2370.88
4048.73
1458.12
5557.07
2216.2
2962.11
400.731
3788.88
1539.94
3982.15
2712.12
2119.27
2649.37
1879.92
2384.36
3165.94
5429.79
4587.55
1752.44
4048.66
1578.01
10016.2
2031.94
4096.57
3049.71
2996.43
1463.67
2000.98
1494.81
414.483
1228.67
5835.87
8814.45
4836
4817.27
873.916
2439.12
3239.96
3042.11
5687.71
725.342
7248.76
4275.63
4301.86
4616.5
3193.37
5002.69
2700.01
813.022
1056.33
2924.92
1428.77
1796.32
3819.01
4606.8
4938.18
858.625
1590.9
1666.94
2076.47
3368.16
3443.85
1493.45
1027.82
2404.22
2205.13
2366.78
2113.17
5322.78
2730.55
1444.62
1520.2
5791.57
4675.06
2365.61
383.449
1561.08
2025.89
768.173
333.624
3656.9
1108.13
854.385
2881.52
882.388
1458.37
2335.96
2831.59
1427.36
2009.7
2478.33
7057.29
1319.02
166.595
2282.82
5433.16
1464.33
2971.31
1514.96
6227.31
3112.82
2172.43
2920.36
2017.97
2655.22
793.626
