0
14568.2
6432.41
15154.4
38312.8
172473
16747
10419.8
17090.8
23186.8
16081.8
13754
20874.2
30697.4
2363.65
10218.1
24767.4
22277.6
16249.8
9899.58
22020
38267.9
23510.7
32408.8
3311.12
19240.6
12988
15464.1
20649.2
22379.5
3457.69
27001.9
16109.8
15809
19186.1
8054.98
14803
9934.61
11496.4
16726.8
8783.23
6193.21
10529.5
8341.88
3495.94
8079.72
5561.34
8059.52
8184.76
12591
1101.8
7987.12
7998.41
3652.8
4535.53
9464.3
12751.9
5420.6
4438.78
2402.51
14167.6
8233.04
9523.86
5662.6
12264.2
8626.33
8616.45
6437.44
17175.4
3034.61
3091.09
1970.77
13824.4
10268.2
12297
7235.64
4256.82
1658.19
5988.49
14849.7
10607.8
5577.26
2001.47
8018.36
2764.95
1691.8
7796.27
3917.2
5592.01
8347.28
8569.82
6898.47
304.644
2594.96
4007.08
13441
8108.58
5036.88
8968.72
8136.1
4363.82
3220.42
3751.46
3122.39
1356.23
5882.19
4091.36
5053.68
7438.74
6268.71
3590.19
633.998
4280.54
3737.99
909.249
6211.39
3062.13
3798.87
2984.74
7478.93
5795.7
10810.8
1412.99
8294.21
1278.46
1917.06
5931.44
446.794
0
1069.47
5380.29
1828.45
8703.92
2821.24
3066.17
8191.89
3780.7
4556.56
1387.62
1908.91
3089.54
5393.08
1623.34
7737.65
1075.9
1664.02
2521.45
1961.84
6699.3
4423.01
2370.88
4765
1458.12
6689.39
2216.2
3241.51
400.731
4441.56
1539.94
4686.68
2712.12
2207.6
3323.88
1879.92
2384.36
3503.38
6259.85
5384.75
1752.44
4318.18
1578.01
11691.5
2031.94
4657.23
3049.71
3639.93
1463.67
2000.98
1494.81
413.088
1228.67
7563.89
9890.75
5733.96
4817.27
873.916
2439.12
3338.05
3042.11
6663.31
725.342
8353.47
4390.3
4892.22
5375.5
3735.4
5002.69
2702.81
813.022
1058.99
2924.92
1689.43
1796.32
4905.86
4698.5
5541.17
858.625
1584.32
1666.94
2616.16
3448.66
3968.62
1493.45
1027.82
2404.22
2205.13
2366.78
2229.89
6090.67
2997.28
1444.62
1520.2
7044.46
4959.51
2365.61
384.981
1561.08
2416.67
768.173
333.84
3656.9
1108.69
854.385
3328.39
882.388
1826.54
2335.96
3359.68
1427.36
1998.18
2478.33
8577.04
1319.02
166.208
2282.82
6533.06
1446.22
3498.24
1514.96
6769.21
3217.04
2540.01
2970.59
2308.84
2726.89
818.13
