7610682
92339.7
734957
661999
2.00291e+06
1.10637e+06
818749
654421
213885
675667
1.65043e+06
392854
1.21921e+06
3.11668e+06
1.0622e+06
238691
889697
1.25625e+06
561566
344765
572952
663420
57397
416376
589267
324944
208259
920504
341605
39776
747661
634974
493182
365521
617824
252824
262068
372713
231094
321785
271997
291968
164141
317654
187631
85530
206037
342632
192479
79545.2
143812
458168
166722
369560
86382.2
177298
160216
325181
70068.7
278645
186485
307092
133291
146238
194873
173232
83363.5
5503.97
461006
124956
243034
99957.8
117553
108188
347409
154891
107830
73451.4
193771
29034.1
301506
245283
90288.5
109566
107864
101451
141545
53021.3
164860
105337
125264
156949
129500
174460
203351
134644
147264
40571.4
51912.9
133995
175784
178205
17318.7
98290
80270.6
84041.3
260871
102225
102473
86437.5
99211.7
118005
221763
122508
138837
83082.1
205614
119507
53361.1
53400.6
80475.9
96025.3
164829
71764.5
191493
171363
169866
47501.1
103632
171850
71503.7
112088
10692.8
78824.2
120116
107062
110797
127546
85531.6
130316
58309.3
127592
50591.2
61643
88870.3
54965.8
34960.1
34775.7
128531
35505.8
108755
33844.6
76150.8
48342.2
117578
100487
87139.7
85396.7
150493
73859.3
154968
124291
127207
111521
48531
54469.3
52745.9
152269
40687.9
71864.1
54472.4
117942
108058
176604
38221.8
56123.6
59212.1
55152.3
59425.6
151029
128489
156686
113693
92717.2
32318.5
37163.2
55382.6
77721.4
99958.1
40361.4
43350.9
65080.3
22233.5
101607
122599
56336.8
84476.1
85695
67505.7
36223.2
18829.4
94267.7
140855
71719.1
101835
103644
31994.2
102816
72490
26307.9
162143
126443
47525.6
35098.5
35639.7
132685
55871.3
61811.2
72950.9
108569
82882.7
73510.4
121538
77368.5
115312
46088.2
30168.3
61907.3
13869
67119.8
90479.1
30904.1
60629
54063.2
34466.7
66432.8
51616.6
44521
77365.6
110364
73088.9
137919
27356.8
47675.2
102733
175716
91541.2
59874.5
102067
13956.9
117762
10133.3
64182.8
78503.4
66656
95507.3
