10563996
438256
399389
306383
225352
573116
1.54919e+06
870373
317105
44180.5
123713
630619
479104
1.57236e+06
308631
307743
153158
206681
751690
2.11665e+06
933370
288803
303374
153656
250704
759472
166826
145724
270106
235061
317841
1.2308e+06
2.47832e+06
710103
130448
154400
236222
136470
531745
207927
297466
309972
63981.4
446990
433612
261239
263897
50088.8
81427.1
52313.7
918129
411545
121180
307191
252003
84745.8
201658
673020
194064
138099
183101
247799
75886.2
619677
204527
22346.1
196640
341807
239837
239835
612007
269054
98739.6
175569
102160
226682
263124
36016.1
73335.1
96007
35268.5
327588
234340
432599
183308
67076.4
255257
31146.6
297716
239895
355558
163176
41655.7
99049.2
49306.4
68495.6
441292
168934
48278
157003
269744
172615
193855
29211.7
172189
229689
65898.3
231823
228874
122247
92107.9
107284
171450
144292
185722
266224
41867.7
182960
188086
127748
228172
133173
181917
86590.3
253412
53844.2
141373
97328.9
103342
144634
48827.7
84152.2
57186.5
182683
310476
51918
142287
144269
196886
83117.9
44583.8
134305
146647
293487
59729.3
87133.8
18325.4
121790
85132.5
44851.1
134461
165505
182977
116603
134633
101754
248587
186459
228290
179044
151175
154457
85801.9
145852
143786
177094
163646
17056.8
106515
22153.2
68437.2
85813.2
192116
46606.4
62389.4
64915.3
100712
51342.7
42694.5
93224.8
107397
74492.1
167286
129530
62350.3
66161
75684.1
45479.5
128074
131737
247804
180100
84248.8
81082.1
179501
171251
162497
112988
80744.7
38442.3
75888.6
99659
54158.5
187541
27581
88761.9
229716
152685
118495
73444.5
158027
145859
125189
85606.7
119734
63689.2
60590.8
82246.4
97393.6
126629
13449
220813
101520
50050.7
149481
60177.3
118839
33089.5
94705.3
121599
161430
56172.1
92674.7
115078
135090
98910.3
53225.7
84503
122273
77558.5
108717
66908.5
49722.1
16100.2
43383.2
163389
45012.3
79048.7
62744.5
95681
24229.1
172590
122954
106111
45522.3
236875
