8001121
362770
266573
842491
372408
4.80031e+06
411084
723322
476103
375119
380031
311156
120991
877690
315574
1.1427e+06
294457
499295
515738
330809
315515
182798
187758
650488
212361
304636
171249
238917
408436
299483
249439
209878
296757
352974
210958
245518
219926
70322.3
212944
251773
108896
199716
244556
139131
189143
220005
274913
39518
172013
189830
44077
181056
132682
131131
203226
160933
239889
33988.5
251096
89588.3
125508
147193
2308.12
104151
233333
133511
175443
28354.9
274173
12314.6
132114
124347
53054.6
35073.3
214320
117446
217842
12334.5
189784
78761.4
106640
90831.9
62698.1
110519
186953
99054.9
265769
39528.7
75249.4
100542
91292
46794.8
44961.2
164760
176825
90771.5
226026
90235.8
39598.6
88232.4
88219
99282.7
32558
145284
199314
101942
114037
106244
103789
35987.1
62880.1
153908
39992.1
104592
197143
47394.8
41704.5
86045.8
115322
5476.77
46763.8
155782
68929.2
110405
139041
25246.6
108766
66849.3
92695.4
39745.1
70375.2
107555
87506.9
95268.8
59013.8
47340.7
125024
78436.4
43060.9
46880.4
84008.3
113889
55985.4
46990.9
46856.6
48301.8
89082.9
97982.3
12000.1
16842.7
90030.8
123786
33091.5
14916.3
38768.2
34829.4
39460.8
82141.5
51274.1
24983.3
87521.7
98297.7
83535.1
68327.2
11888
38169.2
16023.2
57082.7
57074.7
44911.6
67050.9
22683.8
98293.2
66729.7
80903
44496
36670.8
65848.2
57276.9
37750.3
42969.2
39272.6
54639.6
51994.6
114524
37175.7
52702.2
86825.8
47100.1
15464.2
40973.7
68890.2
34951.4
47005.5
102838
36981.5
50663
78593.6
33031.2
82128
29306.5
61484.9
82946.9
54269.7
70139.2
43503.8
39395.5
47694.1
8814.44
129115
7998.89
16299.5
101585
55270
42957.1
44861.7
37561.1
9001.9
33348.7
125499
46590.9
34948.1
72859.1
57886.2
46896.2
50910.4
41448.2
65968.2
40605.8
79360.3
71286.6
50905.9
24912.5
65659.2
42755.4
48761
31651.5
84525.3
33681.5
60362
59403.4
40961.2
15156.9
93282.9
21811.8
16502.3
11465.7
78719
12389.6
89200
26475.8
32597.6
15987.6
106695
6285.28
36580.5
