11842021
237957
279084
243498
255305
499319
1.59126e+06
693107
252821
46053.9
122301
428229
1.10762e+06
2.48472e+06
631812
365253
239250
293154
174301
3.014e+06
223140
155715
160483
156719
146886
200428
33013.9
102401
156149
169926
154806
460713
1.19438e+06
355825
312551
194790
107007
53703.2
354583
150900
55305.1
144471
96554.8
129499
324320
43665.4
103898
57921.8
84264.4
177035
297446
595947
144819
56698.4
195142
90525
75087.2
516259
87834.6
102580
83650.9
112488
167133
532124
243672
99196.8
120594
75761.3
131836
230939
704506
203879
190213
76216.2
131008
64479.1
137078
146156
60556.6
51139.2
170905
31246.3
259318
87714
86837.1
131967
127000
75726.5
92544.2
149025
39951.2
109828
172174
115319
56462.5
210535
71320.4
95583.6
74306.4
43648.2
183244
448254
212403
107273
61692.2
49457.7
78487.6
20021.8
271204
90798.9
76475.7
113761
67563.2
99047.5
275520
125000
73782.2
28196.7
169675
87191.5
193777
118916
36757.8
96390.6
61336.5
59995.2
125327
158067
32503.5
71804.6
34372
164533
72649.3
158938
43978.5
102946
79933.5
81390.8
109725
162561
141709
114693
135835
80606
16369.4
109734
26909.1
82047.5
101940
87371.4
54505.1
62766.5
296447
71753.6
68394.3
43991.5
101099
110398
73096.6
104263
27269.9
48166.9
55403.6
55466.8
140914
171976
32697.1
25162.1
87662.9
130268
60079.8
23471.1
29858.8
84633.3
96321.7
78580.7
29860.4
116496
80468.2
68770
114642
26289.5
82567.2
103238
110734
96147.3
92444.9
35480.3
131157
84261.4
158613
16771.9
78186
106292
73009.1
55956.6
122158
92909
57803.8
104835
101544
76002.6
75882.6
185631
31521.9
54719.5
97341.5
76482.1
38457.7
63172.6
52791.4
36311.8
50859.7
10966
54486.5
166340
55312.2
27415.9
23169.5
71721.1
100617
10792.2
58620.2
91498.4
73906.6
115807
133466
114797
102313
81361.6
70658.3
101057
66102
53584.5
164819
119806
24589.8
62146.6
56816.7
115696
73994.5
146800
36699.4
32778.9
36594.9
102979
108969
90747.3
88959.5
98079.7
60799.4
62939.6
44485.8
102138
77618
92090.8
