7708957
278322
148166
743850
331117
5.15804e+06
444278
614803
405614
446978
573391
72717.1
212687
663649
34949.1
1.28208e+06
357915
380461
615121
454201
270630
320112
175769
332485
172864
521430
80094.6
134673
649995
239656
95244.6
335899
49902.2
71558.8
196187
331263
136743
104354
485594
95496.4
126296
205239
157933
44040
76090.8
311224
236366
95374.4
275308
129888
121718
77232.9
220057
36154.3
94082.5
250425
179640
153061
177155
128357
148017
77749.4
151807
48982
154016
142051
74344.7
156286
192109
168368
166911
55864.2
63718.5
58427.3
121073
87706
14107.5
76340.4
200619
163232
103675
33002.3
110033
67983
47290
102657
47473.3
43401.3
181256
132515
87423.7
19098
129679
134758
19901.3
62323.7
75993.7
71082
117573
106618
61169
48273.8
150953
148957
46207.6
37412.6
59923.8
33096
66478.9
82961
34872.2
116500
148009
96873
74923.1
51125.2
10366.4
7902.66
69347.8
67032.5
61900.7
127417
147866
49773.7
49713
27557.2
61463.4
7354.63
73249.7
71820.9
58402.4
77620.6
144711
28152.6
32654.5
48469
74442.6
32350.3
91268.4
57891.4
14959.9
29702.5
132405
54029.2
89357.7
56606.1
33385.6
58470.5
81194
13078.2
32225.1
37573.1
93988.6
80749.4
99263.3
89382
10061.2
32160.9
70546.7
34005.4
23297.3
72876.3
68388
56979.8
72993.4
115331
6802.68
29045
69356.9
20098.7
23760.5
93781.4
47202.5
34547.8
49554.9
97933.9
29102.5
68386
51616.2
28665.5
46671.2
75919.7
27522.2
56416.9
62357.6
74194.2
36967.6
67859.2
48110.8
57223.8
36343.6
81118.6
44505.2
38839.8
96891.3
59983
13551.8
37476.9
44380.6
35217.2
45619.5
90170.6
16339.9
45210.1
93636
60503.5
44116.8
30258
13700.6
16257.9
60963.1
84549.2
24297.7
45642
67022.5
66460
59119.7
48804.7
30581.6
23728.2
59990
75363
28098.6
23303.7
47195.1
66813.8
39621.1
78893.1
51352.9
41200.2
68045.4
62893.6
21173.2
10713
56144.7
41147.7
31422
79360.1
51784.2
71769.3
65522.6
38139.9
37854.2
18071
64743.6
18092.1
38880.3
43308.8
63466.6
71996.5
49893.6
61542.9
48329.8
40831.2
71192.7
20724.8
