7188113
873815
558010
534185
1.62816e+06
3.71451e+06
1.17918e+06
1.30573e+06
1.06582e+06
139421
293512
338763
1.04421e+06
1.01574e+06
366559
731183
529668
406572
722206
292395
354685
383149
174438
401337
540505
146678
325124
395350
268375
296991
606452
302654
105471
218231
608592
373950
422116
137986
175459
132966
306065
130237
86521.2
275263
46709.2
87177.6
96297.8
260955
208988
159376
125905
132879
120285
113439
118794
301459
170286
223206
253932
176355
72190.2
72462.8
159032
132810
59922.3
317946
251544
72386.1
113501
150763
173997
216449
114013
60895.2
150453
196472
66649.7
251823
227555
20473.2
159002
239836
135795
50664.1
90812.9
73941.5
110763
186126
175161
33602.4
97654.7
84931.5
34437.7
150494
119393
76908.9
111154
182743
194112
17261.8
232430
108637
53312.2
81038
152660
30858.4
51865.2
27503.3
136410
153178
236613
49792.7
25954.8
97025.9
24340.9
42447.2
54041.7
38437
53798.1
133363
142708
65356.7
115778
80587.2
46935.4
45094.8
17738.3
75490.8
97754.9
54809.2
19142.3
81458.4
101737
77570.6
74658.9
53257.3
41317.6
82796.3
74830.3
78879.6
150786
124866
66899.2
77982.8
129159
173852
68307.2
68637.8
73153.6
46728.4
108942
101298
79572.1
36788.9
85466.7
64252.3
44541
43095.5
39120.5
59428.6
34293.6
41401.9
63348
108533
101410
38959.4
58984.9
78346.5
108875
17364.8
115120
15545.4
61982.4
77161.3
142829
80807.1
99928.3
115255
48374.8
13853
92620.9
7188.17
135855
106581
120306
74906.8
133260
201171
79134.6
48620.3
69086.3
38265
150997
167673
125056
76529.8
137307
161537
63499.7
18626.6
51180
79294.2
75601.2
105838
44837.1
75840
120075
82471.5
71461.9
78206.4
85132.7
40864.8
42007.3
80653.4
83245.8
135754
158986
109552
154982
121599
74516
73493.4
140417
112985
195378
175094
234832
76243
149888
221624
109288
98816.6
188131
100545
149643
194584
247720
65952.4
101887
158321
109779
52086
174621
169092
86931.5
182565
146886
38923.2
112248
160516
154104
132156
147289
189500
85937
175359
