8033997
715320
208464
1.52633e+06
3.49995e+06
530646
1.31926e+06
1.98801e+06
160249
1.5618e+06
833095
303055
198086
1.54348e+06
699534
368749
741473
244500
1.11805e+06
489861
629971
549111
404331
105223
368807
497378
369940
77975.1
403170
119077
177995
312965
335599
147729
208917
615792
215642
224595
212105
241671
429331
278258
88793.3
271792
186145
199298
150767
182131
325403
175889
163878
92190.5
346359
165615
139299
65924.2
225525
308426
139011
179693
141106
123517
161161
148515
95385.5
250985
110288
36753
143492
113437
70049.8
233266
18562.5
76619.1
179031
113490
129739
10116
186642
149972
42799.8
114007
9707.87
99362.9
51983.3
126601
193239
82529.2
44388.7
160688
88288.1
77551.5
158823
155411
19114.9
105206
186426
148552
98046.4
92000.5
60514.6
75928.5
7257.71
178503
62680.2
133307
60631
50495
65815
147322
146546
109921
42613
146664
166022
37581.9
101864
94320.5
106302
44469
16740.7
59012.7
33644.3
95377.8
132966
30292.8
140943
71530.5
73609.2
28839.4
59432.2
26940.1
137140
60172.9
54209.5
39469.4
102879
96238.5
36781.2
139320
102305
110220
36907.6
40372.9
45965.7
72716.5
27208.8
83984.3
71008.7
49388.4
108542
71312.1
118119
62826.3
67527.2
47773.7
59465.3
24244
80185.3
25647.8
65183.4
75506.7
31482.3
38575.3
104785
49341.9
80019.8
61324
22927.4
34441.4
80942.8
84081.6
65662.7
24235.2
141157
73615.9
34865.6
120610
52752.9
98220
89375.3
76264.3
96222.9
70707.5
43581.4
109362
14373
64391.9
23892.5
44122.5
50377
26753.4
12615.5
130579
43387.4
41680.9
24967.1
33125.8
16865.4
62379.3
40840.7
115245
122001
57080
56733.1
35267
56353.9
44345.5
41290
23934.1
22149.4
54876.1
89417.9
138037
64167.8
70174
21774.2
11379.4
14340.8
42843.1
93929.6
27331.2
20083.8
39962.4
91221.4
47248.2
49306.2
69930.7
10712.1
19907.2
35042.4
102383
47303.8
32491.1
55465.6
111118
5916.17
20254.1
102591
66036
84045.5
39284.3
30027.9
45935.2
43125.4
39855.5
81848.7
34998.2
9557.91
56875.1
62490.9
49560
72881
48691.3
106444
72462.4
