7777127
536949
317556
524187
3.52569e+06
722276
295485
403795
570057
580937
1.18769e+06
650069
689345
2.25105e+06
690648
529913
121560
653952
330251
925528
1.29407e+06
1.24414e+06
300889
231915
360464
364768
480718
247416
169131
562540
486134
263759
81214.8
220047
466091
427354
605301
428383
678668
142294
368576
60523.1
155410
229802
93928.5
427971
232289
119084
286837
187947
36060.7
166142
98591.8
122312
219173
137878
138179
103188
119251
302619
159280
105858
320558
194229
370753
239882
175794
90325
245959
197007
140413
187804
209531
221040
160185
216325
90595.6
192076
158433
295692
150564
31027.7
101594
124742
221390
107598
104120
248315
117018
228562
26995.4
147564
97286
97857.9
173402
70747.5
213361
89188.4
95072.6
75466.5
70413.9
132014
77852.1
50327.5
150389
79941.5
164480
51698.6
24316.6
150788
192906
174548
89586.5
82746.4
163816
122849
118479
84012.5
134035
33509.2
87737.3
128427
171831
91902.8
127669
87098.7
167462
115935
118194
130535
206841
259590
92529.2
60618.1
64732.5
115671
55597
28616.8
81221.4
92598.4
156292
39680.8
98452.9
61833
43785.8
115866
87049.1
125072
107489
94199.4
45202.8
63876.5
83176.7
86577.7
15182.1
142045
131511
52024.8
60299
99800.2
59827
156260
90779
191966
37217.6
54077.3
71297.5
50094.8
31906.5
161766
26151.6
39713.9
36099.2
28910.8
97254.1
24574.2
78571.4
58162.1
52990.9
96671.8
149366
2426.6
167357
109801
53613.1
63770.9
137072
62211.2
66626.5
36978.8
111178
52542.2
30781.3
97650.3
46474.9
35185.4
48836.5
28887.5
62936
47247.3
103929
102987
60370.9
138205
83809
64494.8
101281
173234
66569.5
64071.1
93919.5
45346.4
96071.9
61828.8
46454.6
121085
33845.9
17934
40716.4
96562.3
81197.7
94096.3
18898.7
63018.6
68830.7
24689.3
112604
83233.8
110464
90947.3
16883.1
20284.8
101060
63199
111135
83135.4
86822.9
58098.2
15402.5
52988
28806.4
62369.4
84002.7
54454.7
133180
69543.8
17612.1
42972.7
101646
80444.2
31536.2
112158
50333
73342
78242.3
1110.75
