7698489
205732
1.3135e+06
498065
475463
4.54778e+06
419078
587959
1.40933e+06
365688
634826
274766
700724
446531
339603
606141
241668
631832
910141
277428
371587
483113
234954
279739
431256
298466
98446.4
388958
274445
284825
175543
412201
297843
74529.7
462260
142095
134921
129699
120096
343704
114364
203340
132497
143946
322264
133854
232318
196987
81202.4
191371
226884
30447.5
128258
20665.7
280488
44497.5
217028
133701
59397
74528.2
225223
81382
69884
162062
218511
106644
118750
63439.6
67498.8
138837
103988
90976.9
136164
221213
78236.2
111966
59480.8
139185
130889
31659
41913.1
35911.7
195467
159987
50724
68446.6
53269.5
104456
139366
94982.9
68117.3
57368.2
74150.8
93587.5
101980
174154
66178.4
6707.03
75768.1
72401
106207
43017
75559.7
66913.2
97687.6
124714
63171.4
121438
95274.7
111978
65678.3
43190.4
76958.8
69645.1
50365.7
50977.3
83765.4
128446
86536.3
99761.9
30882.2
61331.4
113819
81537.5
54780.2
75629.8
56907
44535.6
46331.1
76813.3
54426.9
44529.6
148269
97151.1
48815.1
42906.3
52754
48387.7
50197.5
100557
37417.3
47981.3
55937.5
91883.7
18803.4
58481.9
115894
82387.2
83465.3
41868.5
57340.4
62610.6
23952.4
52479.6
56365.4
44649.4
80980.2
64176
59563.8
119125
47683.4
87468.7
21909.7
17265.7
40207
42437.6
65836
45705.9
21435.3
108317
16521.6
50670.8
91730.6
45952.7
47362.1
32629.3
79824.7
87988.5
14826.7
15958.2
31133.5
8348.21
93090.4
49463.3
82997.5
54771.1
24017.3
79812.7
44525.3
30797.4
65093
65007.3
48917.3
18762.5
65791.9
76453.2
51945.1
28942.3
73356
20825.4
72406.8
58673.3
45893.5
52458.6
10514.2
61206.3
75681.1
39743.6
63274.5
69426.4
39728.6
35813.8
17780
39327.5
54445.5
39743.5
109712
26363.7
76196.4
33688.5
20935.8
17035.4
37356.4
9617.23
61581.1
49131.1
79931.3
44731.8
80228.8
74602.6
11097.2
55232.2
23881.2
22767
21258.7
71070.9
48460.6
72708.3
41784.7
80708.4
13236.1
63972.8
39016.2
53651.2
30432.7
59524.2
67050.8
59817.9
32870.3
40057
41277.1
38772.7
68868.2
79010.1
36347.9
51642.1
