0
14634.7
6382.8
14805.7
38185.3
168219
16457
10286.3
16791.4
22592.7
15980.3
13311.8
20372
29732.8
2365.05
9926.71
24767.4
22228.7
15911.3
9666.83
21164.1
36980.3
23421
31546.1
3311.12
18641.2
12800.8
15200.9
20520.1
21789.5
3457.69
26281.9
16109.8
15637.6
18555.2
7996.77
14363.5
9733.5
11235.8
16330
8554.41
6103.95
10404.4
8143.34
3495.94
7884.19
5442.58
7812.6
8184.76
12291
1101.8
7819.15
7998.41
3498.38
4440.35
9210.26
12584.8
5382.12
4438.78
2400.39
13734.4
8018.74
9287.08
5525.33
12264.2
8456.07
8395.92
6251.89
16640.1
3006.56
3082.03
1968.61
13638.9
9984.66
12056.5
6948.03
4256.82
1657.71
5988.49
14477.5
10413.8
5388.88
2001.47
7822.72
2764.95
1635.6
7738.12
3921.18
5592.01
8132.37
8369.11
6768.6
304.644
2601.75
3863.3
13324.7
8108.58
4905.13
8768.28
7930.53
4363.82
3182.65
3694.45
3022.49
1356.23
5722.31
4091.36
4875.47
7110.7
6100
3501.68
638.217
4280.54
3616.32
909.664
6035.93
3062.13
3663.92
2998.18
7287.09
5732.05
10657.9
1412.99
8085.27
1278.51
1878.16
5910.56
449.502
0
1062.22
5312.22
1793.13
8676.17
2766.88
3037.45
8085.35
3780.7
4451.96
1377.6
1826.69
3089.54
5220.34
1623.34
7506.42
1075.9
1663.01
2521.45
1887.89
6426.96
4253.7
2366.05
4643.17
1458.12
6492.45
2216.2
3167.3
400.731
4314
1539.94
4545.94
2712.12
2192.12
3202.14
1872.3
2384.36
3470.21
6126.91
5221.77
1752.44
4244.81
1578.01
11377
2031.94
4559.07
3049.71
3529.29
1463.67
1999.65
1494.81
415.944
1228.67
7251.39
9732.03
5573.09
4817.27
876.216
2439.12
3282.84
3042.11
6489.72
725.342
8144.34
4275.63
4783.04
5241.09
3636.79
5002.69
2702.62
813.022
1055.48
2924.92
1636.99
1789.97
4725.69
4635.94
5446.29
856.005
1587.48
1666.94
2540.61
3368.16
3902.6
1493.45
1022.61
2404.22
2209.23
2366.78
2200.27
5945.44
2939.46
1444.62
1531.09
6807.08
4915.88
2365.61
385.331
1561.08
2346.15
768.173
332.862
3656.9
1107.94
854.385
3244.37
882.388
1756.48
2335.96
3257.83
1427.36
2009.8
2478.33
8292.82
1319.02
168.443
2282.82
6337.58
1451.01
3412.29
1514.96
6681.19
3148.85
2474.74
2943.89
2280.97
2693.57
812.266
