7370605
77907
179127
194608
350194
4.93929e+06
421759
256935
221249
114472
981610
171249
104617
99523
266289
1.32456e+06
387010
307223
213470
190179
785134
310099
48714.6
41392.1
167082
460794
308157
271535
173704
169481
611427
417287
67994.1
57893
74225
107933
180966
208414
109582
127060
373326
458417
123607
97264.6
67305.2
159836
89421.8
134063
31830.3
85919.9
162518
401480
119002
84423.9
59905.2
171251
174230
98967.3
43100.5
80296
76720.3
302625
100158
85259.6
32116.6
106278
243429
111605
87943.1
74148.7
111874
164912
66352.2
84656.3
25342.9
51318.9
262808
124002
100721
42707.6
117821
41142.8
79410.3
86008.2
34286.8
52050.4
215339
116324
100001
27813.9
95905.3
73319.1
129693
77553.4
31940
72913.3
138308
92798.1
100126
34071.7
78268.1
121911
144944
51107.7
13528
75603.3
72202.5
72582.7
101310
65575.5
68734.2
109310
142714
19927.5
48134.1
90274.7
66457.6
54850.6
84092
68613.1
48946.6
64538.9
129101
29299.8
92358.2
96065.3
85222
43431.6
73178.8
55927.2
36727.7
31772.4
99493.3
35775.3
116124
72559.6
80327.4
46980.5
81826.3
35579.6
52411.2
37112.9
63156.1
27289.3
123625
37827.1
65132.1
50873.6
99168.4
49226.2
60185.9
62227
23829.7
2370.97
108972
17089.8
60788.5
49322.4
107198
62899
46818.8
69267.1
14392.5
34513.8
77756.7
55322.5
51253.8
36940.3
89674.9
69184.6
38380.2
77107
37498.8
60518
47350.7
67357.2
47560.1
19471.7
61293.9
60172.4
72446.1
82491.2
40362.7
70281.1
31343.1
62747.7
51734
7362.65
29133.5
38635.1
104640
76883.2
29340.6
60517.9
35910.7
52974.8
70003.8
16942.6
13385.1
30085.9
110411
52545.4
23467.5
31287.2
42188.1
70177.2
76704.6
23406.4
24047.3
29096.2
93519.4
56511.6
21319.6
10794
41780.2
99166
57267
31910.8
28762.1
41498.4
51488.9
82644.6
28633.1
21090.9
33589.8
107150
19491.2
45813.9
11788.7
49070.2
10451.7
99764.8
22028
31276.3
15518.1
93790.3
43557
57192.5
10013.8
43679.1
38324.5
84122.7
32991.2
20866.9
8735.5
71024.7
83117.5
59979.2
20572.7
33371.8
53652.6
71339.2
46912.3
18280.5
19022.3
53637.5
