6361590
791716
727223
919553
2.26529e+06
1.74736e+06
911742
336921
284840
536933
100380
219499
471834
1.48168e+06
1.7778e+06
636894
369481
230979
2.39102e+06
15828.6
252692
329400
782338
159368
255833
125783
302971
708811
96052.6
134967
124085
276829
608414
265491
177353
53864.4
878460
248917
140177
328067
370194
131637
116455
78614.4
151496
313748
297980
55882.5
165786
429884
225007
225863
113097
155663
229777
108900
220815
131243
141585
450427
183061
130790
154289
384854
289776
111263
55778.2
333393
111887
56810.2
42494.9
148274
258918
195308
192013
182068
279254
227755
204202
141969
44937.1
190269
163488
142156
166130
111376
57668
109932
58081.5
115717
211074
120673
110813
110294
255824
198855
141784
101873
144990
126161
112856
111016
48771.8
110915
220181
130480
87128.5
177128
227041
49490
166353
51020
236511
120578
145106
139774
65728.6
241452
56688.3
30651.7
59650.4
40841.8
38752.5
160843
167274
196436
128894
71159.4
98267
51440.5
67541.1
257507
80580
123152
53197.9
106306
155629
25698.8
66495.8
107272
160248
87055.5
10498.2
121613
177893
36147.3
73068.1
41907.3
152094
92176.2
86343.3
65827.4
62972.6
118205
194787
124318
131517
72049.8
98413.7
44634.1
92288.7
56492.2
144782
133891
102218
40886.1
128497
14458
99268.5
21474.4
112437
91447.8
147492
27477.5
139720
95313.3
107615
134073
131280
96223.4
71577.5
65853.5
154576
139274
145982
103638
103911
96884.3
81308.1
61695.1
34940.3
75055.3
72718.7
91951.3
93286.3
73023.2
67566.3
72604.4
122225
57642.6
106776
14671.3
93915.9
143346
59892
94119.8
94014
82761.1
95068.4
94787.3
138609
127872
79869.4
4046.91
77062
118974
82939.5
60629.6
23736.2
117321
70894.5
33532.6
90550.2
84948
98686
33950
117086
85782.6
67711.3
35609
192987
48782.8
100709
76013.9
33654.7
104890
42038.1
85083.1
44747
110948
70792.4
95738
31994.9
74137.3
45699.8
52790.4
73623.5
44876.5
68127
30000.1
183236
88525.9
49439.4
77784.4
99082.2
105303
