6110418
386198
1.12667e+06
632628
694638
3.17423e+06
207250
1.87738e+06
845605
714692
1.03514e+06
585771
459843
1.51452e+06
548910
1.19777e+06
533115
611635
842542
807026
224889
423688
186870
483760
209748
145585
521531
403720
297241
384783
342785
549004
248248
82458.5
160620
202153
306059
136171
122880
182170
269600
313471
58753
233504
177235
265236
79779.8
139151
177884
198504
253529
248763
185707
274704
410251
219470
105696
14130
206987
111825
67966.2
161470
214469
62594.9
260943
239243
119540
178757
72336.7
110921
52210.3
107697
142110
137422
10772
80807.3
241768
93057.7
46487.6
104626
137154
172685
57897.4
49991.1
50104.9
110806
77155.6
116277
34690.9
99845.5
270978
106649
32203.9
114808
108068
204084
81411.5
153939
122095
23564
124550
145567
116083
132623
22173.8
61555.4
60563.7
111465
107492
43319.8
96920.4
114074
127657
77307.4
38188.3
55982.2
32893.5
130005
31794
11522.8
82287.7
48419.9
68441
111148
65516.3
56557.3
138801
101601
103701
114222
143375
143846
46156.6
101381
148316
85733.4
81546.8
48631
45982
46934.8
25079.4
44096.4
39508.8
76991.9
47064.2
58435
142017
39941.4
86861.3
14159.9
14649.9
50028.8
30981.8
126923
44997.5
26576.9
164508
38387.6
53726
12447.7
99134.8
65805.6
29781.1
67782.4
81498.5
46873
79030.3
63796.8
45047.7
91920.3
133487
70582.2
93149.6
61205.1
69432.4
82505.8
8936.49
50043.4
70482.3
67842.7
66599.6
39159.8
115664
10653.1
36514.5
20851.8
45445.8
48815.6
37166.7
60541.8
61877.6
64412.4
139411
61779.1
16459.7
70875.3
46794.7
103087
55257.1
35222.5
38514
43504.7
19816.5
55796.9
67066.7
78422.3
137845
62665.5
25824
45055.7
39699.4
108476
37285.1
43717.2
100154
26232.9
32046.8
46787.3
112243
17059.9
28142.1
47911.8
12140.4
113708
52544.7
41200.3
64005.7
24273.7
73801.9
70713.4
23714.6
55003.4
35253.2
104647
53736.6
34455.5
41085
45845.4
52792.2
28455.8
110383
60180.5
93303.6
96987.2
58155.9
42004.3
59297.1
70753.1
34397.5
65362.4
74248.9
66824
50289.9
66023.2
17242.1
14486.7
