0
14385.3
5867.97
12863
37328.6
142373
14840.7
9386.22
14993.9
19002.4
15352.1
10778.5
17322
23959.2
2365.05
8024.3
24767.4
21935.9
13799.4
8208.58
16031.7
29440.1
22901.6
26335.8
3311.12
15085.5
11614.9
13574.9
19719.8
18244.8
3457.69
21905.6
16109.8
14518.2
14804.4
7457.35
11752.6
8585.19
9771.62
13869.4
8340.62
6103.51
9695.51
6875.53
3495.94
6787.74
4753.9
6246.05
8184.76
10475.9
1101.8
6737.1
7998.41
2654.12
3929.48
7628.54
12445.1
5339.88
4438.78
2400.39
11040.1
6667.53
7903.26
4758.5
12264.2
7301.46
7193.91
5246.65
13512
2897.56
3082.03
1968.61
12737
8249.31
10586.3
5196.5
4256.82
1657.71
5988.49
12309.3
9780.4
4287.56
2001.47
6806.41
2764.95
1631.87
7187.47
3921.18
5592.01
6929.67
7183.57
5977.05
304.644
2601.75
3103.46
12395.5
8108.58
4094.08
7587.19
6633.46
4363.82
2948.38
3680.12
2414.98
1356.23
4781.71
4091.36
3901.61
5400.17
5120.04
3287.8
635.852
4280.54
2898.56
909.664
4865.39
3062.13
2986.05
2988.13
6097.43
5732.05
9686.2
1412.99
6821.81
1282.73
1755.62
5518.08
459.837
0
1037.92
5263.34
1571.75
8520.8
2403.42
2753.59
7267.61
3780.7
3678.77
1377.6
1469.2
3089.54
4237.08
1623.34
6060.16
1075.9
1663.01
2521.45
1581.86
4838.83
3405.54
2366.05
3879.5
1458.12
5302.27
2216.2
2908.71
400.731
3629.79
1539.94
3829.73
2712.12
2118.93
2490.11
1872.3
2384.36
3164.54
5259.43
4400.48
1752.44
4054.03
1578.01
9592.89
2031.94
3940.34
3049.71
2842.03
1463.67
1999.65
1494.81
411.779
1228.67
5394.18
8523.76
4624.04
4817.27
876.216
2439.12
3241.11
3042.11
5419.14
725.342
6941.61
4275.63
4154.37
4456.24
3033.55
5002.69
2702.62
813.022
1054.35
2924.92
1425.18
1789.97
3551.52
4606.8
4743.95
856.005
1587.48
1666.94
1967.15
3368.16
3300.49
1493.45
1022.61
2404.22
2209.23
2366.78
2112.19
5107.28
2730.52
1444.62
1531.09
5486.47
4557.61
2365.61
384.096
1561.08
1919.48
768.173
333.804
3656.9
1107.94
854.385
2729.53
882.388
1459.37
2335.96
2717.53
1427.36
2011.87
2478.33
6708.85
1319.02
166.208
2282.82
5187.85
1464.33
2829.59
1514.96
6090.96
3112.82
2096.96
2920.36
1956.74
2654.11
795.646
