0
14571.5
6429.16
15232
38347.7
173430
16801.2
10441.1
17152.8
23333.6
16116
13837.9
20987
30927.1
2367.37
10275.3
24767.4
22279.4
16327.3
9966.52
22220
38567.9
23536.7
32596.1
3311.12
19383.8
13035
15517.7
20662.8
22516.3
3457.69
27168.2
16109.8
15849.2
19329.7
8063.28
14908.7
9978.79
11556.3
16818.9
8848.63
6212.3
10564.4
8388.64
3495.94
8128.63
5588.05
8121.05
8184.76
12667
1101.8
8019.49
8007.98
3690.39
4554.48
9534.16
12807.8
5421.8
4438.78
2402.51
14274.3
8285.74
9569.27
5677.91
12264.2
8678.44
8658.8
6479.71
17297.3
3053.01
3092.03
1970.77
13867
10322.6
12351.4
7303.91
4256.82
1658.19
5983.35
14928.4
10654.3
5620.01
2001.47
8050.23
2764.95
1701.6
7821.1
3917.2
5592.01
8395.66
8614.21
6912.6
304.644
2598.11
4025.25
13477
8108.58
5074.68
9006.67
8177
4363.82
3226.19
3760.29
3141.5
1356.23
5926.94
4091.36
5092.57
7506.12
6300.48
3611.11
636.974
4280.54
3765.4
913.666
6253.2
3062.13
3828.56
2979.79
7514.83
5818.35
10849.9
1412.99
8337.59
1279.09
1920.81
5945.14
443.735
0
1069.3
5380.43
1830.15
8712.48
2833.69
3076.14
8215.49
3780.7
4588.85
1393.78
1923.35
3089.54
5422.9
1623.34
7797.11
1075.9
1665.04
2521.45
1974.87
6753.9
4458.64
2370.88
4794.24
1458.12
6741.24
2216.2
3254.05
400.731
4465.63
1539.94
4715.32
2712.12
2207.15
3341.37
1879.92
2384.36
3518.46
6294.07
5420
1752.44
4332.65
1578.01
11747.9
2031.94
4689.84
3049.71
3666.22
1463.67
2000.98
1494.81
413.411
1228.67
7637.67
9924.85
5768.96
4817.27
873.916
2439.12
3352.08
3042.11
6714.87
725.342
8389.6
4469.85
4911.4
5400.27
3758.74
5002.69
2706.75
813.022
1057.41
2924.92
1705.23
1796.32
4958.24
4716.49
5558.03
858.625
1590.9
1666.94
2642.42
3465.61
3991.16
1493.45
1027.82
2404.22
2208.41
2366.78
2249.49
6120.11
3009.31
1444.62
1520.2
7102.53
4959.36
2365.61
383.438
1561.08
2422.98
768.173
334.527
3656.9
1108.13
854.385
3345.01
887.856
1835.56
2335.96
3390.59
1427.36
2003.78
2478.33
8634.7
1319.02
167.26
2282.82
6578.45
1458.82
3524.42
1514.96
6791.44
3227.55
2550.11
2954.65
2298.12
2728.6
816.797
