0
14532.1
6351.03
14680.2
38099.2
165907
16313.6
10214.4
16621.4
22259.8
15928.5
13072.9
20099.6
29205
2365.05
9757.45
24767.4
22225.9
15726.1
9523.21
20677.2
36277.2
23372
31067.5
3311.12
18311.6
12712.9
15016.7
20455.7
21472.4
3457.69
25876.4
16109.8
15540.4
18210.3
7947.47
14124.5
9633.63
11095.2
16104.8
8434.33
6099.68
10341.7
8030.95
3495.94
7786.96
5381.2
7650
8184.76
12126.7
1101.8
7712.77
7998.41
3404.03
4399.24
9059.52
12481.7
5380.65
4438.78
2402.51
13480.3
7905.44
9166.25
5461.06
12264.2
8347.05
8293.86
6154.62
16357.9
2964.05
3082.03
1970.77
13544.6
9830.46
11931.9
6785.03
4256.82
1658.19
5987.99
14291.2
10295.4
5286.93
2001.47
7698.86
2764.95
1628.59
7700.29
3917.2
5592.01
8042.04
8252.95
6697.85
304.644
2598.11
3782.86
13258.1
8108.58
4837.96
8674.37
7806.65
4363.82
3161.3
3680.12
2973.44
1356.23
5657.35
4091.36
4786.37
6937.21
6011.34
3439
638.806
4280.54
3546.18
909.249
5926.88
3062.13
3606.46
2987.75
7206.7
5732.05
10568.7
1412.99
7983.29
1282.81
1858.75
5850.7
452.358
0
1062.48
5282.39
1771.59
8665.39
2732.5
2998
8017.08
3780.7
4369.63
1377.6
1799.05
3089.54
5114.63
1623.34
7377.88
1075.9
1665.04
2521.45
1843.4
6277.53
4168.39
2370.88
4561.13
1458.12
6371.83
2216.2
3139.69
400.731
4262.14
1539.94
4480.08
2712.12
2171.48
3130.97
1879.92
2384.36
3429.72
6051.01
5138.93
1752.44
4218.78
1578.01
11211.3
2031.94
4503.12
3049.71
3467.01
1463.67
2000.98
1494.81
414.174
1228.67
7068.87
9625.75
5457
4817.27
873.916
2439.12
3279.26
3042.11
6393.56
725.342
8055.54
4275.76
4737.5
5185.51
3584
5002.69
2700.01
813.022
1053.22
2924.92
1614.36
1796.32
4625.63
4606.8
5365.11
858.625
1590.9
1666.94
2480.57
3368.16
3854.34
1493.45
1027.82
2404.22
2205.13
2366.78
2154.31
5881.05
2895.89
1444.62
1520.2
6676.64
4866.87
2365.61
385.292
1561.08
2297.02
768.173
335.219
3656.9
1108.13
854.385
3224.87
882.388
1729.45
2335.96
3196.41
1427.36
2002.38
2478.33
8150.7
1319.02
166.94
2282.82
6216.01
1464.33
3372.07
1514.96
6614.87
3115.36
2450.23
2949.49
2245.45
2693.04
808.913
