7969220
96172.1
519588
482075
639358
5.12487e+06
652076
338904
646490
61400.7
418239
104440
359367
584059
581104
1.21547e+06
508344
135276
661249
127124
337453
169428
169196
463827
396733
331369
319175
123423
596940
131114
254317
167874
199134
322936
183195
176568
121783
264051
430226
120315
151870
146745
216076
162830
38937.1
234305
191136
292147
241095
104609
116507
87443.5
196831
20522.3
47346.3
189560
280944
236765
92564.3
53292.5
160649
15694.2
126607
86912.5
45336.8
145444
272334
133075
26691.7
38105.6
188288
89464.9
36264.6
82778.8
19277.8
180167
197713
49525.1
70104.7
57657.4
155151
136812
52997.7
39180.9
47004.4
160317
110461
70235.4
115139
89871
110675
139630
76918.1
69748
84032.2
104679
37372.2
82558.5
150324
92589.6
40784.9
92359.3
70138.3
107655
103026
29262.7
55427.7
71530.5
160114
80848.9
16405.5
70500
44216.7
96018.2
98922.9
50131.4
72432.5
42524.8
138939
55243.7
28199.3
127295
46045
61210.9
80376.6
55359.1
76691.9
43333.2
98265
35074.9
46370.8
147682
64220.1
22027.5
67636.4
29250.3
85143.6
47528
48707
46274.4
72977.8
141498
71514.3
45823.8
68005.6
33028.2
67654.8
41035.6
8511.8
84308.6
74387.2
97392.4
68527.5
42980.4
77810.4
84958.3
30793.7
25222.2
48281.5
91789.6
49134
55151.9
57479.1
18950.9
73495.4
110531
11934.4
13293.2
90017.3
77125.2
10764.9
39730.8
37119.2
47878
56928.4
95320.5
39692.1
5453.17
109613
43242
39901.4
20281.3
52565.5
80974.7
25481.3
68251.5
43292.3
24084.1
107799
12806.6
57708.2
55170.5
53503.4
72323.3
5481.11
47593.4
18556
42028
73782.7
31585.2
47551.6
111161
49185.1
52649.9
11360.7
48107.7
19397.6
49944.7
35593.7
31767.3
34017.3
130219
30738.9
12620.7
3905.18
59108.9
47103.4
44849.4
21141.9
1442.47
68251
109504
26836.4
28233.7
28145.5
52106.6
62936.3
31945
21563.4
36977.2
102750
54053.6
34043.9
28409.9
64404.9
39973.5
60320.3
20358.5
15928.9
64940.8
100504
20344
26322.3
14854.5
84664.5
25121.8
44423.1
13995
44506.3
69966.5
71601.3
58312.1
33614.1
42054.5
75935.8
21593.2
