6855130
442144
795155
1.13978e+06
270552
3.87367e+06
656285
304105
1.50013e+06
272267
1.30996e+06
265360
369935
1.26871e+06
659315
839465
393569
580858
784720
106710
456859
423503
431770
369181
475019
365552
380339
108235
128536
428171
450899
368071
104965
149107
106921
205433
203461
177436
126011
437565
130273
138880
286653
139852
73950.6
263994
127965
164995
164953
506902
137958
86443.6
269056
82771.8
91699.3
65469.3
158048
27993.2
73340.9
253658
112459
80763.9
235807
12044.2
220587
59108.7
100351
137539
75948.1
157443
32254.1
69981
164723
158520
123962
216506
97433.2
134961
36278.3
78539.1
138750
146903
96145.7
193025
156169
115514
68930.6
96254.7
61494.6
87936.7
86745.3
77472.4
66895.4
212396
30493.2
121600
152105
100472
79772.7
33254.6
35362.4
34695.9
70778.1
73869
52796.4
57381.4
124192
161721
128977
151404
82614.7
46694.2
78606.7
54239.1
111274
46068.9
97371.9
53331.4
125525
101054
13610.3
44707.4
35698.1
96194.3
38694.8
100150
16980.8
147651
65443
114269
41473.3
121311
42019.4
100864
84556.6
15027.8
37713.8
43639.2
26987.2
24840.8
115102
62311
34957.8
110041
115644
33540.6
49934.9
56284.6
43195.5
87170.5
112733
52636.8
64345.8
100162
20104.2
9930.95
30295.2
87348.4
22405.7
16346.2
106571
90510.6
77926.5
113580
54599.9
50496.3
70610.8
98108.6
42699.3
69374.5
21202.5
46645.7
35635.6
42634.5
58044.5
83596
68722.9
75749.3
59540.1
54136.7
13366.8
87471.1
54187.2
42024
51563.5
49853
27322.8
103301
70939.4
59277.4
17073.8
25218.1
115480
68129
92870.4
32248.2
56578.1
59497
72269.2
56243.4
27576.4
19662.6
44491.8
86637.4
24701.1
45322.5
39239.6
115558
53032.8
23276.9
2299.14
70051.3
56006.5
43449.2
17189.2
69055.6
35956.6
77191.2
38092.1
85766.3
29172.3
48738.6
62468.2
52216.8
77544.5
74631.3
85829.5
66649.6
59474.1
78332.8
29636.8
58645
65324
11246.3
69928.8
43054.6
56449.7
47907.3
24411.5
19749.1
35710.2
70656.2
51204
42970.7
39678.1
17116
84368.5
56663.5
10401.1
57244.8
49720
130004
30300.3
41977.3
69692.1
36825.7
