8172813
581893
717519
652486
1.3506e+06
274414
1.14368e+06
730349
2.1036e+06
1.63018e+06
1.47069e+06
1.28295e+06
1.21013e+06
2.28612e+06
1.40721e+06
527766
363974
1.07946e+06
59409.8
765996
300215
435667
93409.2
237008
472867
610540
221451
277745
910092
332603
223479
697224
258247
259656
332548
327123
187647
416285
102361
259001
184574
225239
366993
241610
334330
371224
438512
332632
64708.7
315876
286178
242884
109808
143427
154659
376610
145410
171492
394986
227130
115775
455964
98349.7
55850.7
63961.1
207909
161760
158062
70436
246310
62473.8
260709
168327
134545
101453
117447
139292
229125
202741
146914
99316.6
296745
276740
54494.6
166105
51538
107111
111052
219876
80913.6
93965.3
194237
87044.1
27045.3
76666.9
218826
56337.4
167893
25443.4
111404
87146.3
181690
168374
115192
76358.2
174296
15423.5
100656
74067.4
117538
96033.1
179142
48581.8
52950.3
175149
72410.4
172953
122306
107894
53778.6
126250
64655.7
62544.9
166297
175143
36871.1
152023
77412.1
135324
139326
34880.2
152550
105726
93205.1
112704
41119.8
118004
36371.8
46360.6
90496.2
56708.2
197717
104017
69690
64633.4
90670
75431.4
72009.8
60603
47796.6
118925
94869.2
39623
77672.5
122097
130300
137278
45200.4
97391
125516
116126
183663
151552
93287.2
16539
110196
80924
42980.6
41318
111820
83697
39985.1
45694.5
94708.7
37385.9
62486.5
41535
112204
70799.1
103295
147204
84514.5
84706.1
94265.5
79088.6
36087.1
73241.1
54948.7
23086.3
105040
90046.6
124418
128049
69098.9
49785.2
40266.3
16847.4
45879.4
75149.7
87260.4
24602.5
57791.2
142176
104210
120189
42055.6
51204.3
54590
45265.3
81511.5
62848.3
63913.2
59198.3
117838
48541.2
131746
27875.7
48170.3
12456.4
96288.5
112967
44933.6
81901.9
17034.1
67860
119672
98914.1
111143
50564.8
107819
46902.3
84477.8
65120.5
43840
52913.3
45993.1
48149.8
25798.9
42025.6
116561
170354
5817.64
29494.3
96341
10967.9
63072.6
29565.7
81040
84588
33406
123555
72880
41571
40684.3
88508.6
101143
