5420714
2.05859e+06
1.21162e+06
601695
1.15792e+06
3.00037e+06
2.08043e+06
798932
112970
707177
378622
447407
293049
496375
281328
1.07043e+06
948241
377663
376977
363269
338154
490571
159270
441825
324115
449584
530621
160634
420268
224401
201495
342288
231342
225252
189489
74930.6
388529
48555.6
348503
183425
57999.2
174644
340093
77552.7
99950
169744
328013
37869.5
207044
214688
85490.6
48029.2
328567
37322.1
127588
191863
216070
98670.4
79852.6
202841
103243
34935.3
240779
38856.9
80472.6
128267
146520
153380
28247.3
122644
72297.8
11601.1
94834.9
75867.5
43711.8
38559.9
201113
139906
8137.73
7343.29
57218.1
71826.2
70657.9
116223
68871.4
18578.9
224902
92103.9
40287.8
72663.6
102329
90251.9
104877
81076.8
93523.3
29293.9
185317
96953.5
61176.9
116629
97329.8
60183.2
100340
10785.5
99043.6
81118.5
119390
123429
40729.8
92838.3
36308
14253
113277
57500.2
76019
114108
74408.7
104616
21048.5
98570.9
46177.4
69871
119265
72256.4
53607.1
126002
61915.2
58349.8
73124.6
89881.1
71180
73859.4
85002.8
60339
74747.2
93556
46471.1
40487.9
89707.8
44974.7
56951.6
47604.4
6954.64
41112.5
96967.1
54477.2
5771.76
52421.2
65299.5
36180.5
37237.4
51630.7
67968.1
46374
79194.6
44189.8
46521.7
52333.5
43577.2
102918
40952.8
55330.3
96311.2
40079.6
54774.8
71796
77957.8
42140.4
42008.7
115594
23185
17817.2
78019.9
47370.3
61342.1
82296.1
66430.4
31031.9
27283.2
94813.1
22514.4
20686.3
44639.9
61462.8
73901.1
90612.7
35026
48598.2
26148.4
55152.1
56296.5
49231.6
43522.4
49867.9
48182.3
115299
36463.6
66261.6
37294.3
50364.3
59151
55086
40318.8
17130.8
8025.04
131567
50898.3
50621.4
24877
34111.8
22324.6
18710.5
18163.6
19272.5
13894.8
112442
67499
7235.58
11795.9
26542.6
16583.8
21628.9
28601.8
35924
24633.2
62268.7
93418
29984.8
41938
54384.6
40976.1
34716.5
49277.9
30156
39570.3
51958.7
101745
42735.1
46858
73638.6
39937.8
25173.9
67531
46153.5
46025
65972.6
74884.1
41579.7
35605.5
72343.4
49032.9
10755.6
65169.3
69177.4
38205.9
55994.2
