7841633
333050
885169
1.65808e+06
1.00149e+06
4.30135e+06
1.10035e+06
779080
1.63174e+06
250893
245980
22936.4
156231
1.22352e+06
82228.2
324418
263841
243339
1.07963e+06
316013
131913
202555
111134
414640
217800
78226.7
754182
252495
273175
233970
57908.3
213592
265316
72578.5
44728.9
207353
455295
171844
134497
414504
269261
42146.3
39556.7
103726
142568
150266
239262
116913
187270
279124
154677
156160
213699
166740
190892
68594.6
62713
169105
92178.4
244790
129752
100994
86012.4
226234
48066.2
99029.1
65533.4
231986
28497
77062.3
145400
157401
158866
78879.5
115490
80716.8
180675
90061.9
60027.4
37066.6
165990
60737.4
108409
105768
138983
133685
75942.8
95538.9
92331.4
91636.8
108613
43499.5
46170.7
160943
108444
66920.4
93594.5
82653.9
99810.8
22854.5
71545.8
120174
52935.4
111349
101881
81911.1
116790
84031.3
34767.3
97076.2
79667.8
84269.1
68652.8
37651.7
70711.8
36007.6
121204
120976
94637.1
63050.3
37177.2
65378.2
39200.6
81812.4
122725
88208.3
13462.4
47290.9
32797
64901.8
68962.4
88627.6
103111
33742.9
111099
57453.2
61061.4
93985.9
65234.8
35023
85529
64389.7
28403.3
35672.5
46139.4
71129.3
60364
118499
95730.5
39747.2
39718.1
56652.6
55178.1
52547.2
85365.7
70454.4
29138.9
59760.4
48480.4
64085.5
51098.4
87494.4
53317
51127.6
37449.9
115952
41366.6
70546.3
35748.8
58517.7
58586.2
42046.9
38318.7
48484.8
81981.1
21996.3
57326.7
23552.1
120726
60368.5
33244.1
44799.2
83739.7
37842.7
11799.6
34867.2
57192.6
52949.1
30424.1
61034.7
48653.1
68113.2
92068.8
14014.1
39122.8
77705.4
70396.3
21067.4
49804
47151.9
56463.3
25829
59093.3
37583.6
75829.9
92694.8
10576.3
23561.9
36955.6
62392.4
72413.6
53985.2
66858
63047.3
36064.4
62918.3
20516.4
53387.7
48563.8
28574.1
39910.6
5341.82
41382.2
125021
41497.3
45433.3
36656.6
52077.3
40111.7
19087.9
19045.1
62703.9
51709.3
42476.1
28198
60915.7
119499
37482.6
8822.04
14886.4
13885
25894.9
34977.8
37947.5
67357.5
102594
65183.9
29617.3
36281.3
52005.7
13606
4344.4
10385.8
48208.7
96108.3
46874.1
