7421682
283359
331440
328556
709489
2.01311e+06
4.19222e+06
1.22416e+06
804261
435170
433176
1.09976e+06
598722
357192
199717
201443
245736
1.19019e+06
33549.7
74074.8
232929
145843
474814
840620
326464
243610
262541
204793
516359
198343
154236
105329
164913
234539
706451
74799.7
64855.5
214468
106942
65812.8
14101.6
110334
233035
124287
156442
594321
94420.1
27081.6
150260
100130
170900
205618
89416.1
123197
65530.5
81703.3
168225
275273
139183
223950
86109.3
80558.7
294158
184690
103448
117122
20480.4
134483
139935
38547.9
111051
102228
28092.4
193287
219816
101710
97524.4
166351
135495
51137.9
141932
137095
17041.7
53940.6
123540
185317
35126.5
55191.7
176905
68036.5
102881
81295.6
14701
79749.7
110934
133479
174145
21501.7
76553.4
142719
49952.7
128620
101372
37131.5
30133.2
124559
105624
24708.5
82935
63665.2
143362
18908.8
91632.5
127808
92597.1
26043.1
157991
18334
109095
73213.8
29873.8
72211.5
25373.4
82355.8
43253.8
84954.7
61971
114375
103360
121866
8929.25
88337.3
88181.8
63887.9
85069.6
46373.4
53896.4
52319.2
89717.4
118657
67294.8
34968.9
51574.4
14508.1
25842.1
97992.3
133307
68143
35929
80931.2
75544.3
86358.7
43932.3
37339.3
45459.6
59731.2
112178
99006.4
31464.3
16782.7
65490.4
61425.4
50830.1
66032.1
56993.3
78915.6
36600.3
143515
34527
61738.5
44025.9
47258.9
3000.94
45852.8
85638.6
46760.4
49888.9
84882.5
91895.9
51849
63580.7
36991.5
77024.7
13215.4
89832.6
79652.6
31920.7
17963.1
65477.3
70842.1
91899.4
40850.7
43683.4
48406.3
56848.3
62148.6
63674.3
91094.3
35837.4
63045.2
35740
27382.4
98138
63373.8
20643.8
59971.2
85463.4
81150.9
60559.1
6413.7
21266.4
51377.2
23316.1
69347.7
53021.5
47553.4
94157.5
59781.8
98113.2
43307.4
66140.2
23296.5
33301
48890.2
42418.4
49193.6
63356.9
52520.8
91856.4
54020.3
56047.2
26318.8
52842.6
84372.3
47739.9
69168.2
45608.2
19928.9
34142
52244.1
36772.9
101344
16398.3
80821
53257.5
86729
38072.5
46430.5
56330.4
22444.2
61916.3
23918
30093.4
62547.1
83829.5
56456.2
