8622742
495455
541124
791528
197328
4.86905e+06
223282
678212
643221
564043
330760
389654
409528
786325
254120
1.0811e+06
132453
490233
506902
591370
450965
246962
254336
559913
264632
144941
55754.3
195075
331511
548819
424757
235747
137983
252813
273961
229299
79076.8
16699.4
133771
398667
301822
178462
154293
73059.5
259176
242575
79862.3
110880
112719
287478
101447
121884
107096
244478
218690
145254
68141
109678
176854
168070
64934.5
51042.8
23684.7
278683
140103
81113.3
109570
39776.6
183890
73880
128971
69795.5
75418.5
222274
83328.5
98838.4
153019
43978.2
161387
33580.9
112463
104618
90620.3
142579
21898.8
87714.1
146004
92576.7
178849
58508.3
54258.7
68855.4
63757.5
120755
29266.6
44191.4
85893.8
105252
168095
78104.1
104915
25358.7
45226.5
103427
44272.9
26830.5
33869.7
90014
123646
85247.5
143649
72338
101636
44442.7
58178.1
37869.6
72247.3
62838.5
45230.1
55056.3
120713
105954
136981
28976.1
71995.7
17179.1
83608.9
47948.6
32678.2
28374.6
44583.1
71291
139563
96901.3
75756.3
53270.9
63014.6
37770.2
47439.6
70647.9
36258.8
16799.4
100696
100324
67200
86141.6
34314.3
34031
45873.7
94668.2
73473.9
80216.4
50248.1
58512.1
46547.3
76330.6
32824.7
16732.5
81386.8
83811.3
70091.2
112711
27000
4061.02
26701.2
49114.5
40342
7688.44
122293
50045
27484.4
96914.5
46025
46885.9
38691.4
31688.9
59947.1
23668.8
117347
51556.9
28988.1
33980.5
60975.4
63334.8
43294.8
53128.2
78661.6
36820.7
66335.6
65944
53244.8
11698.9
73036
67134.2
25765.1
60929.4
76695
40848.9
35549.4
46986.7
60872.1
49799.3
57359.6
83857.7
11053.5
50035.7
39408.2
57740.4
64881.5
21435.7
48266.4
43368.6
40096.4
98829.7
44926.5
41158.3
40549.9
70812
61159.7
12704
43487.2
25121.1
36192.1
73490.6
41687
42369.7
103045
67689.5
27781.3
25266.4
28494.1
54585.2
48235.3
37053.2
16631.5
32079.8
115145
54120.2
30770.7
34951
4607.41
68149.6
62057.2
34658.5
35616.8
24099.8
82585.3
30499.1
69420.7
44616.8
31774.7
64765.1
57577.4
53641.3
70490
19168.2
