8066447
693620
706938
1.78826e+06
198732
4.43767e+06
338154
1.12961e+06
188722
1.13635e+06
152234
338236
686907
1.21522e+06
585368
374685
260167
355064
152338
550245
580235
582566
25190.4
317002
301794
159362
335828
308080
467276
179848
449468
104433
275159
178048
255193
186510
383326
125416
263568
52761.2
308094
40684.7
48941.9
120822
141403
30817.9
431698
120905
192590
133683
227726
127776
84721.9
138486
124854
177206
142860
64373.5
248015
23860.4
179337
13814.9
89461.2
110536
38498.3
242049
141761
151035
182976
104191
57572.8
136486
36189.7
103396
87593
67143.4
190373
127949
11375.8
128200
39879
207720
96300.9
52100.1
77389.9
46095.4
104146
126491
65336.5
67932
164333
173686
32058.6
9787.94
71683.9
48892.3
13127
20768.4
61369.7
139189
126624
105430
55390.4
78944.3
108963
38040
123394
93633.1
80747.7
122177
71587.7
62473.8
23553.8
25739.1
26802.3
108665
101409
86404.1
104684
52535.6
68531.9
81607.3
88773
111910
33622
33087.3
26980.5
83778.7
92681.2
96243.3
24854.9
99335.7
94215.7
55172.7
13324.1
30098.9
72724.6
61079
21643.9
31430.7
77982.7
135698
55905.5
46436.4
86806.9
80641.6
40693.9
10089.2
93020.4
32283.8
43259.9
88725.8
55023.2
41784.3
82826.5
55753.9
55728.2
43011.6
22797.5
71550
32089.7
67341.1
135680
75140
38791.4
15408.1
47102.6
15788.7
27839.3
78253.5
70290.1
39190.3
67756.7
71175.4
49830.1
26693.5
95655.1
49836.7
26664.9
54398.7
66668.5
91221.1
72391.2
20420.5
44335
22239.4
91344.5
73492.8
6636.84
73127.3
26216.4
17280.9
43415.3
22342.8
65592.6
69717.4
72296.6
34252.5
37671.5
52125.9
43941.9
71668.8
42700.2
94162.9
89812.8
5603.05
38731.7
21261.2
4202.38
24747.7
22044
37145.3
55995.5
72205.4
105674
65473.3
2476.52
74312
20070
20335.8
21077.5
28063.3
110278
25082.7
31892.7
56296.4
12245.6
91299.9
42366.6
10258.2
58254
33488.8
71325.2
20241.7
38456.5
53517.2
61568
72191.6
26297
79191.7
76768.3
26191.8
30237.5
27226.9
59186.1
41322.4
43250.7
76038.5
47300.7
64270.3
11841.8
37472.4
26969.3
874.57
63276.7
82583.1
