8455261
516603
395741
922452
3.428e+06
788720
1.00334e+06
834592
1.02172e+06
1.85814e+06
2.06704e+06
1.09409e+06
299915
820949
1.0815e+06
380065
408630
1.05908e+06
547344
874674
152431
477279
397394
589284
350833
327926
87523.6
210188
509735
193513
204623
588837
240278
136054
351526
413657
366640
374932
158659
299710
161586
98883.5
212283
122638
273805
65811.7
161845
352291
309972
243354
334514
444943
124336
223638
126403
86840.7
302796
72380.8
144262
282914
84003.4
172195
178982
89173.9
58648.3
157676
302784
167850
74858.7
35791.9
23968.2
83777.9
237877
296806
233783
89701.5
112983
147373
44660.7
62804.8
104365
149336
101727
151660
109972
79748.1
171912
68642.6
228284
36011.5
122774
10299
110149
81822.3
127028
215766
86014.8
61040.4
56047.2
108875
80799.9
109149
46286.6
48564.2
130303
81205.8
72602.3
148894
149206
159173
86645.1
136558
52824.9
139133
43363.4
45136.9
123344
121184
66163.4
95992.2
81326.4
44671.1
58957.9
85032.8
26042.1
82414.9
55798.9
16491.1
46159.2
44497.5
52567.2
50246.4
167200
128454
180279
53235.5
158757
49290.1
27231.6
99067.4
124102
86571.2
34225.7
40902.6
84968.4
52785.7
98156.4
77314.9
136670
35409.6
123210
30428.2
49630.3
90016.8
87346
31852.7
134220
58510.8
148180
43726.9
22147.3
72836.5
86325.3
52027.4
38743.2
13985.4
97122.3
66545.7
54791
96066.1
100347
78967.2
57937.6
99553.3
64365.2
140505
112834
99605
20987
3507.62
45724.6
49640.9
77274
116224
14391.9
67641
44669.2
29744.2
49972.1
138449
33727
25625.4
22681.9
55505.4
82995.1
80240.5
67828.1
105662
34663.3
55147.3
38076.8
14938.4
84173.6
82418.3
40587.2
51856.2
29087
43815.4
87480.2
20949.7
116093
95803.6
16011.3
52849.2
54347.2
58083.5
83013
47978.3
57110.1
119283
60298.3
45436.5
30427.1
41748.2
105449
50293.8
15392.2
21822.3
6555.11
41386.8
95185.8
41856.6
29810.3
140427
81204.5
50363.6
55329.3
78426.7
47311
53726.1
24560.1
105398
66486.1
33728.8
66645.5
52042.4
18060.3
15921.4
29593.7
15015.1
106490
77736.6
93722.9
36508.9
17113.9
104057
