6178960
298572
589862
1.0051e+06
2.88757e+06
3.19755e+06
772867
579674
392774
1.62251e+06
434221
481855
276914
286443
387046
51306.4
229989
489840
1.59052e+06
35528.7
85069.9
150716
195363
238927
296988
438835
421533
523269
454963
194799
54276.4
318096
471838
92832.7
232942
376022
366992
196138
183725
222488
294555
523587
140707
189404
254673
298399
334626
117977
113153
101907
112167
96152.2
90964.8
147136
182399
240251
164426
107098
150256
269398
25375.5
73217.5
111535
199801
142502
173380
85532.5
148806
189009
231702
107916
80314.5
122368
76847.2
47637.7
73499.1
120659
87952.8
82350.7
184931
256671
145697
201123
61696.7
78907.4
61787
120604
123095
109735
46354.3
119835
264025
86862.5
70891.5
61184.1
56125.3
57148.7
115469
110164
112330
63223.6
197057
117659
183969
158422
94326.2
48192.6
63712.2
139021
149042
62845.6
65378.3
44993
113841
130594
46893.4
51756.1
54808
56373.1
145588
48500.8
100359
62188.8
78077.6
116332
117998
147621
88154.3
139041
10981.2
18741.5
116930
158391
18514.5
91297.7
109182
33426.7
58615.1
51823.6
19978.2
73083.6
70254.8
145570
87960.4
86372.7
85683.9
10093.7
54172.5
96201.6
108651
59609.9
75409.1
53329.4
148759
40535.9
115218
67130.7
42612
70112.2
18798.6
59587.5
56819.5
76669.2
62652.5
127895
33659.2
93981.9
51396.5
62339.9
37743.4
77571.6
89598.4
2664.21
58843.9
61996.4
80727
130789
24131.7
75288.1
47304.7
35715.8
67445.1
82929.2
40870.1
70903.8
77633.1
116978
81119
27941.4
77837.1
47934
63113.4
81940.8
55728.9
104377
39409.9
69232
82575
49569.5
77596.2
2979.32
93209.4
61343.9
20262
92922.8
70029.7
54549.6
38432.9
49676.8
89620
67787.7
73600.6
14731
51640.4
60434
43497.6
39719.9
98759.9
65935.8
18795.5
59263.1
42030.4
22697.4
73877.6
840.648
17226.6
80627.1
46377.4
27338.7
33308.8
66607.7
25356.4
47973.3
40415.3
24323.9
25189
58836.2
85406.6
46010.9
32575.7
91428.7
42134.8
56394.7
25754.1
87247
78456.9
60782.8
66111.7
53398.8
84810.5
40183.6
37114.4
6677.49
111825
48291.2
42486.8
