10580825
160066
185540
201215
305172
530032
1.88743e+06
930776
331857
251791
152783
225289
1.45225e+06
2.55271e+06
739590
467264
336256
304595
153925
3.03716e+06
268103
201247
300814
312001
380182
147889
588280
296070
286360
395607
268989
279538
676607
138189
95893.8
96399.4
31653.4
109486
312768
227363
211704
103127
109914
254394
583055
379325
173981
186629
147073
225787
674038
514661
142574
151167
150791
103200
271883
415574
247046
103271
170861
79414
234713
294883
247811
209582
25636
66049.5
73014.5
254205
375092
190884
199258
137631
184234
89521.2
338838
37804.3
77536.1
88807.6
163477
185320
336275
200637
214880
130329
33293.3
92286.8
88631.2
243952
84377.6
179289
108791
193091
171870
50596.2
383086
81645.1
148782
37096.9
113404
39402.8
227936
152517
62431.8
99563.2
4915.42
101540
298639
48050.4
41510.2
78084.4
124260
96608.8
184531
186207
179225
56213.4
143680
204168
214441
86176.9
193816
94310.1
33226.4
25831.3
72516.7
218617
103773
126991
94054.9
62865
50414.1
167682
184918
46445.8
74573.4
52486.9
5572.74
111632
256724
59341.6
27329.7
107857
33782.5
23606.7
30288.3
42593.7
54427.2
30442.3
127357
111705
142040
166590
121574
91597.1
144405
108889
253489
213298
87735
25086.3
133501
68023.1
54014.2
59083
51507.3
144267
51183.9
53448.9
50856.7
169730
96157.8
117707
13587.1
59471.9
44140.4
78790.3
61740.5
18754.2
24342.8
43791.3
198266
102818
37638.9
143958
117620
52808.8
84623.9
91097.4
142831
108182
16778.2
55568.2
91966.2
48881.6
84746.6
158183
82297.5
31401.3
101620
15238
47926.5
170581
104269
93776.6
63954
66711.7
42677.4
47922.7
34031.9
135093
56502
46372
54994.2
141960
65026
95143.1
113663
68199.8
129928
117250
55384.1
108051
58628.5
103828
134066
57168
110649
39866
32998.4
55191.2
72591.1
106520
36927.9
148865
57451.4
34342
37791.3
82112.8
53730.5
115697
64044.1
69157.5
31134.4
147851
75667.8
67931.9
142383
37646.7
46729.8
70549.6
39667.1
74519.6
110247
43092.8
