7497360
592298
1.1461e+06
3.0633e+06
160545
1.11344e+06
433584
1.68299e+06
1.30506e+06
1.27284e+06
968716
942848
1.41424e+06
1.32051e+06
1.13269e+06
777514
518671
1.11942e+06
417275
361652
497389
500155
861843
97310.9
433648
706846
128074
330990
326643
369448
100519
257130
159535
374374
203992
245114
289220
433060
150276
291884
361427
204430
306239
683395
437595
271912
225709
145247
31605
131048
74945.8
136877
155320
191146
120320
187244
104310
165740
207219
139169
230189
131265
298255
264933
242093
89027.7
280862
144109
100130
111600
128178
198936
101997
177561
168970
105293
146439
175984
60671.7
271780
98494
19764.2
84852.6
93277.5
248620
59629.6
118539
73142.3
257894
199337
80023.3
106058
248210
72411.1
98819.5
116469
187327
56980.6
75013.9
150678
107830
14323.4
93847.1
172857
107271
24181.9
83965
140278
35417.2
57525.8
118926
174058
143020
65098.4
147395
173802
71144.7
4692.65
238486
75000
70769.1
58190
172975
125796
85674.4
32574.4
143521
96865.3
103502
100045
9215.93
12575.9
61389.8
77290.6
125164
23364.4
56170.2
70706.2
110479
112078
101150
123427
111762
131272
66433.2
39454.7
21960
88587.3
55785.2
132854
14796
75139.8
51405
17932.9
82217.3
64118.6
29141.1
63701.3
79004.4
72007.7
103191
87738.2
21748
137391
36932.9
43968.2
40800.4
107018
94769.1
39948.6
71169.3
41650.9
128041
17716.2
65913.1
106233
54147.9
56846.7
24384.6
91016.5
120756
117378
50880.8
95268.4
105053
97013.2
44071.7
71606.4
71444.8
65760.8
108331
17388.4
21431.4
89562.8
65488.9
127147
68980
21957.7
92292.2
52727
79154.8
56529.9
90082.6
9447.29
38393.1
16547.4
88701.9
80677.8
44986.9
31046.3
16702.3
83471
28340.9
25709.1
77681.7
81833.3
99536.7
83364.7
118888
52337.2
57592.2
51733.2
56770.3
93158.5
111317
94868.7
47141.4
12679.7
19581.9
52119.1
66170.3
96371.8
42292.2
47625
44792.8
77893.8
27725.9
79961.4
48781.1
136799
44682.2
38529.5
120073
136772
82578.1
59711.3
41329.7
27422.2
89489.4
6056.28
88408.4
77699
52763.5
64014.1
94758.2
55847.8
