6167616
884076
639031
1.57924e+06
572121
3.39482e+06
515501
1.01392e+06
465892
546208
2.25729e+06
519265
328451
789900
512598
869045
358796
690442
477051
351068
762004
504103
464247
470368
15456
314531
330862
317595
140243
135679
410268
125385
582514
207255
567886
442251
105813
131979
256648
434940
83414.7
131904
357445
177255
56549.7
120579
32140.4
145684
218186
263214
150606
119550
67795.4
115552
427243
130946
165079
215481
220246
207956
93664.6
261490
133481
46438.3
94667.2
56509
118731
156359
183852
174113
174208
254382
251770
94060.3
74321.9
87220.7
162183
166661
157988
93904.1
182777
34949
17505.4
259290
31158.1
62682.6
203879
109060
38581.8
94505.2
106579
124411
149739
108314
76459.8
100684
105220
39060.9
201028
93009.2
98166.5
106206
54077.9
133989
41875.6
55318
94045.5
45101.5
59914
51132.4
16393.9
131288
69903.1
122422
58251.2
131676
86454.1
92431.4
43931.1
111826
97349.7
108676
52564.7
136454
54637.7
102553
108248
85201.5
46247.6
57174.6
35774
70603.7
50716.9
29709.6
106092
152471
96325.8
90861.8
27983.9
29516.3
29872.3
152930
62575.6
32631.4
64367.6
48952.3
31403.8
119351
46577.7
47048.2
121766
84364.5
9647.66
42622.4
37498.9
111077
80457
12135.5
33328.2
46100.1
34141.2
67096.1
54760.5
55809.3
80487.1
133468
57999.9
5884.38
49233
52005.3
163730
40158.1
108340
110289
75742.2
32548.3
62264.8
42883.4
20392.1
82491.6
52081.6
29641.7
40470
38139.2
59025.1
126504
48693.1
111467
73311.1
111448
33202.1
36993.8
140990
54690.4
89791.1
44231.7
58031.1
37600.3
18017.5
64125.3
52252.1
33348.1
85020.9
45430.9
78410.6
49524.9
29904
83566.6
58321.8
59208.5
59076.1
75925.5
68523.4
22484.7
91972.1
44497.8
111882
83454
70893.2
71617.1
23868.7
57204
76888.8
12939.4
37516.6
38171.5
58187.5
102839
25045.2
9053.02
80132.3
75313.3
68841.9
43954.9
95576.9
53546.4
75172.7
72431.5
83454.7
12341.7
80360.7
42788.5
45668.2
46345
24173.6
28463.1
67536.1
56183.8
30966.4
94808.4
48807.1
43301
10649.1
47072.9
59520.6
75457
