9669667
514665
875729
1.74268e+06
2.3256e+06
1.5189e+06
683334
1.03133e+06
1.123e+06
1.15888e+06
1.90594e+06
298646
1.00356e+06
742770
671092
674975
220815
971134
624989
256875
717999
1.0123e+06
398701
289854
289324
696206
158023
669404
598334
479898
574969
197821
166416
402820
416012
423685
385287
406955
603003
487210
479747
376056
91848.7
299750
29322.3
339226
192260
319231
107117
201511
194476
185497
335796
147552
104156
374207
79345.3
82656.5
152159
258171
156396
323065
159004
160352
77725.1
158981
189735
258369
129259
298882
93684.5
91355.6
59660.5
147606
73164.9
76506.6
242228
184367
62819.9
124732
259172
93925.4
125885
27998.6
157218
53045.4
192907
104198
209238
248477
138710
26179.9
112266
94330.1
62218.6
31982.3
110216
124643
81804.1
209375
181486
62302.7
64991.7
50971.6
71920
86535.1
165133
211519
34868.4
94064.9
108693
166413
125214
125341
45614.8
113807
152277
44617.5
89053.1
151451
132370
81874.1
36861.3
64654.2
71253.7
27169.6
62383.5
113530
73338.1
168601
34710.7
150029
94925.8
35927.3
162781
84057.9
148104
66475.1
80708.5
194079
28252.3
143779
115015
9624.09
20171.9
140998
126803
23864.3
88998.9
96114.9
25024.2
112911
49210.3
98459.1
141223
156526
31704.4
50429.8
58391
48095.8
59793.2
69089.1
42841.5
121119
46550.1
72673.6
58002.6
66913.8
141102
67533.4
92604.6
68888.7
59061.9
87439.5
46946.7
136731
13001.1
97139.6
138573
91057.6
58364.7
114482
64368.3
18429.4
140542
51131.6
38257.3
99356.4
74238.2
50920.1
45785.6
39346.2
48808.1
69380.4
103516
87919.9
97034.9
132991
42232.7
34933.7
37217.8
77466.3
32070.3
32909.9
88196.2
49390.7
48603.9
131035
69282.3
61777.8
81970.4
59141.7
62825.7
46968.6
45536.4
93970.2
53525.1
61080.7
162025
51533
49050.1
43064.9
31713
57778.8
56129.4
103037
106166
80370.7
27037.6
65603.5
42810.5
162817
93313.5
88443.1
60690.8
94251.5
34947.3
69578.4
32314.4
64544
37694.4
76922.4
17211.9
74812.5
80828.4
64889
35477.2
24392.5
50344.3
54581.5
95490.1
15982.9
76243.8
53044.2
121111
140139
