0
14482.9
6288.37
14342.4
37953
161378
16038.4
10055.9
16321.5
21629.9
15819.8
12630.2
19565
28163.2
2365.05
9412.76
24767.4
22170.2
15362.7
9255.69
19753.4
34927.9
23272
30153.7
3311.12
17682.3
12500.8
14747.9
20323.4
20851.3
3457.69
25111.7
16109.8
15351.4
17549.5
7854.9
13673.4
9419.26
10834.4
15669.8
8340.62
6099.68
10219
7823.38
3495.94
7592.37
5283.77
7359.92
8184.76
11809.4
1101.8
7532.42
7998.41
3264.54
4320.07
8759.54
12445.1
5343.4
4438.78
2402.51
13008.9
7645.21
8919.33
5322.44
12264.2
8156.62
8095.27
5982.96
15790
2914.72
3082.03
1970.77
13320.5
9532.07
11697.9
6440.84
4256.82
1658.19
5988.49
13916
10035.8
5097.39
2001.47
7536.65
2764.95
1635.48
7609.9
3917.2
5592.01
7819.06
8057.3
6550.35
304.644
2594.96
3637.49
13121
8108.58
4672.35
8465.63
7577.95
4363.82
3118.13
3680.12
2851.38
1356.23
5499.84
4091.36
4599.83
6593.04
5826.02
3356.63
639.2
4280.54
3405.17
909.249
5709.1
3062.13
3469.25
2987.75
6998.63
5732.05
10412.2
1412.99
7783.32
1282.73
1831.09
5758.5
456.934
0
1044.93
5266.4
1731.3
8646.96
2702.27
2961.51
7881.87
3780.7
4232.04
1377.6
1742.95
3089.54
4957.92
1623.34
7103.39
1075.9
1664.02
2521.45
1802.27
5983.79
4028.79
2370.88
4427.19
1458.12
6136.24
2216.2
3088.97
400.731
4157.55
1539.94
4358.2
2712.12
2148.11
2970.98
1879.92
2384.36
3350.3
5892.53
4989.08
1752.44
4146.43
1578.01
10882.5
2031.94
4411.42
3049.71
3334.72
1463.67
2000.98
1494.81
413.446
1228.67
6721.05
9433.81
5323.73
4817.27
873.916
2439.12
3239.96
3042.11
6192.66
725.342
7855.8
4275.63
4636.76
5031.06
3491.2
5002.69
2700.01
813.022
1055.46
2924.92
1565.75
1796.32
4410.11
4606.8
5284.41
858.625
1584.32
1666.94
2379.35
3368.16
3728.77
1493.45
1027.82
2404.22
2205.13
2366.78
2113.17
5731.48
2830.2
1444.62
1520.2
6433.62
4825.98
2365.61
383.943
1561.08
2229.87
768.173
334.498
3656.9
1108.69
854.385
3113.11
882.388
1667.48
2335.96
3092.38
1427.36
1995.14
2478.33
7851.38
1319.02
166.301
2282.82
5990.14
1464.33
3292.88
1514.96
6530.31
3112.82
2393.27
2943.04
2168.1
2658.97
805.522
