7028610
65796.3
101542
65468
329852
4.80242e+06
341722
83557.2
135837
216719
1.28225e+06
141948
93194.9
73936.9
202446
1.19429e+06
307352
93814.4
140766
297100
970076
279404
88482
66154.5
56748.5
216618
190742
80692.4
144502
294019
735452
363087
89569.1
121693
82866
184919
43954.2
87653.6
85500.9
215493
376793
337808
69460.9
153750
169827
304228
168065
95894.1
19425.2
101752
104573
239003
52033.6
166047
180181
252078
270474
122662
58988.8
56281.4
68859.7
92383.4
41592
125326
140437
122695
281587
130541
103462
93260
124135
66969.1
50275
76839.6
64880.7
5333.49
223777
120563
123883
93919.5
96222.1
158395
104234
54778.4
57437
67713.9
108032
92308.7
102758
65245.5
36372.4
191701
145027
75037.9
81263.9
81852.2
18430.7
27301
81331.4
8486.92
63458.6
143908
154273
84094.9
86850.1
45639.9
88474.5
47297.5
88923.8
37710.5
82899.8
67249.5
128238
61813.5
73325.8
32185.1
116005
92287.7
109401
56996.6
65110.1
30695
77745.4
32582.3
64795.5
54120.2
83574.8
117602
117912
59133.3
26960.8
78567.2
18908.1
52675.5
65749.6
60959.8
26178.3
108140
102236
51120.9
9692.85
86073.2
35357.7
101344
50779.9
33868.4
52516.1
77618.8
58280.8
66645.1
27142.9
63322.3
62223.7
131935
20720.1
14926
95397.8
32160.6
23531.3
64271
13855
24845.7
62584.7
130227
17346.3
29801.8
101611
17576.1
59090.2
54694.6
17591
61485.3
34912.3
101447
36280.2
31192.9
76494.7
27444.3
93453.6
38841.1
44741.2
96150.9
4975.5
60776.7
40497.9
15507.1
37638
23372.3
112130
52234.6
58564.4
101046
26199.7
24709.2
25430.5
47552.1
26559.3
13679.3
96347.7
57494
40582.4
83110.1
30995.6
48182.3
42193.6
73256
52363.2
35427.5
65474.6
48141.4
5792.58
59292.7
13783.8
70447.3
71606.5
84681
60345.9
50360.3
22954.5
16613.3
37123.1
34082.7
19700.1
71969.9
80659.5
69262
58056.3
49560
39036.1
39806
66781.8
19695.2
38132.5
50647
63385.1
39366.9
42161.2
51661.6
66930.4
70554.7
81882.9
13436.2
53642.1
27965.8
36595.9
32069.5
38054.5
42137
66480.1
76834.3
74717.1
1491.7
67356.3
53347.7
45617.1
37428.1
