7579627
694842
482524
1.06155e+06
1.10927e+06
240812
351812
2.51336e+06
924640
978627
1.9584e+06
510232
1.1422e+06
2.37758e+06
189325
174060
310293
764725
689987
988693
154644
521462
447829
262631
965312
833216
638512
990952
116800
560435
248910
92650.4
175397
306761
743105
213459
289633
130141
560154
253152
358437
135507
367784
254107
489676
320079
189230
166544
249180
143363
420388
146969
88006.8
326645
350936
164730
154191
229806
390805
278194
118750
8697.48
392327
108020
132999
156739
250642
65028
279461
116336
259347
115990
148056
217093
219134
61684.1
139471
58714.8
16222
282242
217046
48866.2
90986.5
101370
121935
168457
111002
83489.5
150193
246062
29740.1
73309.5
124676
59394.3
119545
165271
240068
46582.8
114858
101510
120637
198573
91682.9
177668
89800.6
205803
212851
157606
200640
94010.7
70176.4
48829.7
102804
106939
202596
56369.7
55262.4
55606
64403.5
134836
85343.8
92988.6
88811.5
181722
113842
101392
62695.1
237174
98172.1
192650
116818
94010.3
84471.3
145841
115820
113615
154604
189708
148894
133895
160305
85930.5
30562.9
12346.2
44800.8
45864.9
134268
102584
34101.9
64548.7
117907
31384.4
125158
64345.8
55309.3
116081
79681.8
33400.4
40323.3
30525.9
85009.2
110053
22050
106317
76739.2
44351.4
45989
46296.5
79909
79481.4
196110
33444.6
127876
7583.74
53769
109884
93534.6
194130
131856
80758.5
48710.9
20800.4
48247.4
21727.7
77393.2
133052
24781.2
135440
94868.6
32044.7
53361.1
135516
77059.8
22545.4
58312
111534
101443
133099
63387.8
138922
72879.5
97579.8
36166.5
51891.2
24943.5
42312
10125.3
65345.1
105291
81560.6
38046.9
51201.6
112925
52809.8
77772.6
89277.5
33723.3
6785.17
165447
140559
123636
117366
163308
6488.61
52824.4
53584.4
71163.4
93248.5
55166.2
52399.2
22931.3
107631
122309
113620
48551.4
76239.9
39370.6
53860.3
86098.8
45266.4
101460
92383
90922.6
48873
89160.6
13726.8
10933.4
18189.7
30771
31604.1
32453.7
75291.9
77912.6
189281
72879.1
66776.1
