7570551
1.39984e+06
2.68875e+06
2.43886e+06
240083
2.27746e+06
834855
1.38203e+06
541292
834725
808213
310531
1.28963e+06
712305
1.00754e+06
1.39176e+06
368815
590208
716632
698187
395072
449864
503459
522499
384341
167002
171997
213883
367870
417338
163828
163602
339452
249157
82860.3
355626
234998
138250
135000
189341
95646.1
210384
343529
79428.6
13712.4
205455
285080
203603
245990
333432
71785.2
152106
222329
332911
143704
102411
65662
202339
28268.7
131582
131943
100261
139440
75791.3
90750.3
182926
24966.6
163261
149953
166095
83664.1
144442
111307
124915
78893.5
187459
274488
72016.8
148489
202366
45755.6
74414.9
50554.2
194187
15567
102035
94280.5
118116
92434.4
72439.9
43826.5
111899
66546.6
126794
97701.5
68385.3
67511.4
61602
44773.5
91518.1
66253.1
40763.9
204470
160322
36841.6
47242.5
107706
41427.4
20249.6
45425.9
173757
45486.4
89600
172673
98838.8
58162.9
82449.3
59166.2
56314.4
19475.4
49836.1
129421
124778
109556
76252.3
19033.4
32000.3
84018.4
117924
64513.7
48358
34370.3
18256.1
58223.2
38775.7
53666.3
199163
120921
23791
28538.6
88686.5
65979.5
62240.3
79185.5
40712.4
71259.5
30659.8
55786.8
3604.36
44572.5
49180.8
55937.1
49923.4
84671.3
45248.6
61817.4
14271
116028
57687.5
68141.4
97953.6
51932.6
44799.4
114114
60408.3
75294.6
103886
53446
59045.1
1694.2
117894
109541
35228.3
67378.6
79175
48767.5
57967.7
47723.2
11982.3
61991.7
27953.7
67913.1
19825.8
59094.4
43182.7
14820.1
34375.6
80313.9
76283.8
24511.6
78656.2
40819.1
10176.7
44601.4
48220.7
28745.1
79908.8
67529.1
65094.2
7894.49
93308.7
87249.7
119378
65545.2
93744.2
28302.7
26636.4
48898.7
40075.5
26789.3
118022
43643.9
41769.7
47874.4
27786.2
23538.3
59166.3
46378.8
45573.2
11330
62186.4
87994.5
68489.9
19606.6
116304
21921.2
27270.5
28158.5
55419.7
25632.1
51521
95595.8
11539.3
48180.5
74269
40105.7
87862.6
34469.4
42618.8
30706.3
39318.5
56994.9
62835.8
22915
65837.7
76955.7
44387.9
74099.7
57230.8
62293
16930.1
72867.1
14420
71888.5
93037.1
35727.5
