7904485
168540
236462
359046
483778
4.3378e+06
1.19015e+06
329831
220106
387213
494035
785644
334958
254189
711771
1.4636e+06
929191
468548
217934
118129
64297.2
397765
628354
360586
200615
265956
750834
335308
142233
125669
460137
274953
234040
233384
20685.9
298424
722080
156888
380752
223190
138652
396384
262463
267681
203477
116906
306513
325203
93910.6
116697
37307.2
188632
329267
117311
70096.3
90991.9
335354
98203.7
193357
109496
112101
156263
99023.8
235321
60216.7
160606
212325
155309
108349
130453
59701.7
119272
96408.6
94831
112702
131373
97683.2
197825
53601
150614
13266.8
81650.5
75659.2
49360.5
101022
58160.8
73192
212592
72944.3
193257
92823.8
138696
75028.2
37219.2
142443
44120.3
158279
173096
64553.3
44019.7
123651
60958.4
163744
33933.5
56063.8
172281
69743.2
122098
89527.5
77750.9
184936
69102
129498
83674.1
72293.5
120600
144252
122620
44146.3
39967.9
57339.1
155280
95417.9
113061
58605.2
51169.5
92701.6
100106
139020
38676.9
85749.6
103197
96943.5
83860.4
11716.9
28975.7
21479.5
88893.4
93867.2
81431
81355.1
67903.7
48479.2
98081.6
25851.7
48108
33891.5
20284.1
130018
84302.5
55356.9
48066.1
83074.7
65536.9
33053.4
33986.7
35183.6
38417.1
132121
75279.8
58762
78576.5
49867.5
42242.5
82173.3
69554.2
39521.1
37609.5
100164
88715.8
107817
73064
57027.9
67659.1
53243.1
46333.2
24241
6979.35
41556.2
180730
93079.5
91675.6
45664.1
16199.1
103196
76355.5
65808.1
26034.5
17488.3
60879.1
152701
50555.5
28136.6
27999
65413.6
80310.1
36178.6
15417.1
43031.5
96825.7
20760.9
124955
67635.5
35351.3
33067.4
84307.5
107987
21327.6
29851.5
47310.9
40527.5
79591.5
49943.6
35991.6
19524.2
77706.4
47073.5
43638.2
26815.7
49685.1
41664.2
54444
92103.1
10932.5
10740.2
67196.1
55493.7
54837.7
41084.3
29345.5
67898.4
68384.2
123232
28800.4
21408.4
43902.3
37065
80172.9
41669
71516.9
85094.3
62536.1
34379.9
83714.1
29734.2
25794.5
73843.9
26539.3
94390
22795.6
45380
33033.7
80846.6
136974
57729.8
40800.8
