8029507
270124
164650
1.28515e+06
292538
4.28169e+06
403444
1.24972e+06
163969
536447
319728
314350
323742
820454
114138
738744
406400
780035
257010
633700
94724.6
233648
434404
438380
162621
400694
215466
244107
271662
544677
198974
54294.4
228587
196654
313464
375384
34740.1
232680
214942
222395
179692
86654.1
43222.8
200003
331280
195980
213590
184918
51388.1
162344
144658
64344
133476
226476
170597
77309.8
208146
77526
154828
226183
134318
82795.4
103130
227404
4533
23525.2
95199.1
194644
174179
133744
55833.6
98557.1
76410.4
235734
93907.3
78188.9
83247
157984
87843.3
145817
97588.5
59105.5
29008.8
174468
142845
69488.4
100369
46333.8
80251.8
117038
13330.9
111687
137865
111425
112679
91668.4
96745.8
11863.4
124338
25530.1
102708
152541
158715
97475.3
45164.9
67254.3
37545.1
49480.5
123852
89481.7
160819
110316
90207.2
57887.9
108669
28858.2
38935.8
60607.5
87703.9
64590.5
64024.9
35814
154954
40532.1
82220.7
20157.9
89085.8
36587.3
34093.7
32874.7
76583.5
41089.3
157945
14529.3
46598.8
88842.6
104387
45814.6
33575.9
49821.1
145012
81008.4
63180.3
48060.7
117071
119589
58431.6
50668.6
48361.3
32113.6
92831.8
113369
47725.9
66480.6
78527
48950.1
84339.5
81551.2
40395
31947.4
10213.3
90663.2
70952.3
40684.7
19514.2
49300.1
119023
59249.6
41572.3
37346.6
89878.5
35830.1
78756
85516.9
74922.2
69065.3
78037
42052.9
49476.4
54596.9
138532
51068.9
79882.7
91061
44089.5
24279.4
37589.6
93306.9
54646.4
33017.8
109081
55405
81528.2
35759.6
15854.9
96269.9
27910.3
53293.1
40619.8
16801.8
43192.2
46476.1
85029.7
32659.7
61002.7
88884.9
37161.2
67720.5
90361.8
21939.9
79325.8
20542.6
37134
70040.6
88598.8
9647.56
74047.4
113397
88196
61952
52557.6
26713.3
68961.9
71358.5
76788.1
52087.9
70731.3
57222.8
32835.9
107200
12589.3
70466.5
71397.8
37236.3
20556.6
58626
18094.4
47196.7
51292
71497.6
3269.65
74380.8
20068.4
65551.1
69526.1
61238.4
25674
61283
83636
31433.5
49033.6
67406
63570.3
95168
93689
44675
