6400036
541702
296675
632575
769413
2.19554e+06
3.38381e+06
1.0188e+06
447280
555615
320299
1.5602e+06
237512
112885
262977
116083
405037
1.39513e+06
371368
52006.9
66348.3
190749
157643
1.35161e+06
164232
210695
77349.7
280518
476689
409431
136365
94515.1
117495
286116
1.28458e+06
323474
67521.4
169023
122306
455583
635897
212754
131745
137849
129912
231582
129004
108391
46181.8
138334
166956
455949
195222
43273.3
132041
124788
119045
118875
65739.2
3299.11
118217
171438
416095
172388
27798.2
87047.9
82071.5
118715
306543
126180
122931
153113
101677
152240
213466
53960.2
40112.6
37352.4
25122.1
243187
137358
64135.6
30014.6
20266.5
58905.9
109615
80966.6
62247.5
77047.4
54917.2
153653
375356
127619
95268
43243.8
115886
191294
111714
26458.2
69615.2
32299.8
155508
195388
55840
22989.3
20249.7
110296
206772
205467
133482
86048.7
131947
75969.8
74269.8
61829.5
34525.6
55361.1
99170.3
79837.1
212888
67356.1
25924.8
62876
113782
73894.6
86890.7
106784
86020.3
134763
143603
193369
77260.4
35044.2
31139.1
49222.5
70335.6
229225
63731.9
77307.8
62694.1
50224.7
56468.6
27304.4
25614
69150.5
45878.1
50217.4
153640
88423.3
67939.2
51201.9
36472.7
46346.8
98077.3
44296.4
44629.8
82568.1
75398.2
142376
101304
29132
17875.9
36036.2
83149
189695
45758.7
42639.8
87984.9
43572.5
66321.1
30770.8
25662.6
58827.6
43272.3
89406.7
116803
109881
87218
46235.7
99622.9
105465
54772.5
15330.6
61180.1
102179
113484
83797.5
127949
31338.8
12771.8
52177.8
56302.4
32389.2
124875
80160.3
77814.4
65918
120436
87405
21205.3
9568.48
60633.5
62755.7
106877
152472
22690
50324.8
57025.2
41076.1
10129.8
75690
58194.1
76558.5
76979.3
57380.1
110825
37586.1
24729.2
7423.39
11390.4
21572.3
128404
61576.5
79381.5
77898.4
49997.7
79776
25983
40246.2
60583.5
51523.3
111722
130626
72813.6
89193.1
52410.6
71805.7
51501.3
49594.1
26032.6
90163
103949
29995.2
27247.6
66279.3
46243.5
25569.7
46623.7
52410.1
30646.9
49375.5
98693.7
93786
95116.4
116905
46322.9
