7772913
649968
131135
959463
320223
1.3147e+06
648932
1.87572e+06
1.32998e+06
2.80226e+06
1.04031e+06
1.40413e+06
1.34163e+06
1.8284e+06
1.05938e+06
365531
338674
206573
32944.9
180357
844272
324510
292069
192280
581274
244149
546185
624325
564108
321450
479835
499071
694314
404980
479140
185602
465391
167983
315572
152907
148429
260332
111858
134782
384028
122705
180290
307783
288852
441110
90787.5
209976
155994
174148
344239
142975
220959
146078
113431
218253
14431.9
446482
88711.2
148232
19015.4
265882
363246
242440
64152.4
96864.8
246682
16877.5
99862.9
70236.1
163002
122204
131227
282773
232450
90833.5
90760.7
122052
86032
90253.4
40776.3
252739
52290.7
116930
109256
64679
154053
182985
132915
88197
102320
95097.4
137707
166915
129321
141301
46201.7
36691.8
170409
41641.2
49177.9
110371
28561.6
218639
90796.7
92513.9
126384
175160
147867
72100.3
114895
241730
123271
88293.9
157180
130455
68630.9
44447.4
24146
116101
75234.8
28844
55937
123600
73245.1
11722.6
83754.4
36525
136720
123268
244505
75704
152722
61382.3
39343.7
124731
64215.1
72974
74951.5
113924
31380.9
40633.3
91054.4
67297.7
42854.7
12786.7
41963.7
88880.1
24056.2
27454.8
172723
257203
69406.4
39397.6
50894.9
102977
44852.7
79185.3
77781.3
66876.4
64117
88623
71983.9
26793.8
45580
63887.5
88185.3
23269.9
101727
69504.2
45516.1
97259.1
104760
32020.7
103682
156859
48427.4
33493.4
34638.3
41177.9
64859.2
46597.8
81349.1
74478.9
58186.9
94062
94136.2
63750.9
116085
87629
72299.7
116484
30906
39016.7
77725.1
58879.9
58752.7
145673
27231.1
45115.5
97963.1
34324.2
78161.6
71721
67207.3
27420.2
102855
78081.4
204034
28297.6
50130.8
74762.5
26001.5
34620.9
21672
96413
49318.2
39514.7
43305.6
15066.8
145279
24373.7
67025
14871.4
63599.1
86419.7
94685.7
112422
115799
54701.8
62293.3
105751
72988.6
12777
27694.9
77720.2
77773.8
79192.8
139962
10867.6
33961.7
20262.6
9127.48
40510.7
91066.6
24763
56856.2
82257.4
35145.9
51322.2
61973.4
134007
