6105065
187267
824450
646867
451221
3.55645e+06
326679
1.34173e+06
1.26695e+06
123620
732103
202339
404591
1.11073e+06
565882
1.27498e+06
558440
563252
253835
332500
698062
534859
390440
662182
398522
505844
339861
613606
793873
280916
183896
352189
346509
411202
178505
42044.3
520498
276783
143248
266141
228808
124865
79066.1
263117
354741
138859
190479
391349
89496.1
348162
91880.9
238569
270249
157130
221191
31257.6
347825
110875
252205
171624
123714
106559
177220
165732
195291
92912.9
134279
56428.5
182121
56068.2
173203
57015.1
262873
75593.4
219036
279873
26680.5
174424
163860
189367
111876
14076.7
240680
96144.6
85202.7
215153
22094.2
214959
140099
23318.8
21151
44917.4
56403
38287.5
133409
135467
125028
71402.1
190762
32133
35943.1
84826.4
39714.2
113041
120156
77273.7
37761
32405.8
125034
148700
81038
135316
141045
173714
75347.8
100537
180183
155151
71973.6
88594.3
78237
99177.4
9761.66
46393.2
59417.5
72092.9
138277
99116.6
103705
36592.6
26032.3
43075.8
61981.6
121528
35357.5
71737.5
154046
83811.1
45628.8
84989.2
58884
61470.9
62157
56026
50435.8
84528.7
79900.2
62990.5
18209.1
66973.8
124613
58698.7
85078.7
33315.4
91615.8
81542.9
118421
60778
29123.2
30092.1
73170.3
13210.8
78813.4
59613.9
26938.4
20978.8
85813.2
99996.5
105022
27807.8
75277.7
66469.6
145347
88836.5
15461.6
128400
29826.6
151087
121443
81227.7
96487.8
6161.62
58078.2
33702
72379
106993
48529
31258.2
113364
60087.8
59914.3
27369
53463.3
19252.3
83664.7
25957.9
125296
50503.8
55798
89233.9
20221.2
148756
11602.3
39716
120925
39822.8
46245.6
12339.3
54938.3
93815
38726.8
112212
16387.5
106395
41873.4
42324.7
119329
30105.2
35083.7
94269.4
30647.9
36630.7
23681.9
72659.4
45653
43383.6
81475.1
46039.3
21481.3
35170.3
43863
82894.2
91260.8
43946.7
82750.9
66264
94500
71872.8
37243.4
129504
37433.7
15888.3
10886.6
67776.1
57947.4
83763.5
56703.8
29866.8
21589
23978.7
23346.1
33663.5
95712.8
54153
67117
109859
