0
14463.4
5978.25
13311.9
37532.4
148033
15187
9583.3
15366.3
19787.4
15474.9
11319.6
18000.4
25174
2365.05
8420.66
24767.4
21985.4
14261.9
8525.59
17125.1
31049.2
22983
27464.3
3311.12
15837.8
11875.5
13938.3
19901
19008.7
3457.69
22878.6
16109.8
14797.4
15635.9
7575.86
12325.3
8835.17
10099.9
14386.1
8340.62
6103.51
9858.22
7172.34
3495.94
7030
4923.69
6568.93
8184.76
10889.7
1101.8
6972.46
7998.41
2817.03
4027.03
7952.55
12445.1
5339.88
4438.78
2400.39
11636
6961.33
8214.22
4908.44
12264.2
7534.46
7446.7
5464.36
14200.7
2897.56
3082.03
1968.61
12737
8634.07
10937.2
5549.47
4256.82
1657.71
5983.35
12799.4
9780.4
4514.95
2001.47
7025.27
2764.95
1629.71
7291.93
3921.18
5592.01
7195.98
7434.16
6147.69
304.644
2599.18
3283.43
12641.9
8108.58
4242.32
7882.34
6912.67
4363.82
2974.94
3680.12
2563.09
1356.23
4957.03
4091.36
4100.89
5722.58
5313.78
3287.8
637.824
4280.54
3072.69
909.664
5119.29
3062.13
3107.9
2988.13
6345.99
5732.05
9884.6
1412.99
7102.62
1277.73
1755.62
5608.92
460.831
0
1033.22
5263.34
1619.63
8541.94
2498.01
2772.53
7447.98
3780.7
3866.22
1386.64
1540.98
3089.54
4429.46
1623.34
6390.16
1075.9
1665.02
2521.45
1640.61
5159.5
3586.22
2366.05
4030.69
1458.12
5538.5
2216.2
2960.11
400.731
3781.07
1539.94
3962.77
2712.12
2115.52
2643.41
1872.3
2384.36
3164.54
5419.71
4579.19
1752.44
4054.03
1578.01
9984.11
2031.94
4080
3049.71
2987.88
1463.67
1999.65
1494.81
413.165
1228.67
5798.42
8800.61
4820.49
4817.27
876.216
2439.12
3241.11
3042.11
5671.29
725.342
7230.12
4277.49
4292.62
4600.48
3177.25
5002.69
2702.62
813.022
1057.1
2924.92
1425.18
1789.97
3792.19
4606.8
4926.49
856.005
1591.86
1666.94
2069.69
3368.16
3426.97
1493.45
1022.61
2404.22
2209.23
2366.78
2112.19
5306.75
2730.52
1444.62
1531.09
5772.71
4662.41
2365.61
383.94
1561.08
2008
768.173
331.436
3656.9
1111.22
854.385
2875.17
882.388
1459.37
2335.96
2823.65
1427.36
2007.46
2478.33
7029.38
1319.02
166.589
2282.82
5419.63
1464.33
2973.54
1514.96
6215.82
3112.82
2167.45
2920.36
2015.21
2654.33
792.83
