0
14366.7
6090.71
13752.6
37703.2
153507
15555.3
9748.23
15750.2
20541.7
15624.8
11858.4
18643.2
26376.8
2365.05
8809.87
24767.4
22064.9
14733.2
8832.04
18163.3
32600.9
23085.4
28572.4
3311.12
16588.3
12124
14293.2
20080.9
19766
3457.69
23803
16109.8
15021.7
16433
7681.28
12873.4
9064.87
10400.2
14910.4
8340.62
6099.68
10019.2
7441.97
3495.94
7237.43
5098.13
6903.61
8184.76
11256.7
1101.8
7189.28
7998.41
3001
4155.45
8297.64
12445.1
5339.62
4438.78
2402.51
12193.5
7250.9
8504.97
5079.83
12264.2
7797.83
7714.17
5668.68
14846.8
2900.23
3082.03
1970.77
12959.8
9004.71
11265.3
5927.16
4256.82
1658.19
5988.49
13256.8
9780.4
4753.61
2001.47
7231.58
2764.95
1633.36
7411.7
3917.2
5592.01
7460.34
7676.67
6313.33
304.644
2598.11
3442.06
12831.3
8108.58
4398.93
8107.36
7168.23
4363.82
3043.94
3680.12
2678.21
1356.23
5197.31
4091.36
4314.06
6069.8
5508.79
3287.8
635.595
4280.54
3194.37
909.249
5358.46
3062.13
3262.08
2987.75
6597.83
5732.05
10109.4
1412.99
7384.09
1282.73
1758.01
5644.81
462.05
0
1037.46
5266.4
1666.32
8579.21
2575.25
2833.66
7621.74
3780.7
3996.58
1380.91
1618.45
3089.54
4649.94
1623.34
6671.57
1075.9
1665.04
2521.45
1700.49
5489.35
3765.77
2370.88
4193.28
1458.12
5789.1
2216.2
3006.08
400.731
3941.47
1539.94
4122.14
2712.12
2112.66
2743.82
1879.92
2384.36
3199.16
5603.07
4736.73
1752.44
4061.84
1578.01
10352
2031.94
4228.62
3049.71
3132.65
1463.67
2000.98
1494.81
411.359
1228.67
6188.93
9044.9
5019.44
4817.27
873.916
2439.12
3239.96
3042.11
5889.64
725.342
7496.87
4275.63
4450.46
4779.07
3330.33
5002.69
2700.01
813.022
1053.34
2924.92
1463.96
1796.32
4060.85
4606.8
5075.41
858.625
1590.9
1666.94
2200.4
3368.16
3547.07
1493.45
1027.82
2404.22
2205.13
2366.78
2113.17
5475.54
2730.55
1444.62
1520.2
6034.41
4728.37
2365.61
385.903
1561.08
2134.62
768.173
332.824
3656.9
1108.13
854.385
2962.02
882.388
1503.27
2335.96
2931.11
1427.36
2010.69
2478.33
7363.87
1319.02
168.048
2282.82
5651.91
1464.33
3095.48
1514.96
6355.01
3112.82
2253.35
2920.36
2073.4
2655.22
796.77
