7377760
627184
615033
834191
1.34511e+06
1.18283e+06
955961
581136
323130
2.80676e+06
683451
452887
450505
243813
449218
555192
316847
694161
2.15991e+06
678125
494557
424257
733003
816676
343806
78458
434858
482713
272191
216776
349565
579356
608582
171196
142295
275377
645062
222566
171040
319794
334591
211069
367699
42314.4
223692
454030
195078
268297
340487
282880
74735.8
328182
300535
291895
621650
132456
164572
195672
83775
283062
320512
366889
94979.9
484810
380493
419500
241414
194962
191378
286056
289558
137540
95936.9
124801
116723
186856
221740
191624
226932
132643
131545
316621
103969
133098
172477
206284
299674
115674
79573.8
174766
312573
181519
66009.2
359446
77017
354486
16081.4
151424
129518
81935.9
233008
218355
268070
121829
145728
168401
44546.3
191266
83307
65959.5
189485
128313
69468
105713
184839
97841.6
72137.3
198318
219445
99892.1
33342.9
39162.6
72216.3
132581
239418
9226.96
274351
164241
238374
60140
86031.5
151109
147232
210489
268246
73482.3
34017.8
191896
20125.1
50079.7
176906
101571
123820
69598.6
145787
251308
50242.3
38128.7
105197
32573.9
103649
38060.8
222065
234349
102146
82857.2
39671.4
218126
70389
54911
157134
88522.2
174526
200520
61407.1
59415.5
61403.4
163543
143449
191849
40836.8
157846
141429
63449.6
110069
84042.3
149448
133202
19307.7
178255
114052
135035
73041.2
181799
6423.77
47097.8
62940.3
76345.2
205199
183752
112307
42792
59041.1
84811.3
102856
73398.8
155053
92626.9
68813.7
103419
10676.2
58416.1
75439.1
77015.8
36863.7
113553
109106
178721
60714.4
94829.6
45638.7
131622
82076.2
84253
94225.7
201036
98175.3
90101.6
28222.3
22699
42962.7
81181.2
68455.3
94193.9
27913
147372
99190.9
32571.1
45367
127391
63224.5
92351
84023.8
99671.2
63885.1
120928
104168
129074
140842
87398.7
100134
67461.8
184186
107608
121322
81298
57185.7
49848.3
120253
14882.9
83888.4
142792
69542.3
120710
2783.9
82866.1
