5837972
1.10434e+06
1.70583e+06
564562
1.86753e+06
2.15979e+06
1.17519e+06
1.99042e+06
399338
622175
503847
191973
1.59349e+06
1.70988e+06
690324
287133
214196
1.24052e+06
218366
192204
428110
456015
441522
334784
394803
474851
252460
764666
475102
494134
158911
112539
314551
354058
289461
76028.6
100565
179629
195839
267639
259551
171340
74909.3
295913
320041
282093
127229
179419
18691.8
163674
165185
172890
203036
167122
366065
132643
231998
110738
213332
193775
50549.9
118804
130329
177766
209342
196729
223977
34271.6
161124
83684.7
77058.4
93213.2
230731
136817
56658
138120
88100.1
110254
123050
287660
89297.1
40026.3
104614
152008
153692
198801
16405.3
120851
144279
87408.8
93860.6
167704
137157
131739
65746.2
87186.6
43763.7
20659.8
116923
80148.5
78226.5
91377.7
136497
66932.7
110224
113149
88001.1
71950
71937.3
52959.3
15723.7
111470
105288
42580.4
131348
74488.1
201278
134332
125784
92845.2
89966.6
59303.5
56025.3
44494.1
50325.5
96534.7
130180
103544
73662.9
74814.6
81282.1
77826.4
156215
55817
27688.5
27197.6
90633.7
52543.5
11876.1
41230.8
19109.2
139425
35082.4
140600
89144
102142
60243.3
19360.6
41283.4
52634.6
68122.9
63418.5
18583.8
92365.3
69568.5
51129.6
142163
140901
62926.2
63487.4
82858.2
34153.7
38717.7
71815.9
58861.1
84546.4
52137.3
39101.8
60052.3
26498.1
63451.9
70418.9
88541
49418.4
32607
68548.5
33106.8
25559.6
39831.8
36455.3
49299.5
59748.7
126378
160947
57347.2
106395
76203.3
68699.3
96380.4
33580.7
18708.2
66885.1
82999.2
18015.8
65856.3
26614.4
36281.2
80137.2
100414
105283
34094.4
90676.3
14752.7
28351.2
49545.8
25732.1
6084.37
52301.9
17783.4
54341.9
78439
44870.1
90025.7
45305.8
52556.2
43519.5
32026.3
55796
47218.2
26556.3
80524.4
68168.2
111581
58269.1
104000
42764.9
59808
63688.3
126878
43692.6
36462
17551.3
42750.6
8457.53
54146.2
81982.1
96133.7
86992.1
93411.5
20436.6
67814
39815.1
22992.6
34207.7
51400.8
69719.7
42510.2
9736.72
38749.6
88072.5
39742.5
71704.1
74232.2
50741
86789.6
52520.1
