6772818
644280
2.50893e+06
2.01642e+06
1.71125e+06
1.05536e+06
1.10622e+06
992126
2.07536e+06
908626
1.65185e+06
305134
185517
872166
1.33247e+06
446703
252716
171490
200249
565970
166159
325102
111636
243163
385749
315625
382676
262582
326003
220708
497206
460981
516934
114942
254624
354930
325039
313630
170334
106184
249343
168590
307992
31871.1
250036
217299
18112.2
96597
301097
231238
166965
102982
335604
266829
158733
248452
44013.9
225483
140083
54749.3
155727
72402.7
81397.7
208755
72157.9
233171
163315
19295.9
45029.8
114364
219119
129070
110651
181843
141119
102995
177130
68864.4
64241.9
60810.7
21314.8
50898.8
13830.1
83053.1
134920
104320
177493
136705
62958.7
38987.9
65249.7
185509
58444.6
101290
85503.4
160773
13283.3
38111.5
9016.8
53436.2
96063.2
91573.8
69056
71636.1
141268
57399.6
98632.5
93265.9
83395.9
95158.3
131125
118163
65720.7
111013
41991.8
101338
87106
97441.4
51995.4
64768.8
94071.8
81074.7
153819
52351.4
100196
91430.1
16027.1
59076.6
46404.6
41624
66747.3
138394
130828
79327.6
42333.5
59542.1
20878.5
136308
72920.8
27442.9
81300.9
55537.3
157261
101759
24758.7
39334.8
58048.3
20047.1
6443.54
71795.4
40567.8
43770.1
80162.3
123285
48279.9
53253.5
57105.4
40934.4
115174
6188.8
74408.5
40368.5
31227.3
96366.9
114803
30221.8
55206.7
16551.6
42826.1
48619.2
80257.4
67241.7
37247.2
45454.5
28568.9
83386.8
49523.6
80990.6
5793.3
23624.7
55757.9
56312.5
78781.5
60486.6
30928.8
107708
94459.4
72525.5
97057.3
46182.2
57116.2
42101.1
21503.4
41684.9
36368.2
61782.8
54189.5
12912.7
42786.8
43362.6
55432.5
20778.5
73162.3
83658.1
134952
46890.5
19442.9
112295
42088.8
112365
29115.3
65581.2
24306.4
29067.2
27464.2
29576.8
61219.1
50072.4
41267.8
23923.3
19877.1
47615.2
98443.3
96858.9
36357.5
119736
33806.8
60104.6
51215.7
52078.8
58047.5
57828.1
68981.2
26379.8
61375
22205.4
27328.5
22884.6
53628.9
40063.5
56747.3
68910
15233.9
120979
15238.2
60528.8
15530.6
70103.4
44515.4
28181.4
82569.4
61665
32152.3
51789.9
6938.96
66553.6
