7968496
567397
559274
1.02532e+06
963238
493333
1.09754e+06
2.0067e+06
1.03368e+06
1.96858e+06
1.03289e+06
612130
1.08955e+06
2.71259e+06
826327
1.13808e+06
876704
739477
652495
203744
650281
240037
401801
406267
340965
397293
287338
189256
742104
671885
187220
199756
142512
395208
618263
378015
295349
286483
318960
126303
370832
423763
130265
247625
578915
216139
24609.3
51721
60538.4
188351
309487
350816
218936
181138
252379
157371
57605.5
233933
401168
178965
177463
60527.9
440700
162530
221489
209892
164320
154445
150465
124690
246652
254460
155626
242337
184999
250707
11914.2
31087
112900
233343
47755.4
140546
176035
130792
74330.5
133954
90071.7
109532
100662
97818.1
110438
131716
115570
237248
174506
3509.67
285798
189380
69514.1
48128.1
86136.6
19059.7
30252.3
52162.2
157771
150360
74293.1
162282
162396
115873
35399.9
37917.4
112669
259597
113314
168026
50783.7
70392.9
105754
151495
72816.3
51605.4
111237
57209.8
53714.4
62379.6
176217
39571.3
118119
80325.6
46774.3
55531
94171.7
64147.7
206323
125748
92199.4
111562
96705.6
154677
134605
101061
30366.9
31477.6
128002
102578
38899.6
134836
83153.8
133927
79865.3
35636
29667.3
60559.1
167574
112909
107325
164726
92821.9
32221.2
164528
57571.5
66918.7
30713.9
83473.9
72448.4
117882
74776.2
134850
50536.6
120877
52797.1
48577.6
70579.7
74038.6
96584.1
79249.8
60502.2
79193.4
79062.9
112530
48442.2
85962.7
25279.4
47525.7
148640
62648.5
52693.7
24787.7
34667.4
86752.2
163160
48090.7
130912
77068.5
96692.9
94328.1
50097.8
52871.9
81652
122837
104871
76750.7
44830.6
73520.8
74037.6
71052.2
13921.1
43846.8
47851
77467.4
130020
22871.4
46941.5
98750.5
34059.3
70647.7
43810.8
106918
80566.8
63637.4
127315
32401.7
19573.4
43168.3
46194.9
45010.9
89868.6
47301.5
19360
45723.5
50855.4
170854
23405.7
85382.7
170085
82883.3
86411.4
81970.3
102693
74981.6
58660.1
27800.4
8891.52
83172.1
30307.6
91281.3
79374.3
61983.2
110288
53012.9
60609.6
69662.8
135673
21158
19981.2
