0
14672
6407.66
14942.9
38230.6
170097
16585.7
10342.4
16927.8
22863.2
16029.4
13513.4
20586.5
30165.9
2365.05
10053.5
24767.4
22241.2
16048.2
9765.33
21547.1
37541.4
23444.7
31916.6
3311.12
18907.2
12883.5
15313.6
20586.7
22051.4
3457.69
26603.5
16109.8
15712.1
18826.5
8022.95
14558.8
9822.2
11349.6
16504.9
8650.38
6154.91
10459.4
8223.64
3495.94
7962.4
5499.24
7923.22
8184.76
12420.7
1101.8
7899.4
7998.41
3568.82
4482.06
9330.86
12665.4
5400.3
4438.78
2400.39
13927.3
8099.14
9391.45
5592.2
12264.2
8524.69
8496.35
6333.58
16870.9
3021.74
3082.03
1968.61
13712.9
10098.5
12157.4
7075.12
4256.82
1657.71
5987.99
14646.5
10497.3
5467.26
2001.47
7909.75
2764.95
1655.23
7760.21
3921.18
5592.01
8228.08
8467.92
6825.61
304.644
2601.75
3929.08
13374.6
8108.58
4976
8854
8021.84
4363.82
3194.03
3712.38
3078.53
1356.23
5795.81
4091.36
4953.98
7256.79
6181.72
3537.62
635.755
4280.54
3672.52
909.664
6115.62
3062.13
3723.18
3001.5
7367.21
5727.08
10727.5
1412.99
8190.42
1282.81
1890.8
5926.66
446.571
0
1060.23
5346.57
1819.34
8695.19
2782.69
3041.41
8127.72
3780.7
4507.63
1386.64
1861.24
3089.54
5293.8
1623.34
7600.54
1075.9
1663.01
2521.45
1930.79
6540.13
4338.67
2366.05
4703.34
1458.12
6585.04
2216.2
3189.71
400.731
4379.55
1539.94
4616.7
2712.12
2197.13
3257.04
1872.3
2384.36
3492.69
6187.6
5313.33
1752.44
4289.75
1578.01
11506.9
2031.94
4612.43
3049.71
3571.09
1463.67
1999.65
1494.81
414.121
1228.67
7381.68
9797.82
5645.36
4817.27
876.216
2439.12
3309.96
3042.11
6568.98
725.342
8233.2
4275.76
4822.91
5298.67
3676.71
5002.69
2702.62
813.022
1057.94
2924.92
1652.22
1789.97
4819.33
4658.01
5497.14
856.005
1587.48
1666.94
2575.05
3401.35
3925.35
1493.45
1022.61
2404.22
2209.23
2366.78
2217.55
6014.75
2958.36
1444.62
1531.09
6917.89
4938.81
2365.61
383.965
1561.08
2382.86
768.173
336.019
3656.9
1107.94
854.385
3272.15
882.388
1786.63
2335.96
3303.07
1427.36
2009.41
2478.33
8414.05
1319.02
169.729
2282.82
6429.14
1447.98
3455.42
1514.96
6717.15
3180.56
2508.05
2958.77
2293.47
2703.35
812.692
