6316151
531321
365258
863852
1.52608e+06
2.71125e+06
455123
523687
118481
1.48891e+06
1.04228e+06
590643
950561
1.43929e+06
1.71679e+06
248797
118819
162871
1.78873e+06
600540
89563.9
365004
758634
967305
223081
212343
120280
354117
315614
150059
227252
267635
297213
366605
67803.7
31634.7
584265
192873
72770.2
244516
108529
265673
139531
186173
124122
499122
263927
84232.5
203408
290313
40061.2
100358
110288
226956
615961
160015
107329
127965
169503
227038
48118.8
84867.2
95708
185683
162295
97253.2
186365
175052
110366
26885.1
187189
170560
277178
234479
187288
82077.3
199846
220756
166088
120683
16657.6
114062
190609
126503
177423
219294
144334
46086.8
103608
167031
184178
85139.3
68893.2
49908.6
140968
149238
81934
63135.8
127277
92084.3
157402
130136
92403.9
38837.4
141527
55652.8
70239.3
100268
148989
192994
70201.6
101523
157395
213976
106875
80354.6
99094.7
11118.9
175690
101063
172885
106197
31287.3
38024.5
62727.9
117293
66674.1
64536
32494.1
90991.7
125384
214150
96640.7
43787.4
124188
27766.9
112388
55022.9
50961.4
46881
58979.1
123613
30538.7
12074.1
141792
90830.8
123285
37311
127413
152592
75909
80842
58617.7
103481
134304
13291
78939.8
65455.6
112178
25723.9
42315.1
100702
45204.2
177166
69780.7
76312.2
100595
53428.8
83473.1
15979.7
47192.1
90895.2
167190
68074.4
115357
81973.3
124170
35645
78397.9
138501
7848.81
128932
83732.1
52499.5
75731.5
42579.4
79365
32082
54957.5
70229.8
30713.1
93361.3
66145.3
68557.4
53202.3
18155.5
46708
121450
7268.35
64295.9
51034
68579.2
109478
184448
14939.6
26599.2
55917.2
47933.3
157476
103059
115574
95138.9
70347.5
79066.1
41559.9
58720.9
106296
21300.5
65684.9
64204.4
48224
51436.4
93767.2
112539
83801.6
104609
62736.6
11750.5
6835.86
10886.9
111984
36651.7
92971.3
68850.1
59564.4
89649.4
71065.4
63702.8
106674
112222
46071.4
52238.5
116842
14449.1
37665.8
50543.6
62973.7
18467.9
114610
64430.8
73554.9
85289.7
49505.7
26084
75853.2
25955.8
