5964652
565451
685804
1.58374e+06
944980
3.32406e+06
401047
1.26504e+06
537261
60762.9
2.05431e+06
198918
727536
1.09908e+06
496576
1.39255e+06
163576
652479
433106
386083
582880
200056
356237
199859
531595
590968
444838
465248
318122
266715
555224
53375.2
416351
28217
73131.7
280982
328988
111791
205643
287709
236330
471384
83399.4
104324
44871.1
166533
313102
329822
240836
118823
142147
254993
169353
243351
180978
213917
194910
127962
145643
52254.9
107448
157946
241390
34686.3
55368.8
137513
228398
118922
120653
122298
250290
128351
53370
101683
75088.5
98197.8
142836
194664
213902
69950.6
43188.4
31826.4
165148
112049
79810.4
108568
95351.4
64387.4
137646
135315
8306.28
66923.4
33823.8
265466
198284
100966
162929
63183.9
175403
9652.62
61457.4
37316.1
50349.1
52096.8
119495
34521.8
35509.1
50851.6
214233
137358
87024.5
111433
66024.6
175419
34945.2
41951.6
55522.1
108666
85034.2
49097.5
72621.6
74581.9
42099.1
44742.9
57907.5
126245
45982.5
75966.9
146232
36120.7
9557.67
58698
100673
95663.7
46277.2
30523.4
102763
64577.3
58784.4
50439.5
162219
34476.9
83016.2
81434.9
35318.8
81722.4
91200.5
105570
63359.6
125104
32669.7
108377
47587.3
22138.2
27659.6
119680
65008
32565.5
31337.6
152948
87557.2
56505.7
17764.8
37151.6
67040.3
36575
43671.5
43227
43879.4
22646.7
91739.4
116558
46520.3
55401.5
160788
109507
69253.6
106268
59708.2
70304.1
67335.3
52718
44516.2
40585
63759.7
23839
43695.9
10992.9
41137.1
115587
28207.5
35016.8
45342.4
74830.6
65605.9
38938.8
14335
30654.4
22790.8
71645.3
75370.3
97153.7
25582.6
44727.8
38084.9
100123
84244
55214.5
34731.1
53624.5
48281.5
14189.5
127940
36609.1
56258.6
86524.3
57278.2
76683.8
87053.6
86980.4
79948.3
72925.8
33084.7
8155.33
28814.9
29986
59263.9
98836.2
35268
58835.4
95112.2
54903.2
72918.9
83572.2
75891.7
45127.2
34450
37424.8
84369.6
22321.3
112941
47242.7
8457.45
75883.3
29249
26277.4
37805.7
4507.03
86289.4
72035.9
15340.7
42154.3
76753.8
48097
73374.2
90002.9
