0
14443.8
5946.03
13170.8
37467.5
146396
15080.1
9529.58
15253.9
19552.6
15439.5
11171.2
17808.6
24821.6
2365.05
8308.86
24767.4
21972
14124.6
8441.16
16795.7
30574.6
22976.2
27137.7
3311.12
15617.7
11803.1
13824.8
19842.4
18781.8
3457.69
22601.9
16109.8
14719
15388.3
7538.73
12149.2
8760.22
10012.4
14226.3
8340.62
6103.51
9813.24
7089.87
3495.94
6957.11
4871.54
6477.05
8184.76
10763.6
1101.8
6903.97
7998.41
2773.86
3994.3
7844.97
12445.1
5339.88
4438.78
2400.39
11473
6877.64
8123.45
4871.65
12264.2
7459.74
7369.64
5407.33
13998.4
2897.56
3082.03
1968.61
12737
8510.53
10839.2
5455.47
4256.82
1657.71
5987.99
12646.8
9780.4
4465.49
2001.47
6963.97
2764.95
1631.15
7268.51
3921.18
5592.01
7111.69
7371.43
6094.78
304.644
2599.18
3243.1
12572.8
8108.58
4192.35
7809.3
6824.21
4363.82
2948.38
3680.12
2533.86
1356.23
4898.69
4091.36
4047.1
5624.43
5261.83
3287.8
636.9
4280.54
3027.16
909.664
5058.74
3062.13
3077.45
2988.13
6272.94
5732.05
9828.98
1412.99
7032.9
1282.81
1755.62
5591.21
459.07
0
1037.56
5263.34
1612.78
8530.31
2456.65
2776.96
7384.22
3780.7
3817.2
1377.6
1515.38
3089.54
4376.13
1623.34
6286.5
1075.9
1665.02
2521.45
1609.21
5062.97
3524.81
2366.05
3989.22
1458.12
5466.06
2216.2
2936.99
400.731
3746.71
1539.94
3915.28
2712.12
2122.55
2595.58
1872.3
2384.36
3164.54
5368.22
4534.06
1752.44
4054.03
1578.01
9867.15
2031.94
4032.1
3049.71
2946.11
1463.67
1999.65
1494.81
413.319
1228.67
5683.64
8718.92
4770.08
4817.27
876.216
2439.12
3241.11
3042.11
5600.85
725.342
7152.7
4275.76
4266.43
4553.21
3143.58
5002.69
2702.62
813.022
1059.79
2924.92
1425.18
1789.97
3722
4606.8
4869.31
856.005
1591.86
1666.94
2049.79
3368.16
3389.67
1493.45
1022.61
2404.22
2209.23
2366.78
2112.19
5261.49
2730.52
1444.62
1531.09
5677.16
4628.75
2365.61
382.645
1561.08
1980.85
768.173
337.326
3656.9
1111.22
854.385
2834.67
882.388
1459.37
2335.96
2804.61
1427.36
2004.97
2478.33
6934.42
1319.02
168.582
2282.82
5347.09
1464.33
2931.56
1514.96
6165.96
3112.82
2149.76
2920.36
1990.89
2654.33
793.579
