0
14554.2
6404.43
14942.8
38217.4
169639
16556.8
10330.1
16894.8
22789.3
16017.2
13451.1
20532.6
30061.8
2365.05
10027.8
24767.4
22240.3
16019.5
9739.81
21458.5
37393.4
23435.7
31826
3311.12
18841.1
12859.4
15280.4
20569.5
21983.5
3457.69
26525.2
16109.8
15693
18758.4
8013.67
14511.6
9795.1
11320.3
16458.6
8627.37
6144.89
10445.3
8202.37
3495.94
7943.89
5480.61
7897.92
8184.76
12390.9
1101.8
7885.18
7998.41
3546.1
4468.54
9298.92
12644.7
5392.69
4438.78
2402.51
13882.9
8082.72
9366.67
5574.69
12264.2
8505.19
8473.7
6318.15
16814.8
3016
3082.03
1970.77
13697
10073.2
12130.9
7041.64
4256.82
1658.19
5988.49
14607.5
10480.8
5436.99
2001.47
7895.83
2764.95
1647.02
7749.62
3917.2
5592.01
8203.52
8450.58
6813.16
304.644
2598.11
3913.61
13355.7
8108.58
4955.83
8835.16
7997.43
4363.82
3189.75
3705.67
3064.96
1356.23
5775.18
4091.36
4938.09
7215.51
6159.33
3528.04
638.525
4280.54
3660.46
909.249
6095.54
3062.13
3713.01
3001.11
7349.07
5732.05
10710.5
1412.99
8166.2
1282.73
1882.21
5928.47
447.931
0
1065.09
5343.41
1810.7
8687.7
2786.73
3028.54
8112.57
3780.7
4494.93
1382.61
1850.88
3089.54
5273.06
1623.34
7572.75
1075.9
1665.04
2521.45
1919.02
6517.6
4319.81
2370.88
4700.02
1458.12
6560.85
2216.2
3182.06
400.731
4360.11
1539.94
4590.59
2712.12
2189.94
3245.54
1879.92
2384.36
3485.69
6175.14
5296.31
1752.44
4280.79
1578.01
11476
2031.94
4600.9
3049.71
3566.14
1463.67
2000.98
1494.81
413.415
1228.67
7348.41
9782.51
5625.23
4817.27
873.916
2439.12
3305
3042.11
6552.66
725.342
8213.96
4275.63
4816.64
5280.48
3665.96
5002.69
2700.01
813.022
1057.16
2924.92
1643.28
1796.32
4799.66
4654.56
5489.47
858.625
1590.9
1666.94
2565.87
3395.99
3923.12
1493.45
1027.82
2404.22
2205.13
2366.78
2203.9
5994.62
2957
1444.62
1520.2
6890.36
4938.09
2365.61
386.207
1561.08
2379.41
768.173
335.172
3656.9
1108.13
854.385
3261.79
882.388
1785.21
2335.96
3299.21
1427.36
2012.01
2478.33
8377.42
1319.02
167.622
2282.82
6411.99
1454.22
3441.31
1514.96
6704.1
3177.13
2500.03
2952.19
2306.09
2701.46
810.706
