7590966
934506
859906
114833
325687
4.17361e+06
450992
418275
1.25913e+06
543694
170433
402944
212557
909193
225154
1.28989e+06
617169
477039
317237
92890.1
803738
410340
160330
541970
344530
755337
412933
465790
808124
169493
373219
138205
114612
328127
448272
142540
163952
222787
325181
104676
111879
336394
190399
67463.5
403554
344369
188373
32352.2
122439
178685
348677
119359
164843
51288.9
253890
54464.3
130026
203034
184091
110902
122823
136060
76919.5
206419
165978
83005.6
120654
180664
185788
66921.1
158702
19873.7
59841.3
60190.4
130826
191907
26222.8
117835
94172.7
65075.8
140788
237499
130150
116254
195736
118830
144387
93972.7
76527.2
146502
208053
116195
62665.8
34057.2
104099
122165
67288.4
186514
112211
56802.8
105720
87383.5
73349.6
164612
125138
70392.3
76009.7
94366.6
148535
54286.6
129962
144837
79257.8
115794
139438
109659
84277.9
45653.1
86081.2
78743.3
97843
47607.2
113876
63962.1
25003.9
138507
46751.1
23388.4
65299.3
128439
30396.7
11050.3
67593.2
7650.62
74035
92723.7
104028
28064.1
86888.6
77674.3
56795.3
27948
101951
15021.5
39639
84208.4
36040.6
69255.1
95672.1
67309.2
65595.4
126160
54411.6
53771.2
136530
88799.4
102879
6411.68
98188.7
93587.4
29095.5
138411
95427.6
88580.1
95525.2
75648.5
91103.1
95408.9
57337.3
58533.2
27451
18293.6
107770
60801.9
34977.1
98660.7
43522.6
36135.6
49262.7
82133.1
37984.7
42971.8
18993.2
106380
93040.6
104262
20334.8
53685.7
4470.3
31799
36792
33352.7
24159.9
72430.8
31720.5
110129
18344
79343.3
32925.3
38043.2
39842
38932.4
88222.5
51332.5
71118.5
22468.1
64361.9
81251.7
82553.3
71320.7
16658.8
6105.17
46697.4
75962.1
48254.7
99342.4
45974.4
117828
42737.8
43844.2
131267
37105.1
116466
59218.5
102248
43307.7
48878.5
47008.4
47152.5
17587.8
77232
73139.1
45285.5
33475.7
55030
23727.7
67282.4
115861
27400.7
37706.5
27824.4
7859.8
126099
27344.5
50825.2
49066.8
18012.8
69173
5730.54
81230.4
67149.9
36265
90622
27390.8
21631.5
71547.9
