13185569
196469
169868
428067
399004
505306
1.46004e+06
779772
369929
240299
492103
516917
1.27414e+06
2.31647e+06
568775
417725
214044
73128
16954.3
1.85128e+06
175228
171774
154978
73169.5
118510
910766
570426
254608
266009
209517
277695
570853
1.07986e+06
126531
118995
118792
38843.4
79120.3
632475
123261
24971.2
149836
101120
142136
272093
293164
48268.9
121987
140505
132523
333102
935741
153432
114135
40022.2
65910.5
57859.8
682687
137414
52212
65064.5
69218.8
62420.3
306187
402499
144403
63155.8
96524.1
157255
287913
526036
36443.4
46733.3
108705
68446.1
108149
226614
168918
92849.2
44195.5
168221
96152.7
144908
140050
54951.9
135518
95495.5
62239.2
125420
373950
106499
98592.4
164210
94717
73460.2
406438
87930.6
48713.3
132206
93201.5
24636.2
91659.2
232173
78239.8
53305.1
175032
87603.4
208244
197837
60513.8
59830
127648
20745.7
93565.9
113440
160356
81691.8
76000
180729
57928
124412
48455.8
42420
113619
45181.8
10439.3
62519.9
100175
135035
87171.2
102793
68668.2
57087.3
300244
50328.7
29125
68525.8
20397.6
31438.9
141861
139232
68514.9
31875
72595.8
32582.2
92454.7
123345
89483.3
53998.4
4567.53
105239
79354.3
118266
116010
30999.7
51918.2
83594.4
60225.3
97590.1
59476.7
66330.3
106709
100350
101531
24073.3
73122
118225
71187.2
49975.7
99532.5
34080.6
168992
64863.2
31242.4
46769.1
118616
78702.2
220265
113818
50613.3
67565.7
68143.1
89674.8
34835.1
34541.8
82887.9
104711
82281.9
147846
62630.8
152557
82766.7
53065.3
72984.4
27110.1
100953
126512
47257.7
59285.2
131742
153023
104192
56370.6
95241.3
76837.7
103796
69307.4
42676.2
25284.3
128777
36747.3
61880
41826.9
119547
102996
193461
128144
31004.7
57395
55512.9
30638.5
88011.6
30916.3
39173.5
107916
36953.7
82728.1
70025.8
98236.7
109220
105929
70142.2
49383.1
71002
87662.7
65083.7
62284.3
105969
85474
41546.1
82013.6
25413.3
86242.7
110160
78164.2
75410.3
12627.8
80483.7
44046.6
72962.1
66770.8
50726.8
67935
132055
85332.7
36147.1
