8136795
460045
859474
598311
1.09145e+06
759792
548222
1.87974e+06
1.6728e+06
348135
562289
705369
899214
3.28403e+06
399211
960210
647174
1.13828e+06
535185
683500
510900
178972
347963
310321
844881
569663
445631
146269
252734
220780
535528
145251
128411
100608
1.03861e+06
223709
360053
254911
411904
301972
491798
499430
59294.9
447260
417658
157152
67615.2
80234.1
110484
183462
479073
306684
210330
275261
294150
196122
275467
140052
148633
193153
129961
124497
524603
205156
293047
48855.3
231358
63439.5
70594.2
156491
101752
416156
213056
304909
285147
113340
84806.7
16277.9
114031
280918
99141
157728
41916
157936
138112
112208
157541
193587
116568
48746.9
177865
225977
116406
207314
216995
248964
98756.5
76906.5
36121.8
97272.3
106177
163295
140166
167318
164730
142620
51377
48337.4
317931
157753
80925.1
35320.8
52180.9
216085
80038.1
212264
50750
29448.4
131184
118963
76767
23495.8
41099.8
149968
191913
80781.6
198263
110768
65473.1
109745
17122.3
26138.5
150523
62632.3
187684
149460
36274.3
117693
44991.4
187452
218776
68345.3
15213.3
30678.5
101300
117374
64017.9
88637.8
108385
70207.4
108098
67273.4
81457.3
103560
121540
118895
145370
117964
109744
43972.9
41511.1
53765.5
52368.5
46047.8
157112
51445.6
68895.4
104301
78111.3
159089
82012.1
136163
41458.7
95127.4
47183
164078
124632
45807.9
15265
139853
86376.8
33980.3
54206.5
22930.1
49127
201185
77172
52854.4
99999.2
31209.6
130303
32162.3
109036
50094.5
79877.5
55120
126535
99358.3
82145.1
87187.1
97194
139760
57883.5
79462.5
54514.6
66387.4
26230.3
60985
68652.4
36365
21005.7
49758.7
92095.4
70485.8
96390.8
66380.6
81720.7
40964.9
75374.9
175454
73502.4
82368.8
141128
61856.8
6765.21
37026.1
16312.5
85063.9
31609.1
5011.64
21253.3
188461
56801.6
100890
93127
128274
84274.9
55958.1
88054.2
124754
160707
31555.4
29148.2
27340.7
26497.4
52785.7
66593.2
17653.3
74719
78532.1
25830.9
47278.8
236676
75846.3
61282
71723.7
