0
14501.7
6320.05
14460.3
38009.3
163184
16164
10122.7
16429.3
21883.9
15862.1
12806.9
19776.6
28570.9
2365.05
9549.93
24767.4
22183.5
15520.4
9353.11
20118.3
35467.9
23316.3
30525.1
3311.12
17925.5
12588.7
14867.1
20370.7
21094.2
3457.69
25421.2
16109.8
15418.2
17818.5
7900.1
13858.3
9505.36
10932.7
15858
8340.62
6099.68
10261
7909.49
3495.94
7686.55
5321.79
7475.01
8184.76
11939.7
1101.8
7618.27
7998.41
3312.3
4349.94
8899.68
12445.1
5365.64
4438.78
2402.51
13192.7
7768.07
9008.36
5381.47
12264.2
8230.39
8179.99
6055.98
16011.1
2925.15
3082.03
1970.77
13408.5
9654
11800.5
6573.95
4256.82
1658.19
5987.99
14069.1
10144.1
5173.87
2001.47
7602.56
2764.95
1628.77
7638.18
3917.2
5592.01
7909.8
8143.19
6600.61
304.644
2594.96
3708.46
13178.1
8108.58
4739.17
8544.48
7685.82
4363.82
3126.92
3680.12
2906.67
1356.23
5570.5
4091.36
4663.93
6713.91
5890.61
3398.33
637.49
4280.54
3462.79
909.249
5797.65
3062.13
3514.68
2987.75
7088.96
5732.05
10481.5
1412.99
7861.63
1278.37
1841.46
5787.75
454.688
0
1049.09
5267.43
1735.03
8648.96
2710.2
2974.95
7929.3
3780.7
4280.93
1386.64
1760.2
3089.54
5023.33
1623.34
7209.97
1075.9
1664.02
2521.45
1818.6
6097.86
4081.98
2370.88
4481.72
1458.12
6232.38
2216.2
3099.62
400.731
4195.44
1539.94
4404.9
2712.12
2152.89
3041.29
1879.92
2384.36
3384.98
5958.37
5045.37
1752.44
4168.15
1578.01
11011.2
2031.94
4456.1
3049.71
3383.51
1463.67
2000.98
1494.81
412.418
1228.67
6852.5
9492.02
5381.21
4817.27
873.916
2439.12
3239.96
3042.11
6266.96
725.342
7927.85
4275.76
4687.45
5074.23
3532.29
5002.69
2700.01
813.022
1056.67
2924.92
1577.4
1796.32
4480.98
4606.8
5307.42
858.625
1584.32
1666.94
2414.49
3368.16
3780
1493.45
1027.82
2404.22
2205.13
2366.78
2118.34
5791.36
2851.22
1444.62
1520.2
6534.04
4851.22
2365.61
387.005
1561.08
2254.32
768.173
336.418
3656.9
1108.69
854.385
3156.64
882.388
1695.36
2335.96
3131.45
1427.36
2010.22
2478.33
7966.97
1319.02
168.193
2282.82
6078.94
1464.33
3325.89
1514.96
6561.32
3112.82
2418.12
2961.76
2225.67
2673.81
809.5
