0
14378
6123.46
13816.8
37732.5
154362
15611.3
9784.13
15820.2
20660.5
15650.1
11946.1
18744.2
26563.9
2365.05
8865.87
24767.4
22075.5
14802.9
8878.53
18346.1
32856.1
23106.8
28754.4
3311.12
16699.3
12165.2
14343
20104.8
19880.8
3457.69
23957.1
16109.8
15068.4
16550.2
7709.76
12959.8
9099.93
10453.9
14995.6
8340.62
6099.68
10038.2
7479.35
3495.94
7269.35
5116.3
6951.93
8184.76
11318.9
1101.8
7233.03
7998.41
3023.15
4182.85
8351.98
12445.1
5339.62
4438.78
2402.51
12290.3
7298.21
8543.52
5104
12264.2
7840.4
7753.56
5695.28
14947.7
2900.23
3082.03
1970.77
13001.5
9064.64
11300.2
5977.21
4256.82
1658.19
5983.35
13325.4
9780.4
4786.1
2001.47
7269.26
2764.95
1628.83
7437.76
3917.2
5592.01
7504.46
7720.74
6345.1
304.644
2594.96
3464.5
12863.4
8108.58
4428.13
8157.83
7199.73
4363.82
3047.53
3680.12
2690.57
1356.23
5228.96
4091.36
4348.3
6122.93
5535.99
3287.8
636.322
4280.54
3219.73
909.249
5409.49
3062.13
3282.62
2987.75
6646.6
5732.05
10133.5
1412.99
7436.01
1274.37
1763.8
5658.83
460.943
0
1036.32
5266.4
1675.82
8595.16
2586.36
2847.15
7647.14
3780.7
4032.92
1386.64
1635.59
3089.54
4691.3
1623.34
6712.78
1075.9
1664.02
2521.45
1714.74
5543.01
3793.76
2370.88
4205.66
1458.12
5824.44
2216.2
3022.38
400.731
3953.43
1539.94
4148.67
2712.12
2119.16
2759.58
1879.92
2384.36
3216.13
5631.73
4771.23
1752.44
4060.26
1578.01
10400.7
2031.94
4245.45
3049.71
3150.95
1463.67
2000.98
1494.81
414.841
1228.67
6248.73
9090.72
5048.5
4817.27
873.916
2439.12
3239.96
3042.11
5918.5
725.342
7540.23
4277.49
4470.06
4816.79
3367.44
5002.69
2700.01
813.022
1054.49
2924.92
1467.76
1796.32
4097.64
4606.8
5091.23
858.625
1584.32
1666.94
2221.42
3368.16
3578.47
1493.45
1027.82
2404.22
2205.13
2366.78
2113.17
5498.98
2730.55
1444.62
1520.2
6066.01
4737.67
2365.61
387.769
1561.08
2151.53
768.173
331.307
3656.9
1108.69
854.385
2979.44
882.388
1514.7
2335.96
2945.01
1427.36
2007.57
2478.33
7415.71
1319.02
166.901
2282.82
5684.7
1464.33
3113.39
1514.96
6370.6
3112.82
2256.02
2920.36
2078.17
2653.23
799.078
