8413816
698379
119983
535778
422303
4.75897e+06
599981
233026
380525
593415
157767
569358
216266
610745
25983.8
1.13759e+06
514821
176003
465034
354917
238868
339610
366636
402737
295653
417834
320951
363920
299567
131842
199849
199904
343647
120327
402281
373461
300518
298648
77799.1
22582.2
103986
117368
163272
36822.7
222054
453436
258841
125492
201015
18405.6
8652.98
148920
139646
148561
107023
436132
103174
144052
240227
29277.6
91387.2
239440
182285
294031
179095
292286
45041.7
147379
185402
74385.4
153892
215910
218463
328758
122474
167231
57204.7
101486
149239
103879
124538
118291
199660
220411
31021.5
90684.2
98861.7
117402
146398
91406.6
42945
50162.8
92392.8
97475.2
88076.8
86893.3
170328
115665
128927
68537.9
49269.4
86971
48871.5
111369
138027
124615
176772
91263
78136
99064.5
57427.1
143887
103288
112097
164762
84724
149899
86953
16884.9
103118
23807
147977
62555.9
91306.1
137676
33677.5
143932
107128
32299.6
77646.6
8444.1
83633.1
50546
51704
100942
75556.1
137768
118263
56027.5
70970.5
24383.3
32419.7
75018.4
58544.2
97098.3
57732.8
120605
86235.6
74985.1
76490
60173.5
30268.6
60086.1
86846.6
86111.5
16552
84970.3
18705
79140
77812.8
53463.9
26800
35418.3
61200.7
111443
26910.5
52088.6
45683.2
66036.3
75239.2
41502.8
85090.8
14753.9
59370.2
130345
25841.2
73770.3
69145.5
64307.1
87229.2
82948.7
102810
78816.7
73629.4
91452.8
47894.5
69855
63546.9
81946.9
108226
76051.9
91526.2
100056
27436.8
32647.4
39078
31443
50296.9
96433.3
96928.4
21633.5
68040.3
54197.7
51142.7
27772
35806
8174.16
51172.9
78630.1
75330.5
37048.4
24334.4
19375
85939.9
49113.6
75719.3
23161.9
56164
44238.2
90682.3
53532.8
66381
51133
72897.2
62092.3
93325.1
23061.2
61047.6
48209.2
91032.5
66736
88471.4
33560.3
56260.7
40541
94078.9
7923.11
72358
41486.3
83797.4
68225.9
54655.1
43021.7
49972.1
16453.1
86740.1
19498.6
73189.3
23626.2
84941.2
36623.2
9967.06
40871.5
65730.1
33140.5
73747.1
