9332728
528650
1.13499e+06
335829
636056
2.00024e+06
241051
59559.3
1.64684e+06
1.47593e+06
1.42476e+06
394690
757222
563809
959128
188266
815630
564181
66591.4
880058
1.4935e+06
623517
915462
451236
1.02803e+06
277421
353583
507391
716399
256415
18984.7
204499
981305
1.38655e+06
849715
328372
361003
288023
231696
276158
559909
139198
663007
95060.6
247004
211716
111166
207020
143413
49258.1
200318
260580
99988.2
186608
250839
250404
261863
303450
215091
133649
178736
296528
70310.2
289307
110686
278312
344092
123371
154544
136294
133091
107716
402801
359765
422440
390858
15859.9
62915.9
339267
364552
224179
128529
198754
224526
66156.6
33464.3
238597
326202
201735
187130
291752
39857.2
133679
86211.5
80631.9
197622
136508
241163
112266
211233
16761.5
141683
111151
254465
199566
174287
126021
77820.3
211279
210323
124299
72672.8
153807
183335
112987
282671
229649
210782
102649
168067
223551
269680
119888
83688.4
116197
189223
306624
56128.5
165765
198575
116859
144076
163608
179096
182071
156454
74737
120982
71893.7
129868
180882
177040
114978
87596.8
140706
232822
163437
167704
41394.2
197307
122072
61376.3
91885.4
104794
88885.2
151644
233400
110987
169783
161513
101838
63133.4
234293
177399
241965
201605
154246
68511.8
154869
96131.6
73120.7
32312.3
59814.1
112276
160332
58073.7
184611
80227
64159.6
91962.2
44592.5
182082
103703
135867
137113
121947
113232
133741
111958
117942
15455.5
56445
176394
87694.1
25031.7
86567.5
82763.9
242815
118425
80438.3
81528.9
109763
48616.1
126050
106766
80675.5
62014.5
137327
141149
107088
106538
139211
34577.8
157063
41533.5
64446.9
82575.1
71303.8
161431
59127
61188
129243
162460
149722
205115
46408.5
73819.6
119665
123917
226241
154646
99300.3
72425.9
125472
72325.5
93504.8
104602
139523
92024.9
54369.5
61173.8
62163.6
65502.6
69339.8
59557.9
49625.2
5404.23
62678.3
83094.1
74926.4
156025
75205.4
42736.7
206958
73073.6
38789.9
