8111613
468683
905488
927271
373834
4.5205e+06
377217
1.14728e+06
1.04472e+06
503329
136795
95151.9
553801
855998
485173
400545
255629
914502
592866
441772
410745
202350
638923
650572
408376
408228
244366
313180
126246
413861
521369
306048
366388
286862
220607
97806.4
262909
169440
228932
331553
211682
302699
138932
171436
57706.1
208269
174763
177337
87778.3
286256
322774
181829
334555
150416
36085.5
195360
133267
60314.8
106267
153431
274005
41240.8
138400
177777
128793
227419
75639.9
60972.6
145698
40333.8
146722
34163.1
79539.3
65873.4
126020
189732
138208
161291
36196.1
84813.6
79135
122972
149355
64547.5
38630.2
46808.7
44378.3
137610
123848
90081.1
25714.8
159621
135633
32913.6
72420.8
144650
113245
131390
119568
74774.7
29350.4
160970
107705
85896.5
103667
180845
91332.4
115728
106266
50770.8
46784.3
145088
74174.8
44905.3
56338.3
62968.5
16413.8
22052.6
192211
56908.8
21230.2
17956.4
90995.6
86070.5
104067
86848
45127.9
90153.6
92638.1
68867.2
76717.7
119941
73794.2
90080.8
83574.2
72557
27886.9
110166
23070.4
62004.8
106391
63712.5
39766.9
34165.4
29973.3
86965.4
34854.6
105756
29513.8
57123.5
105012
49394.8
97991
33836
42060.5
29652
7797.33
65329.4
97708.8
4500.9
85400.5
57626.1
49642.1
93765.8
54112.9
46520.4
47638.2
33129
64559.3
90427.1
52480.9
9264.62
50851.4
115856
56770.6
27821.8
123249
94720.3
31309.2
86699.2
64416.1
46012.1
87145.2
48002.9
52350.2
79227.3
116264
73962.6
58504.1
25231.9
39997
42814.5
48899.9
10917.1
82168.7
99391.2
20789.6
10447.6
63856
66062.3
51913.5
8492.73
57049.8
19513.7
106948
39205.3
42847.3
58746.9
87393.5
40369.7
25888.4
12903.4
101862
53616.6
36616.6
17165.2
63542.5
43839
70840.6
12650.8
57391.1
52139.8
100983
41757.3
57233.7
17728.8
71148.5
10199.4
12675.5
51765.5
40432.5
110192
71281.1
37930.1
38696.5
45224.5
9230.86
50742.5
69166.1
60777.2
12357.1
36886.2
53662.5
43942.3
64505.5
71685.9
36543.5
23987.6
86148.5
56886.2
15239
76183.8
34639.7
86422.4
105740
49789.6
