4768478
1.55338e+06
712248
46930.7
2.05107e+06
1.47186e+06
551285
694351
717840
1.71006e+06
1.19101e+06
788212
490904
1.33099e+06
1.22301e+06
170800
642486
922120
952569
528362
229522
217270
1.11654e+06
276896
326020
221901
261979
215526
556005
435246
63963.4
325088
340433
236087
316579
397496
233727
101866
122544
327867
181860
483443
107594
254337
284531
314824
254318
112107
73524.2
361151
80546.2
157365
202129
128452
373113
144645
89425.7
50808.3
229963
87336.8
138502
224059
75271.7
416287
173177
198716
50783
256642
154479
96480.1
25935.2
192233
182779
170459
188014
252436
96805
96420.8
126768
106310
14423.6
156517
133637
153777
130797
167561
111247
80757.4
69466.4
136163
99310.5
88444.6
52592.1
266286
92487.8
164606
65635.9
142232
159930
218187
124193
104867
85177.5
217546
57085.1
35239.9
62091.4
73958.5
80805.3
95682.3
92028.4
96420.5
77896.2
57310.2
61131.8
43658.3
49447.7
111971
58529.1
116862
71400.9
120843
80760.9
66616.4
120396
136669
151858
37824.2
46006.1
57820.1
83762.6
127411
122134
38318.3
99017.9
107602
23671.7
113371
149917
21238.1
45487.3
30150.7
88253.3
170064
17241.1
63454
84416.1
46708.6
165820
46441.5
23709.6
77523.3
53516.8
97344.9
116958
39032.8
157922
45280.1
86069.3
127670
66764.3
35810.3
42230.5
96780.4
88789.4
32140.1
133425
72814.8
44927.6
45956.9
40982.4
45277.4
22174.9
90451.7
68016.6
158258
24646.5
88555.5
57018.6
39509
103503
19884.1
104623
10599.8
81554.2
95753.6
193287
86885.3
27694.9
98089.4
24335.4
47234.2
40812.1
92827.9
40808.1
105633
128455
78085.5
55164.3
21447.8
48634.3
102815
13960.7
36792.7
102007
173863
72289.1
118318
64596.5
41841.4
22560.6
119776
23008.9
38986.6
85789.3
63058.4
42523.1
48709.5
72375.1
81865.7
58834.1
71936.3
98601.9
105252
64913.6
81680.1
80752.8
55646.4
7384.69
54179.9
47418.3
86245.7
45844.1
56855.5
53876
38212.7
117298
89454.4
50384.4
56057.5
34807.5
95633.9
95263
112347
85634.5
89005.7
56279.6
35382.8
38934.7
80758
29384.6
33006.8
97454.6
53286
31703.9
103864
