7420912
236338
584271
1.20037e+06
3.12566e+06
1.64974e+06
255987
1.22237e+06
1.22524e+06
417749
192195
479008
756983
929765
345594
312386
1.35069e+06
1.49842e+06
196411
702194
1.62058e+06
434131
515296
329838
285586
400255
182647
554318
733284
171837
534504
60283.9
293357
47789.6
354098
265752
73119.3
259003
33794.6
450126
109892
346339
58879.2
362063
260283
343920
91170
220313
419267
181347
228260
52342.3
67876.6
243110
344212
105438
211107
101950
200401
246298
399221
167453
288819
148441
193420
158229
103303
243970
316064
150659
115606
149581
167182
93879.9
207583
216476
190553
70202.1
220672
176322
164818
174242
21565.3
128813
229318
119505
131862
120977
117777
37979.2
218264
311278
243186
94875.2
94697
88344.1
110905
188393
159852
8133.39
105247
175084
58093.8
185366
62199.8
140058
64635.8
78758.7
178332
122198
149409
61100.8
6991.72
127384
85942.7
48168.1
78867
102405
232688
100522
89898.6
68513.8
24445.7
33127.9
8313.88
85960.6
39243.6
202326
65676.1
104244
88588.9
174293
81761.6
130235
146560
60954.5
42927.9
17015.9
70710
167073
102542
74293.5
92592.4
75929
102891
142793
193947
75965.9
18702.3
54175.9
140774
34472.7
68131.6
74663.7
23289.5
113643
98577
41678.8
143255
41068.5
55144.9
83013.3
36377.3
70779.4
67762.2
79438.5
38679.4
73070.4
197073
137835
62075.8
164627
23421.2
121480
152560
112945
50477.7
30249.4
93993.1
27553.2
22319.7
116174
148470
78943.2
82071.5
15878.1
60799.6
38776.9
66441
55171.8
62019.4
43942.2
81761.6
102312
45346.3
86777
145823
67284.2
48792.6
64814.4
43029.6
77723.3
51967
54862.3
96606.3
10570.9
103453
39327
88101.2
73008.4
65194.7
67658.3
94326
87574.3
108515
43619.9
104208
41326.2
31275.6
10970.7
59568.9
70320.2
40138.7
69327.9
62709.3
72491
108495
86201.3
137353
119986
51110.5
105629
174093
85842.7
61743.4
107320
101465
63141.4
19221.9
42898.9
107199
38026
106149
9163.82
91554.5
142484
65999.1
20955.8
86011.7
35915.4
53817.8
74892.9
103828
142788
62667
53727.8
