7904530
575682
479476
394261
472675
600809
395651
3.09189e+06
2.88584e+06
2.32749e+06
1.13456e+06
609749
466384
868245
215292
231249
359144
734332
180649
307904
297828
556108
744823
157925
695708
122183
290579
566055
599060
270047
197586
354997
440726
310196
136517
64670.1
387065
207254
49852
392622
312443
226544
392826
113671
215661
370014
194857
298951
224827
103424
126476
246471
164200
141698
294142
234362
81027.1
234201
168623
102196
142404
203309
180850
73903.5
287981
37227.3
245088
162488
79463.2
162032
257385
145072
85861.9
75871.9
107762
61360.9
172178
27329.2
77309.7
346726
40304.1
75983.9
65257.1
154073
83564
40221.7
145739
177485
158468
6009.08
158571
130844
68060.1
124341
160199
128879
10336.4
50185
140233
43181
144750
91176.3
148370
223546
79785
126519
6459.19
48260.7
74798.1
66416.4
68832
81290.1
108915
114059
82623.6
123785
69579.4
49490.8
153147
92321.7
131283
157900
74088.6
49925.2
99562.1
131828
97276.2
91763.6
32653.2
85939.6
76271.2
60749.5
58980.7
134479
62488.3
64323.9
113035
56577.3
70691.4
112034
95265.3
68309.1
64989.2
106469
59429
67774.8
79657
60863.3
173543
55452.6
61303.2
79705
90485.8
47091.3
73755.5
48660.2
84043.5
48977.2
133630
59503.9
84756
60318
91688.1
67056
41287.8
78853.6
48127.9
38726.2
47299.2
90332.3
75834.6
60089
79405.1
164451
88895.1
37025.1
64904.3
34553.6
47909.8
65869.3
53823.3
86515.7
70378.7
51692.6
48601
77765.5
50688.4
59189.2
68001.1
35356.2
79976.3
143323
62336.2
34892.9
116671
56677.3
45832.1
31558.4
60612.9
85027.8
50319.6
30638.4
44182.7
35693.8
97332.7
15445.4
75741.3
83378.8
69817
113214
121862
37889.7
19109.2
28886.4
53363.8
83414.3
24686.2
71030.2
53742.9
90366.1
42302.2
15884.5
51829
65881.8
33076.8
49559.8
48929.4
101394
91521
67447.3
84488.5
104833
81524.4
86104.2
52172
40437.7
8473.79
73085.5
27254.7
24675.9
32917.3
29272.1
88860.1
40493.8
44320
106412
94032.7
80928.8
65693.3
60422.8
35571.5
1347.38
137244
23323.5
46186.9
60676
