14521285
212531
62688.8
295641
556344
486907
824352
1.51857e+06
266597
288842
243940
52608
990340
825282
385769
318981
213496
276953
940767
1.07162e+06
355131
311756
38490.9
135131
124197
1.4226e+06
648555
38042.9
212890
281027
205187
408786
1.05893e+06
176813
57095.2
190767
46733.9
215774
200086
312955
41491.6
146024
81013.1
282579
373169
232696
62670.4
107406
77518.7
277368
332357
500257
219608
52435.1
15984.9
142782
356572
136462
276954
33839.6
183534
61870.3
253837
102132
166984
114280
245168
140675
16548.1
250293
303836
131645
125897
120768
152597
64596.3
83213.8
210089
58727
42553.8
185680
128087
84412.1
127319
33629.1
33303.9
183044
176842
128416
209538
160800
92076.7
137856
175546
136731
69679.1
184650
149765
95436.2
115310
151205
139306
120554
119624
94294.3
178036
132596
24457.7
177744
138519
72750.8
116503
41746.1
88352.8
58819.6
218582
73592.8
41072.9
87566.6
46832.9
134755
19923.4
60498.6
82477
7789.71
74528.7
98369.9
90934.2
92674.1
34736.3
44328.2
64763.6
88682.1
58400.6
99529.2
46715.6
123864
142703
113600
80789.2
24549.4
50932.8
117697
130677
93518.9
90052.2
91050.8
149998
95995.2
74044.5
148818
25593.7
157063
118575
129664
75711.1
68153.2
65533.2
49039.2
59361
74655.3
16959.3
121305
49270.9
57897
83202.2
96146.3
141110
46794.5
162030
53819.1
60234
127157
227474
31101
121403
21224.7
22167.8
60076.4
84954
103152
35517.9
42392.7
72523
62957.2
33575.5
85535.8
101610
84724
122308
17201.4
13998.9
167699
8768.92
80545.1
67759.3
111570
23639.1
72779
126791
35359
66348.8
129284
47107.1
40681
25776.3
106547
75309.1
80206.4
104825
89478.1
95619
58967.2
34378.7
72100.2
29014.2
55168.1
132125
90982.7
96446.3
83425.5
129696
44931.4
131615
20584.8
56172.2
95278
107811
34769
36322.8
95101.6
28170.7
30721.7
108696
57313.4
51224.3
63712.3
140030
64762.3
62283.2
35734.6
59610.1
139536
10097.7
83521.4
41621.4
65721.6
28843.9
96122
103761
62888.6
30128.8
47180.9
104091
101872
18076.2
