7659224
558286
862769
1.39797e+06
2.98476e+06
1.33318e+06
856460
395343
520102
1.01561e+06
718445
1.47397e+06
632819
1.50546e+06
928982
45792.2
310572
703609
814007
326312
1.68318e+06
287359
680602
186935
268394
54903.2
243031
292382
431058
338769
612803
357711
220382
178248
250834
148474
546871
511794
310343
554133
170972
231142
360249
329240
300918
169592
256296
305685
282026
192941
306012
272745
71038.1
323194
342038
243826
81808.7
86497.3
124524
268872
95290.7
162647
296970
217995
492054
240722
95697.3
135756
111586
151512
79264.6
155230
328535
91247.2
77832.8
141336
276927
280728
67135.9
213794
123195
97599.7
227179
116852
101717
54739.6
218311
60791.6
264758
97716.8
76879.1
120491
149543
106561
91650.9
232596
35692.9
156121
16755.5
118512
202151
99443.1
100470
110237
212830
115319
130394
119552
107373
59830.9
298789
47371
46693.3
79180.5
57058.7
83087.2
180037
66702.8
117700
82911.1
37789.1
154642
101037
163384
157700
169936
74602.4
127667
163629
12184.1
149172
173229
215074
121266
150292
121700
91960.4
27119.3
106161
15781.7
150936
35857.9
51831.5
63067.8
39199.1
119258
83234.5
103726
150900
27168.1
81661.5
137397
77087.4
100740
115997
111721
189771
91499.2
59492.5
136731
73794.1
82279.4
161096
81868.7
102372
56731.4
44151.7
13165.1
55568
110338
71159.3
49870.5
72092.3
3788.93
44411.3
112509
103135
113812
161049
52448.8
76427.7
163926
56510.8
97158.6
65328.1
61478.7
32114.5
153837
55041.5
30992.7
153483
32799
79546.3
11546.4
40513.2
19254.8
66224.1
75671.4
121689
90356.2
30450.7
15776.2
41237
75006.7
77505.7
28849.4
115579
136668
86993.9
33681
103641
95662.1
61890.6
67856.4
119828
112025
85426.1
13763.3
76043.7
64442.7
152773
133055
107152
23646.3
53336.3
8050.66
55654.4
54985.8
97789.5
90267.1
44637.4
126306
52725.8
26933.5
119307
114854
35412.2
62583.1
74289.5
83801.8
115866
31655.7
96578.8
88205.3
110453
51533.9
60296.2
58090.9
89111.6
28676.2
119422
41332.8
91013
84843.3
114549
77325.8
