7562644
105653
159946
244780
317310
4.98205e+06
419600
288261
210884
163155
794752
20287.3
50843.3
146891
208542
1.32458e+06
435428
294755
229539
172211
785462
174866
47598.5
75512.8
101067
529620
432840
279163
216159
155637
525290
334831
143359
22707.6
25681.3
177619
318453
203368
150382
104411
321757
435262
150153
47745.2
31617
30445.5
168824
115394
84188.1
61553
168530
464400
139568
56467.9
14255
42214.9
16857.6
48070.1
39968.7
68790.3
66026.9
416548
89792.7
66798.9
28389.9
34308.6
115408
36358.7
11546
79717.7
34920.4
316387
16199.3
105658
80752
10363.5
193133
42223.1
30464.2
75392.2
52742.4
194456
59905.6
123936
104156
32154.3
210156
74681.5
67877.3
32174.4
44458.2
82328.7
68315.1
116390
104771
46413.2
182917
125815
101231
13316
31108
17693.6
61481.2
83714.7
90003.1
42198.5
113000
173851
114667
40800.8
15820.7
38124.3
15583.1
44864.4
59964.1
64180.7
54330
186205
105980
52638.1
15647.8
46082.9
49416.8
22718.9
32377.9
72729.8
26454
162808
73075.4
73561
52822.4
23383
101338
32236.3
28232.4
70430
33561.3
114900
29446.9
85374.6
85483.8
3840.99
124103
39359.2
51274.9
41111.1
38774.2
53788.5
4781.21
89970.4
102912
24495.8
112482
49343.5
83988.2
10974.7
33908.1
5416.94
22267.4
75369.5
98865.2
35392
74834.7
69163
107449
27403.9
19625.1
31505.7
24275.3
44380
83202.3
48406.9
34007.1
86301
111777
43895
15147.2
33366.4
33560.2
23549.1
51426.3
62468.2
19147.2
89038.1
96747.2
60164
40509.2
24850.6
55051.6
34813.6
30738.7
68559.3
34869
67103.7
66363.4
67293.8
69832.3
4597.9
78506.4
47042.5
40726.2
48488.1
35994.6
31901.3
32171.1
71979.4
98491.6
12580.7
76765
49230.9
64169
20468.5
36890.3
3237.3
13879.3
62145
107861
23824.9
45358.2
38951
92800.3
13870.4
26057.4
29826.6
20740.2
39776.3
94273.4
30720.3
11701
38052.9
108890
45189.9
17799.1
33397.4
30678.9
12357.6
69100.5
51451.7
23707.3
41634.8
109079
53103
28023.6
21330.1
40623.5
31674.1
46730.7
59893.7
45590.1
31046.1
86326.4
64809.1
54889.6
12565.6
50106.8
52038.3
