8950030
147645
105119
459320
3.20966e+06
911842
617357
388012
1.28521e+06
2.01902e+06
1.03574e+06
611877
520027
2.40214e+06
483261
156739
567347
1.30025e+06
585839
409910
128609
1.1544e+06
314475
154526
478576
622608
270504
261034
307446
298431
358754
126820
150464
263408
706313
220660
445055
342923
347055
200835
50899.3
270291
109642
344158
174990
261770
247303
166456
272750
156208
197985
289358
59967.8
146514
136872
360961
52866.4
158444
163317
220900
83469
106609
162998
300040
258880
64168.9
111563
285645
393401
229362
167553
100939
73757.8
43523.4
208049
128067
141460
47805.2
177413
136141
187063
175442
49416.1
112015
54004.4
41117.8
122479
64149.5
189248
60981.1
144959
163062
138727
233437
30066.3
68724.8
46977.7
120684
187920
155649
84316.4
116876
121104
63145.9
139874
163041
45824.9
107632
54602.7
44056.2
134602
150841
67385.6
165703
91115.6
44672
80425.5
141866
134849
73633.6
25655.1
109067
39372
178948
30686.7
97537
49889.7
106550
163513
75872.6
46080.8
95206.9
135032
85016.8
68553.1
155684
118012
83577.7
16188.8
71343.4
60393.9
36305.9
115355
100907
91544.5
72230.4
35565.2
106379
98476.9
108080
63830
81490.8
27260.8
110855
133113
55806
33502.4
135102
126777
94356.1
86349
39795.5
101928
57411.8
97423.4
26423.5
81500.7
44843.6
23389.8
69843.7
62647.1
27510.2
134684
83375.9
62541
96475.3
29093.5
72050.4
71648.7
89826.7
10190.7
103227
45624.6
26641.4
166413
5162.86
27426.6
87393.3
42408.7
60901.8
150185
11902.4
96478
29015.1
154902
68639.4
50980.7
50174.5
46142.1
34607.5
36664.3
14742.7
100413
121907
61654.2
58364.3
58451.2
40497
108120
40442.8
86561.5
28631
43681.5
75965.6
103805
21650.1
6860.89
48010.3
102022
13109.6
72580.4
11567.2
67287.6
45892.7
129053
68436.4
9459.3
20274.3
47711.6
63758.1
56470.3
70851.7
3620.14
157333
74947.9
43098.6
99414.2
77619.9
65921
125010
119543
24730.6
94116.1
57779.5
20347.4
62003.4
67664.4
26251.9
89931.6
77640.7
32949.6
51545.8
92976.5
50684.8
37372.6
38667.3
