6299304
392475
1.45696e+06
540669
1.17165e+06
1.79929e+06
605509
2.95074e+06
502793
605875
2.20014e+06
645556
1.09348e+06
712796
335823
681693
682294
385185
731620
341474
802340
60142.7
89137.9
456429
349220
677636
250983
112576
461675
360310
315001
47843.9
434274
218812
106117
558730
73528.9
24898.7
198901
256538
168062
114535
132397
269341
106414
98352.3
135785
347059
246030
417863
270407
163035
49775.2
45066.4
275817
234362
172770
142585
314342
47001.5
217418
57700
38895.5
106729
129348
113463
87635.8
217447
128219
132744
134929
164164
173871
25999.7
96839.7
145451
105390
84531.7
207348
105352
62883.9
142341
64064.9
104327
227586
111618
178053
53748.7
146140
270133
55512
39804.4
44507.6
45843.6
116171
152156
61062.2
87027.4
90459.4
71078.7
144274
27689
16855.7
132338
69971.8
36221.8
113995
50351.1
88487.1
193036
104558
111945
97427.8
104501
20114.2
8185.38
108620
81420.2
76215.7
85256.6
97574.6
140390
117087
62248.7
139830
98380.4
56457
76989.1
118263
66833
56415.8
128550
55350.9
30493.3
97927.1
85366.4
42888.7
67511.6
49686.1
46028.6
49256.1
45779.4
57614
103532
113802
76347
42257.8
39195.9
29619.6
68364.2
160991
78865.2
68857.1
122490
76183.6
72048.3
100303
80404.1
81344.6
57992.4
88880.5
18023.5
65458.2
81968.8
35802.8
57013.9
38128.7
79270.9
78729.7
92081.5
92226.2
29468.5
22864.6
83217.3
94083.5
59121.4
18843.5
36268.5
72562.3
62598.1
82364.9
41639.7
47051.5
105797
75998.8
125846
62269.3
43991.1
51241.6
17585.3
91158
53038.9
19313.3
27920.5
25160.1
143270
83282.9
34230
97490
88750.7
71187.8
35466.8
25020.5
26893.2
11885
67445.9
33726.9
33397.8
34539.5
83873.8
85292.3
31372.8
60711.4
23299.3
27992.5
57878.4
89247.2
42603.5
138500
29527.3
68791.3
83619.6
35649.8
36901.2
77756.2
89554.3
55517.7
79939.1
78241.9
23263.7
63200.6
31549.1
21217.2
79240.8
46869.5
78901.3
30144.3
60966.4
55470.5
72081.9
53241.5
26655.3
23339.3
74728.3
48549.3
26650.7
42981
69746.2
89598.2
100507
16045.8
39569.6
73913.5
61601.9
66985.2
46329.7
