8300505
642461
470710
425668
1.55362e+06
4.27804e+06
1.4297e+06
190624
301037
371386
255683
169448
980082
561552
710785
455902
633276
186727
103355
442321
240456
470682
600898
674224
447142
94999.1
338412
144987
276639
94940.3
551624
384909
232428
264949
484047
393441
103929
232590
149865
376820
405534
219565
221745
186662
206869
216879
299368
19640.9
82592.7
255071
229197
272935
203016
185231
32390
58574.1
200153
50636.3
129446
59461.7
113482
58263.1
244658
174311
72723.3
170029
83018.6
220552
61252.4
133941
92573.7
44048
143496
158281
12522.4
141200
191833
125586
99398.1
125085
136069
109882
35967.3
95832.6
137454
85132.7
92548.8
135204
80229.9
39681.4
109152
89275.2
94018.9
168711
99165.1
48221.8
130501
36359.1
130727
29550.1
70562.7
140575
84700.1
143612
107768
37590.3
87901.5
102357
95350
111719
71653.2
175363
84113
51824.3
84838.2
108396
32660.4
63668.8
91299.6
76780.9
157414
68521
25501.8
91403.1
59939.2
58928.2
63631.1
57377
118016
59537.9
90816.2
38105.3
23640.9
61088.9
115150
46959.9
89858.2
86393.4
94951.2
64586.4
68845.3
68665.8
45139.1
9293.14
107239
140546
94538.6
22388.6
75160.8
62000.5
80650.8
25888.5
84547.8
58023.9
53113.1
130275
88170.7
64911
31459.2
47995.3
49377.7
90371.8
52176.5
69140.8
61528.1
29254.9
75251.3
35424.1
78807.9
25387.6
61447.1
79916.3
30385
123930
35272.2
19901.4
18114.6
63129
19253.2
78582.7
61508.1
48814.3
67440.7
100956
65285.8
78995.6
1715.18
11350.1
69698.5
60312.9
41698.5
63589.9
92584.6
16311.2
52760.3
47321.6
52789.8
16600.3
50709.2
72795
24351.2
66408
105491
27009.4
56820.7
16708.8
32811.5
25594.1
85954.8
51123.8
51204.6
49405.4
79593.1
95363.3
90011.4
37694.4
4800.59
87793.1
106080
65325.6
23125
65160.8
42907.6
69186.6
86682
56253.4
84986
89746.2
14644.4
96162.5
76991.6
24453.4
30961.8
68027.6
49476
10621.9
70850.8
13361.3
63295.9
13465.1
66334.9
76380.8
44962.7
90285.5
41239.7
20308.3
23031.9
35229.7
46741.8
31163
29146.8
68403.7
59554.4
73519.2
63140
18614.9
