8883177
144425
412250
376382
761532
4.74744e+06
328564
246189
74335.2
162720
627537
122085
372507
376649
793951
1.11708e+06
128909
159532
191486
433032
573014
352499
515302
537467
787996
284526
150836
186799
39303
385512
295544
191329
437726
400247
680406
217907
237200
247174
170649
243161
259275
323266
93368
203808
214746
88939.1
55967.2
92028.2
29564.3
317851
8784.72
216241
63801.8
227646
96699.2
104343
185675
268539
232670
228716
262852
277009
193820
88301
117577
94091.5
151638
135746
188810
24099.4
138784
238290
154505
182266
221368
128457
44864.3
95746.5
67783.2
92506.4
159786
11766.6
49194.6
163046
44800.8
29408
152824
143780
146879
196040
92909
45675.6
96356.4
80377.5
97402.5
94515.9
133997
74669.7
110830
292263
47859.7
81176.6
37725.3
158754
39717.7
142693
66846
75532.4
85009.6
147554
41432.2
41386
70544.5
110308
86673.6
71345.1
67007
94284.4
105366
125056
121774
69508.7
138972
131918
116377
94560.8
160752
105634
163735
51256.2
55988.8
36878.6
71388.7
177271
58449.8
55732
131073
123489
165257
36496.5
75971.2
3761.3
91482.5
139384
94295.6
94231.6
46761.3
51580.7
65515.7
30823.6
51463.5
49743
73783.8
151080
65883.3
115427
50325.9
28041.1
42398.9
43829.3
104264
64381.1
105302
123667
48212.5
119061
58245.7
34744.8
25102.4
14859.2
127928
34161.3
115972
84693.6
64084.8
67632
52834.1
53766.8
15703.9
51612.5
141824
24826.3
130727
45040.8
84443
38579.8
53253.2
67203.9
20280.7
105879
113396
29844.2
119393
53029
101297
60990.3
69253.2
79744.5
27309
105954
63740.6
21184
70329.3
6357.82
65831.5
67988
48530.7
62405.2
27724.6
108778
23540.2
33144.7
65839.9
34427.7
136678
26995.8
106549
43771.1
67834.6
125352
74071.5
76466.8
11654.2
32149.5
111402
27963.2
77723.8
71577.3
92059.8
44967
83284.6
101657
51548
43528.8
125760
69331.4
51083.6
18960.8
29990
41185.5
31389
26913.5
18633.8
85913
87870.1
15236
56871.4
62187.1
38029
52939.5
48869
58887.7
38557.3
137161
23515.5
66081.9
