8504465
236109
1.04252e+06
1.9317e+06
3.32274e+06
1.2212e+06
2.37582e+06
1.57606e+06
573001
1.16696e+06
1.04611e+06
476138
237323
669004
559431
425145
851816
399446
377170
345651
601201
163404
374514
550254
100948
47078.6
174298
215242
495628
387976
64289
242433
275281
277200
3269.06
434590
176290
238767
134817
312147
100389
171419
171732
341904
221356
160561
111583
103025
85990.6
55703.2
214520
138851
72328.4
234962
187678
50651.5
229118
192854
161314
117338
194429
206276
80666
55642.4
93333.4
87609.8
87170.4
207676
121075
53195.1
113797
144401
200334
105772
44487.5
112352
76183
129742
89044.2
97251.4
76542.6
37066.9
216324
179854
53479
35492.7
124441
43855.6
20947.2
129885
84580.7
123297
112958
98300.1
84393.3
20092.9
24142.8
14269.8
164450
73494.3
51556.1
38903.9
64307.9
129759
141227
131829
32150.9
51973.6
82164.8
28338.2
121736
96671.2
50877.3
57523.5
66932.7
85788.3
57716.3
61543.2
43983.1
112164
88287.4
31833.2
65417.4
61221.1
134822
21931.4
102446
62411.3
487.755
37674.7
127321
50635.8
79032.4
67588.2
81015.4
17156.1
26562.2
125762
53701.2
60476
80682.9
13967.3
16283.6
61607.1
44776
53579
54928.3
88670.1
48755.2
115839
31901.7
66304.8
53488.8
96645.3
81731.9
24500.7
48112.2
36517.8
87465.3
73881
12743.9
67685.4
35996.8
62315.7
3813.84
74904.4
22760.7
59204.4
57440.8
85503.2
72794.4
44119.8
56489.2
60047.1
70931.8
6759.71
67201.1
38807.6
58608.7
110419
39624.6
56441.7
16153.1
26644.3
41828.4
40333.9
112771
29941.2
26018.4
47360.8
62026.3
30171.8
34835.7
82071.7
17125.6
33865
53943.4
37957.1
59456.2
41091.7
127377
48188.6
50930.9
22554.4
39865.4
32369.2
56870.4
27620.1
39931.9
24355.8
64170.1
58317
54828.9
49178.9
43748.4
81737.5
70158
44243.8
35907.6
48307.5
35025.3
74667.4
34065.8
27525.1
54540.8
98575.6
48031.1
29734.2
42140.8
44750.7
43499.9
37506.7
61046.8
24747.9
41308.2
53962.2
83144.4
61896.3
44421.1
61224.4
20663.9
56644.5
32972.8
34878
35507.1
65206.2
68260.2
60738.7
60613.1
76634.3
62505
34046.6
63212.1
27215.7
22542.8
60645.9
