7816504
347759
159344
377717
167671
4.60627e+06
414396
445325
161925
271125
417552
61161
444515
377244
144813
1.28213e+06
192495
594502
101761
340690
408564
185615
558958
127253
104178
551585
128757
383719
274443
228009
299223
233463
436936
247771
220749
402614
142679
394833
223564
5577.17
82974
328814
423457
227549
114219
249716
114607
249525
238709
31942.2
130670
241313
227277
325169
165494
205900
21689
129040
113329
176002
46969.2
217029
167030
171571
122378
107774
44871.8
108214
183515
109338
94362.7
131282
116020
139915
24261.1
190230
60822.9
86666.4
208537
101763
110402
201851
133977
94539
51285.6
121013
106383
99713.5
214118
58815.4
110344
141125
128599
163761
36742.1
133622
126901
21935.5
124672
142822
162374
201297
82278.7
74982.5
82886.4
81001.7
167917
71009.5
148733
36463.6
72710.2
115494
145817
139147
86652.5
26334.1
65647.4
111877
69094.7
144425
107795
96736.8
46815.4
26992.7
89750.3
94470.2
156491
72460.7
163227
42426.5
115476
139907
99594.3
127768
162867
70300.9
29932.3
56433.1
19484.4
223376
62264.5
28313
47871.7
30181.8
38231.8
93061.3
149885
73522.4
99459.8
107365
155728
161329
143074
86104.9
78108
107277
44801.4
107525
35303.1
127995
54411.7
115224
5441.45
37553.4
31232.9
14819.4
107237
21682.3
103479
107789
88399
30588.4
147399
118578
115433
65999.8
25247.5
101601
56550
37231.4
70026.3
83877.6
77734.1
50238.6
49694.4
58779.6
118618
71314.6
22076.9
29924
40185
41305.4
119578
36877.9
62184.3
35040.4
58017.6
98593
14187.7
63170.4
46435.2
28606.3
80563
25411.8
88385.4
25023.4
31243.7
113616
38739.7
67695.9
12762.7
22691.4
73478.2
14446.3
78387.6
25470.8
44860.8
59328.1
37151.3
87498.8
14525
32214.9
129796
38915.1
97301.2
34379.7
19874.4
36281.9
47381.9
125068
38605.7
26411.6
112278
48569.8
126988
67198.7
21627.8
54678.1
19314.7
84246.6
102892
18119.4
115954
11222.5
68252.8
20818.7
43751.4
36059.2
49565.7
44397.9
58824.7
63716.8
100260
55252.6
58286.2
62732.9
