9137422
708541
893847
910562
2.8041e+06
1.42921e+06
478686
424379
1.90464e+06
1.38091e+06
2.10558e+06
47160
700588
314515
1.69072e+06
477210
263310
863870
632415
418091
164444
601567
640303
704485
152801
130420
354071
812667
290774
73808
266191
350136
505848
208300
378300
207682
277552
174192
154220
284776
219435
245662
163797
367436
90428.6
86279.8
334194
174343
107990
99106.3
237854
290060
364298
31555.9
358288
131571
157006
113703
205012
224194
107936
138407
40306.8
121334
112458
270546
68496.7
239081
153941
89149.1
148082
55505.7
186590
165327
235076
17327.6
84296.7
47088.1
88237.8
68473.2
137413
114276
228536
126311
69890.8
197174
153813
206831
107248
140886
10197.1
147493
105216
88024.6
213846
186948
54350.5
125357
52855.7
97509.2
94442.4
97662.1
118887
95902.2
48774.3
13536.2
56361
204424
114473
115118
59489.5
138510
100074
88298.2
48193.3
65221.6
132283
42926
87879
91739.8
63751.9
110457
92882.2
84369.6
69923.9
69237.6
62077.8
79870.7
98355
106615
21729.9
18242.7
149045
135988
122016
47348.9
177405
43312.1
12285.3
21718.8
163312
77684.7
88096.7
67779.1
16369.4
107266
64597.9
38499
75578
120380
98504.7
50942.2
65960.5
124099
74853.8
79687.1
58883.6
81127.9
22382
18463.5
56559.9
84393.4
54758.6
166147
56770.6
67134.8
31019.7
37603.5
50070.4
94753.9
52624.9
30933.4
26741
43521.7
51643.3
64481.2
182431
109105
75597.9
32524
31253.8
61968.2
116078
35344.5
28852.6
42064.5
58156.2
33790.6
96509.7
52443.9
90609.6
67967.6
65683.9
64149.1
57197
35446.3
112281
26319.1
66118.7
57465.9
118149
94749.6
20153.2
98159.2
46658.6
46085.5
48438.8
68973.2
81641.8
100167
43757.6
107664
42568.8
112952
27404
71810.5
82182.8
25089.9
48434.6
79227.4
49575.9
70929.7
18908.4
71661.3
44494
71116.4
45566.2
20467
38160.5
68272.4
43121.1
61495
19408.9
92839.3
61609.9
26020.5
105375
82237
116317
67181.8
34906.7
87614
47702.8
23410.8
44635.7
48755.4
17104.4
45267.4
18003.4
75972.5
63127.9
130715
74924.7
41755.2
76799.7
70961.9
