7926414
378311
749069
548912
1.30967e+06
4.43244e+06
834515
431408
874582
725385
510234
339792
208837
200953
929623
464061
288959
584237
398823
625804
422276
290169
546601
340824
212341
155740
451587
628496
172735
311159
309496
393474
345030
344473
315340
202073
545361
298023
141089
196721
210310
508540
107935
199749
81597.6
79261.7
436418
15270.5
112699
172564
331371
254937
134909
48177.3
127913
174781
199104
134671
99313.6
117760
201498
156070
40887.4
273126
129467
187435
100481
109598
150452
140008
49679.9
79368.4
137319
266053
194024
114706
87838.5
23500.2
170180
67705.6
58594.9
79657.3
221487
130564
73016.6
81734.2
42926.6
30049.9
157446
93635.6
66769.9
89874.4
125863
80512.4
64901.6
47388.6
148711
103131
82383.1
149594
18894.3
156726
56761.7
136611
91927.3
99244.4
134210
75216.8
99519.4
194763
151396
125193
77862.9
106528
129852
106656
93675.9
29866.1
159886
102844
168822
71986.2
78349.2
26788.6
164530
68811.1
62970.3
64442.6
103923
91642.4
87207.6
12494.5
31247
99312.2
136481
22835
99238.7
91656.5
82361
51805.1
30549.8
41821.9
117862
119665
101222
84665.1
43137.3
83491.5
75679.8
93130.8
31546.1
103357
123886
75850.1
121760
54834.1
74341.7
82593.4
32730.9
36200.8
31991.7
80671.1
84317.4
32307.3
104965
127367
24777.7
52645.5
15762.7
18621.4
62388.1
32261.5
58229.1
5029.66
16913.5
128411
16772.4
53055.9
113562
31863
95147.8
62808.7
31688.3
29309.7
72016.2
92551.6
40752
74231.6
112282
52794.9
120914
51644.8
54547.4
93176.3
8877.03
88449.8
53202.5
104346
46297.3
49726.3
99803.4
50910.9
36068.5
73275.4
32799.6
87385.6
88651.3
31071.4
38007.2
46156.2
36370.1
102029
41358.6
23670.4
45275.2
45155.7
66391.6
40024.4
55295.5
22022.9
89408.4
52941.6
83191.2
36990.2
85822.2
37433.7
7724.79
53663.8
52745.6
44061.6
70572.1
38114.9
73300.2
128989
27962.2
34287.2
40824.5
25313.4
60115.2
73947
11617.9
64601.7
26419.6
114501
41208.9
26210.7
51519.8
37365.4
56903.7
59582.2
29062.8
50251.3
73591.1
73285.5
34172.7
48525
