0
14643.4
6345.06
14607.6
38085.9
165449
16289.4
10186.5
16588.6
22202.6
15919.3
13029.5
20036.6
29095.5
2365.05
9716.97
24767.4
22218.2
15692.4
9495.13
20579.5
36140
23353.6
30979.9
3311.12
18251.7
12685.8
14996
20442.7
21404.8
3457.69
25802.6
16109.8
15526.2
18139.1
7940.91
14068.9
9604.99
11063.3
16072.1
8414.62
6103.51
10326.5
8008.23
3495.94
7763.02
5373.71
7622.28
8184.76
12100.3
1101.8
7686.22
7998.41
3386.65
4384.05
9037.05
12462.5
5382.29
4438.78
2400.39
13431.2
7884.53
9134.19
5451.24
12264.2
8334.03
8266.54
6145.13
16296.1
2951.22
3082.03
1968.61
13524.6
9801.17
11903.1
6748.09
4256.82
1657.71
5988.49
14252.1
10258.9
5271.52
2001.47
7686.04
2764.95
1635.13
7680.27
3921.18
5592.01
8014.06
8230.99
6679.48
304.644
2599.18
3771.68
13239
8108.58
4829.03
8656.44
7781.02
4363.82
3157.18
3680.12
2963.43
1356.23
5631.39
4091.36
4768.96
6906.58
5991.05
3433.15
636.197
4280.54
3535.29
909.664
5907.81
3062.13
3596.28
2988.13
7189.64
5732.05
10548.9
1412.99
7968.56
1282.73
1856.05
5838.08
452.187
0
1059.82
5281.07
1763.53
8660.86
2720.44
2994.46
8006.63
3780.7
4353.69
1386.64
1796.3
3089.54
5096.74
1623.34
7346.75
1075.9
1665.02
2521.45
1846.57
6239.67
4146.77
2366.05
4560.68
1458.12
6347.64
2216.2
3136.2
400.731
4253.55
1539.94
4468.7
2712.12
2168.31
3120.08
1872.3
2384.36
3422.46
6027.48
5122.54
1752.44
4214.2
1578.01
11166.8
2031.94
4496
3049.71
3457.11
1463.67
1999.65
1494.81
411.767
1228.67
7026.16
9599.25
5455.01
4817.27
876.216
2439.12
3265.27
3042.11
6375.35
725.342
8033.54
4275.63
4731.1
5167.53
3573.54
5002.69
2702.62
813.022
1055.13
2924.92
1608.19
1789.97
4598.58
4606.8
5350.57
856.005
1591.86
1666.94
2470.74
3368.16
3838.53
1493.45
1022.61
2404.22
2209.23
2366.78
2152.17
5859.93
2881.75
1444.62
1531.09
6653.43
4864.89
2365.61
384.679
1561.08
2290.43
768.173
333.287
3656.9
1111.22
854.385
3216.26
882.388
1721.87
2335.96
3185.26
1427.36
2004.81
2478.33
8111.64
1319.02
168.244
2282.82
6192.43
1464.33
3369.16
1514.96
6612.83
3112.82
2447.21
2948.77
2235.7
2691.57
808.409
