7710329
98767.1
270764
818154
427915
4.9389e+06
428474
725353
256383
161495
598349
91699.9
362456
837689
301005
1.16792e+06
373878
516255
287779
187300
430743
112341
401874
759126
146398
210278
292437
340963
256373
123840
155178
169232
333666
561026
34841.8
143558
272130
250996
138801
82853.7
113808
92128.3
207465
377227
89134.4
204997
274403
243675
67316.6
21538.3
200542
117455
62107.1
201983
121901
147177
226261
177877
174339
73907.4
203373
174805
77134.4
84793
121952
111084
127592
53079.7
200324
106081
127884
193950
108290
62870.4
106177
123315
21901.5
82494.1
170292
109448
70710.4
146317
72508.6
87154.5
70106.5
145195
120060
153496
71843.2
114262
16723.4
75850.5
29079.5
60024.1
52439.4
125521
150050
153547
45731.3
87721.7
31146.2
78923.1
34226.9
54238.7
38415.5
113692
138214
123200
77820.3
42526.6
72642.8
90179.1
31678
127594
11309.9
91484
75454.5
66035.1
72926.2
42264.3
100823
62520.9
17498.7
166042
31385.6
80242.1
37418.9
28172.7
73424.9
48385.2
71649.3
16558.6
29751
147605
72743.3
99675.4
12746.7
23532
115283
37637.2
18431.8
49625.5
48010.6
69971.5
89342.3
81774.2
8697.07
14863.3
136298
11569.4
50479.1
73465.9
51713.9
37941.9
84676.3
54956.2
22971.5
23309.2
97575.1
22308.7
96548.1
74384.8
51635.1
68744.6
64776.2
49346
44264.4
27890.4
33069.2
22620.1
97744.8
78915
58692.6
64456.5
52538.4
61867.4
83355.3
42260.7
45800
7036.7
72090.3
50070.8
48763.6
30511.9
31802.7
46632.5
106691
48774.5
82554.8
41300.9
39182.7
37665.2
35930.9
31989.8
8042.07
31312.7
109082
46870.1
99464
53894
33317.7
9032.52
16876.4
58412.2
59718.3
61639.8
64408.2
33380.4
85641.7
47974.1
20624.1
44986.4
3365.3
42561.3
92524.3
87204.2
15134.3
16519.2
62302.6
22133.7
19086.3
48599.3
17560.1
16308.1
101887
82346.9
74142.3
3654.29
56280.2
30585.1
26501.7
28173.1
28096.5
36319.6
64633.8
50187.2
106855
17583.8
66199.8
50526.8
32602.7
24135.5
29443.5
49052.4
8947.92
3274.61
107567
23081.1
71217.7
50315.1
20725.8
63012.5
18385.5
51415
42868.8
18724.9
