0
14339.6
5970.28
13301.3
37518.2
147635
15157.6
9574.77
15331.7
19728.2
15465.6
11286.3
17950.8
25083.9
2365.05
8403.68
24767.4
21983.9
14236.1
8508.5
17034.5
30921.8
22982.8
27386.1
3311.12
15785.1
11864.8
13906.1
19896.4
18958.5
3457.69
22802.9
16109.8
14774.1
15571.9
7561.7
12287.6
8813.29
10078.7
14335.5
8340.62
6099.68
9841.59
7151.17
3495.94
7007.26
4909.32
6542.83
8184.76
10856.8
1101.8
6955.3
7998.41
2813.89
4013.95
7928.44
12445.1
5339.62
4438.78
2402.51
11597.4
6948.79
8182.82
4900.57
12264.2
7507.43
7431.85
5441.98
14156
2900.23
3082.03
1970.77
12737
8600.43
10915.7
5518.09
4256.82
1658.19
5987.99
12763
9780.4
4501.37
2001.47
7008.07
2764.95
1630.38
7287.13
3917.2
5592.01
7168.12
7417.91
6128
304.644
2594.96
3279.42
12620.9
8108.58
4229.59
7865.57
6894.3
4363.82
2966.85
3680.12
2550.45
1356.23
4941.72
4091.36
4088.37
5693.66
5304.17
3287.8
638.661
4280.54
3061.22
909.249
5108.76
3062.13
3099.18
2987.75
6326.74
5732.05
9862.94
1412.99
7082.53
1278.37
1757.83
5606.79
460.831
0
1034.93
5266.4
1619.93
8539.32
2493.95
2778.88
7428.43
3780.7
3847.67
1382.61
1532.21
3089.54
4413.29
1623.34
6358.39
1075.9
1664.02
2521.45
1634.21
5131.49
3570.37
2370.88
4025.59
1458.12
5524.17
2216.2
2954.97
400.731
3779.02
1539.94
3949.37
2712.12
2116.11
2627.35
1879.92
2384.36
3165.94
5411.38
4563.82
1752.44
4048.66
1578.01
9956.02
2031.94
4069.04
3049.71
2973.72
1463.67
2000.98
1494.81
413.04
1228.67
5762.96
8784.65
4807.93
4817.27
873.916
2439.12
3239.96
3042.11
5656.23
725.342
7209.15
4275.76
4284.2
4592.75
3173.21
5002.69
2700.01
813.022
1056.96
2924.92
1428.77
1796.32
3778.74
4606.8
4914.07
858.625
1584.32
1666.94
2053.11
3368.16
3422.04
1493.45
1027.82
2404.22
2205.13
2366.78
2113.17
5299.63
2730.55
1444.62
1520.2
5755.01
4653.24
2365.61
386.028
1561.08
2001.78
768.173
334.624
3656.9
1108.69
854.385
2861.6
882.388
1458.37
2335.96
2813.08
1427.36
2009.66
2478.33
7003.68
1319.02
168.074
2282.82
5404.22
1464.33
2961.67
1514.96
6195.86
3112.82
2157.41
2920.36
2007.31
2653.23
793.395
