0
14509.7
6330.22
14522.2
38045.4
164084
16211.6
10149.5
16488.4
22008.5
15887.1
12889.7
19889.5
28777.8
2365.05
9622.28
24767.4
22213.5
15582
9406.01
20297.3
35737.2
23331.5
30714.6
3311.12
18050.4
12626.9
14928.3
20404.6
21208.6
3457.69
25571
16109.8
15463.8
17943
7915.99
13948.6
9541.83
10983.6
15954
8347.42
6099.68
10288
7953.26
3495.94
7718.28
5341.27
7526.12
8184.76
12004.8
1101.8
7646.14
7998.41
3334.53
4370.13
8954.58
12445.1
5370.58
4438.78
2402.51
13288.4
7809.45
9063.63
5414.76
12264.2
8278.75
8212.25
6092.79
16121.7
2928.1
3082.03
1970.77
13459.7
9720.03
11832.8
6639.6
4256.82
1658.19
5988.49
14148.1
10179.6
5215.45
2001.47
7630.53
2764.95
1634.57
7654.72
3917.2
5592.01
7952.79
8172.65
6631.4
304.644
2598.11
3733.88
13205.7
8108.58
4782.05
8587.45
7732.79
4363.82
3142.29
3680.12
2924.06
1356.23
5595.99
4091.36
4701.78
6785.88
5927.38
3400.77
640.8
4280.54
3492.5
909.249
5840.53
3062.13
3556.96
2987.75
7130.94
5732.05
10500.7
1412.99
7899.22
1278.51
1839.63
5814.2
452.159
0
1053.24
5270.43
1741.75
8655.22
2722.01
2983.15
7951.67
3780.7
4312.66
1382
1777.29
3089.54
5059.52
1623.34
7261.49
1075.9
1665.04
2521.45
1826.14
6150.76
4111.92
2370.88
4514
1458.12
6279.76
2216.2
3103.83
400.731
4214.1
1539.94
4430.67
2712.12
2158.38
3073.79
1879.92
2384.36
3395.79
5988.63
5071.21
1752.44
4180.25
1578.01
11071.9
2031.94
4474.67
3049.71
3411.8
1463.67
2000.98
1494.81
411.597
1228.67
6917.98
9537.34
5398.08
4817.27
873.916
2439.12
3239.96
3042.11
6308.29
725.342
7969.7
4275.63
4705.74
5116.4
3544.93
5002.69
2700.01
813.022
1057.05
2924.92
1597.73
1796.32
4524.84
4606.8
5329.84
858.625
1590.9
1666.94
2431.2
3368.16
3811.15
1493.45
1027.82
2404.22
2205.13
2366.78
2128.66
5811.94
2864.69
1444.62
1520.2
6583.05
4858.47
2365.61
385.032
1561.08
2274.41
768.173
337.544
3656.9
1108.13
854.385
3174.61
882.388
1701.72
2335.96
3158.15
1427.36
2012.01
2478.33
8028.57
1319.02
167.693
2282.82
6125.25
1464.33
3339.3
1514.96
6581.74
3112.82
2432.89
2958.02
2249.69
2679.87
808.199
