7184050
267140
237391
421998
743553
1.97228e+06
4.25692e+06
1.11766e+06
690389
598271
540599
1.3154e+06
522060
162613
162998
133277
47582.5
1.08012e+06
102290
136244
54604.1
84213.8
350307
1.11525e+06
318074
195587
235544
113429
101688
109904
92364.3
130736
59181.6
81744.5
790889
142810
111732
56622.5
139807
149058
344251
127539
97426.5
135674
120537
363053
274094
136480
118792
126625
116366
407689
127633
71841.6
59904.7
162817
128435
132908
61885.1
39246.8
71135.8
93241.7
349577
269929
124323
76960
132530
108846
74377.2
76424.8
64365.8
58177.5
117666
103192
287392
33751.6
10404.6
50363
47376.6
235324
170552
101979
19074.8
102370
75046.2
159879
32599.1
66346.7
40362.6
39144.2
93915.6
281264
11192.2
30308
56874
58550.9
113611
75198.3
98198.1
27137.8
33903.6
56983.7
250923
51644.5
37278.3
26240.1
47089.8
92772.4
156018
6881.45
77924.6
55000.5
61161.7
71700.4
134709
89983.3
51175.8
52186.3
66440.4
204363
62132.9
28901.9
22657
88009.9
66768.4
7876.64
10108.4
100109
32364.6
36350.3
79342.7
175677
66215
49182.4
103887
67242.8
100689
31833.3
62296.8
35735.3
76737.5
13214.8
106129
21493
83070.8
8744.59
18062.9
99812.8
144469
61668.5
29677.1
107884
48678.1
21240.3
29777.2
73988.7
45859.4
32033.9
59764.9
131337
35718.7
34221.8
20005.1
64754
111313
82074.6
66141.1
39115.9
78030
27880
78710.2
63868.6
42726.1
48201.5
46856.9
97999.4
86330.4
41561.2
47470.8
34167.1
79117
80663
68730.5
66874.2
47677
23552.6
24705.6
102968
75549.5
21579.8
43622.3
74354.3
92947.6
9168.32
22771.9
90535.1
29766.2
66902.6
33999.8
94412.5
39238.7
31376.1
39476.5
25310
104870
65527
78485.5
37453.5
70410.9
47107.2
56879.1
14562.6
94869
5584.79
25879.3
59251.9
87185.1
15993.2
15730.1
75162.7
19254.1
85320.9
56291.5
101501
41515.6
35207.5
33726.4
76460.9
39982.3
52107.7
31735.9
25758.5
89056.4
43443.7
14897.5
64194.9
86740.1
18221.4
41470.1
83792.8
78276.4
39364
25116.5
77514.3
63343.4
36918.1
17798.5
53261.2
54718.6
75592.2
13608.5
35105.3
93357.7
69588
33754.2
22878
