0
14700.8
6440.4
15297.5
38400.1
174859
16874.4
10499.8
17254
23554.5
16146.6
13998.8
21165.4
31274.9
2366.48
10392
24767.4
22282.4
16442.5
10047.1
22527.8
39010.7
23556.5
32882.1
3311.12
19588.4
13098.6
15616.9
20690.7
22720.5
3477.01
27407.9
16109.8
15907.1
19554
8093.79
15042.1
10048.5
11637.8
16978.6
8920.36
6212.98
10605.5
8459.27
3495.94
8179.49
5629.48
8220.61
8184.76
12756.5
1101.8
8075.19
8050.94
3736.86
4582.47
9622.2
12865.4
5413.62
4438.78
2400.39
14421
8350.27
9641.57
5717.03
12264.2
8739.84
8713.76
6543.29
17486.4
3073.43
3122.05
1968.61
13933.3
10426.5
12443.8
7402.08
4256.82
1657.71
5983.35
15050.7
10740.7
5680.52
2001.47
8115.74
2764.95
1705.42
7858.45
3925.72
5592.01
8483.29
8676.94
6957.68
304.644
2606.97
4062.49
13522.6
8108.58
5130.08
9073.46
8238.28
4371.38
3241.07
3781.1
3171.97
1356.23
5970.47
4091.36
5143.05
7604.1
6355.48
3636.68
632.772
4280.54
3810.31
912.882
6327.59
3062.13
3876.86
2999.29
7585.42
5873.64
10893
1412.99
8420.93
1284.09
1940.77
5934.97
440.066
0
1072.2
5412.13
1837.36
8724.23
2865.72
3083.9
8256.11
3780.7
4632.26
1403.36
1942.19
3089.54
5481.79
1623.34
7880.29
1075.9
1665.02
2522.06
1997.64
6854.11
4514.31
2373.94
4829.68
1458.12
6810.35
2216.2
3269.25
400.731
4501.09
1539.94
4759.71
2712.12
2224.01
3385.69
1872.3
2384.36
3534.86
6344.52
5466.64
1752.44
4344.78
1585.68
11845.1
2031.94
4718.5
3049.71
3696.63
1463.67
2016.58
1494.81
412.844
1228.67
7750.84
9990.5
5819.18
4817.27
862.306
2439.12
3358.33
3042.11
6777.95
725.342
8456.69
4589.13
4943.7
5445.82
3784.03
5002.69
2727.01
813.022
1056.53
2924.92
1716.47
1789.97
5037.04
4754.23
5609.07
856.005
1611.17
1666.94
2673.74
3479.2
4012.88
1493.45
1022.61
2404.22
2225.71
2366.78
2267.69
6149.6
3024.02
1444.62
1531.09
7172.86
4985.23
2365.61
385.784
1562.27
2446.19
768.173
332.872
3659.57
1111.22
854.385
3375.47
891.622
1840.14
2335.96
3419.48
1427.36
2010.15
2478.33
8729.92
1318.64
168.238
2282.82
6655.15
1468.71
3542.74
1514.96
6823.46
3240.17
2575.23
2957.8
2316.22
2739.76
816.894
