8781836
315621
451301
29259
149565
2.20129e+06
665247
1.65321e+06
1.14125e+06
1.22719e+06
786820
261094
1.74643e+06
2.17065e+06
880213
757497
86864.9
362694
65671.4
323448
2.00538e+06
295674
1.03874e+06
397650
587882
447145
332385
106885
468943
47235.3
466666
287046
275244
416935
226443
507957
275032
289026
312450
449090
391310
215652
445402
153260
434217
249008
234563
285076
48823.7
442332
84225.8
418388
351525
199014
300321
139408
290725
72009.5
369458
372488
137560
171026
401535
98241.3
153144
78209.3
64688
30525.9
211989
415690
203333
237975
138768
67635.5
259878
276444
192004
185872
76185.3
198679
125803
43837
212960
275498
246224
160564
106915
174660
219953
133896
245771
169262
297239
16036
53757.5
82439
20018.2
186490
44834.5
172818
142424
59832
59712.9
100457
156878
88055.7
28001.4
262184
61298.1
180235
154969
60600.4
33137.5
109286
81740
123664
119560
113661
110145
45418.8
53481.8
171153
111625
179930
136033
200726
58487.3
74440.3
46333.5
65997.9
85628.8
66575
92336.4
36909.2
178589
125973
65632.8
88861.9
106575
44864.1
100188
121361
202076
111149
8108.78
120827
55602.7
196839
69733.7
86308.9
89131.4
47671
65080.2
117149
40743.2
11621.8
70114.4
74955.8
81394.2
183096
42278.2
145057
77789.3
76792
83847
45919.6
110842
127984
88868.5
68773.2
22402
63125.4
172459
107702
86170.8
44215.9
63467.7
172057
159425
115939
122378
81617.1
83235.1
44594.6
49953.3
55734.2
130729
63456.3
10342.1
142248
109315
70255.1
88175.2
99158.1
63880.4
185779
54934
31998.4
47154.3
116740
92994.1
111654
109075
19707.1
108998
95520.1
30456.4
91897.7
121590
41588.5
102934
86162.5
118656
75598.3
102515
90892.4
41464.1
155858
81613.1
82649.3
145255
61931.2
61719.5
89983.8
9210.15
50913.1
54871
61996.4
121067
51254.2
76810.8
31331.9
104858
109050
66883.7
91834
110773
59269.1
27831.9
66736.3
65743.3
22842.9
39854.6
59657.5
89770.4
84099.8
36906.9
79247.6
76734.8
7380.28
151571
130377
70397.1
52899.2
44282
96509.2
