8394750
314752
372005
616483
331735
535214
1.10358e+06
2.90286e+06
2.57048e+06
1.69199e+06
460799
312814
1.25305e+06
1.73588e+06
693283
697534
360001
590362
198339
381208
702720
254883
191697
243006
792307
759809
635697
191693
736457
282671
319857
251999
296866
57374.8
501190
536129
128326
556071
337821
481071
283052
363932
113607
96900.2
266173
204802
113679
210133
329377
196013
313510
234030
317003
228170
103571
79629.1
132072
114630
223962
321176
25503.6
297315
189102
194130
182904
97594.1
330261
132436
61841.2
177641
57021.3
61671
336325
242869
142636
137763
132461
71077.3
73473.5
156133
82076.5
181406
51635.2
189723
181197
208044
231184
291420
28063.2
118596
161190
30294
111082
131581
160511
2875.02
50060.9
23303.9
99919.8
113516
78478.1
38299.3
98800.1
151030
127634
142869
107634
217912
97043.1
148169
52910.7
56163
32617.2
61303.3
105577
111527
72527.8
58879.8
145569
86122.1
114797
124587
77658.2
60047.9
161060
63014.8
127095
43880.1
65502
40885.3
212773
185117
60036.8
21076.6
81441.4
29680.6
120284
109960
42260.5
161236
13114.9
112645
57523.3
82563.8
149404
75200.7
17803.1
108688
154546
74670.8
79546.9
61162.4
194611
90679.3
35991.1
44249.6
76766.7
102482
28103.7
69335.2
66400
58315.2
88969
56513.9
105259
29828.6
107084
116032
131508
39391.9
145079
47649.3
137811
70304
71088.3
12223.5
40559.4
105765
37783.2
73970.4
35767.4
27518.3
74383.8
98279.9
71553.9
143649
76416.2
56629
30708.8
120563
146923
58260.6
116146
7436.65
10102.3
38288.8
37681.5
53589.6
105363
64999
61822.3
108124
54458.2
32077.3
32439.1
120571
50428.4
43916.1
37573.9
131063
34337.4
34493.6
79543.2
60881.1
19726.2
41410.4
161898
39129.8
81677.9
56676.1
46213.1
14016.5
28098.6
35487.1
82493.8
60764.1
80070.9
75022.1
72058.8
102335
24804.6
159453
58464
32367.8
41475.4
76244.2
23787.6
96150.1
22068.7
90703.5
54383.5
68856.1
40308.3
74668.4
81588.2
92452
76454.4
118970
97441.3
55426.6
114421
73559.7
91823.3
53555.2
79790.3
35172.3
