7326393
234580
221721
274985
583786
4.75391e+06
582196
143412
118765
197445
994862
475533
282476
297100
399792
1.18267e+06
512371
70793.2
69885.7
227942
691666
611096
227705
186725
180956
344974
277121
70400.4
87413.1
227699
408820
631270
161413
83389.3
86921.2
244751
166590
80007
88802.4
122614
140414
491359
192391
42280.2
122039
243405
271926
1815.15
32914.9
53004.7
36045.8
254281
244089
37082
113610
193666
291205
131404
20450.8
80905.9
52830.4
121559
200825
26076
62048.7
130205
207070
219901
48788.7
85085.5
72135.7
168154
127847
16973.8
37136.3
67351.9
96497.6
227769
88617.2
69028
94036.6
178756
75490.7
34481.2
8380.31
71355.1
113546
152960
130195
54234.8
77757.2
112547
101126
91638.6
35609.7
134158
137600
50542.2
120698
58205.4
32738.8
46572.9
72301.3
149691
68863.6
121403
103701
59611.5
65354.7
34033.2
38412
27750.5
26104.4
169056
91386.3
92678.6
51299.8
86852.6
23037.5
6613.63
76103.6
56236.9
75568.6
140719
107319
35941.5
14410.3
53424.6
65865.7
30705.2
82661.8
92522.3
99571.5
68069.5
106521
5051.8
31492.6
12942.1
65712.9
66625.2
81987.8
97227.5
70965.6
68252.4
78810.8
23409.1
81580.7
34028.3
32338
97530.9
89309.1
56236.9
22293.4
88060.2
29687.6
41032.9
101284
29736.7
33156.5
84848.2
87944.4
13223.8
39443.6
71949.3
21049.6
60699.6
84650.6
29489.4
60509.3
56364.4
83496.2
55390.4
58253.5
35152.6
32059.2
83661
55932.7
43930.3
47962
48831.2
76144.1
78965.6
58938.8
7273.69
16891.7
99931.2
31637.4
36090.9
12007.2
66405.6
56856.1
76825.8
67404.9
10023.5
33895.8
107243
16899.3
44896.4
32135.2
60855.1
38110.9
65163.1
49346.1
40598.4
59828.1
91399.3
18153.4
70776.6
40268.2
31565.3
46252.6
66080
23970.8
63425
57665.6
68567.2
31171.2
77589.4
40867.5
10051.7
39366
81289.7
44070.7
64790.1
26721
64899.1
38698.7
57750.6
50361.8
20510.1
13733
96549.5
52449.7
41017.1
34697
63236.4
39608.7
29135.5
58865.2
25893
16119.6
101196
38534.9
38869.5
52887.8
49321.8
56429
16166.4
55147.7
45372.8
23353.6
98235.4
21411
53498.6
52885.8
22084.6
