7186165
1.32017e+06
978913
761770
4.12409e+06
556945
1.13378e+06
951089
1.13184e+06
735530
1.43197e+06
642723
742369
295011
732906
402677
216161
874035
518971
447051
288879
414924
118933
729705
314415
27118
146940
386241
128247
120331
154049
528894
412125
146064
253459
190382
171746
335721
148376
230609
181923
141201
153152
139579
148532
232822
86946.4
195247
191202
95502.9
145872
124650
180945
221471
246525
240585
124765
58177.7
185647
89721.3
116724
87489.9
164870
217759
232202
37371.1
79433.9
36978.4
156693
118725
18358.5
12740.9
150803
133266
83771.6
109392
123949
130863
83263.8
54063.1
165704
132590
67065.2
121731
112768
23690.7
46290.3
32754.9
50274.8
157518
92018.9
66869.5
49830.8
146214
27905.4
171232
136248
65231
48671.6
56267
53429.1
106012
81035.8
96839.6
197516
48580.9
68951.2
28740.8
95088.7
16948.1
87738.6
48495.1
91408.2
50336.3
56682.6
38372.6
97365.9
111461
50021.9
40120.4
84726.2
57262
56165.3
82641.4
105939
89268.8
75602.5
71311.3
32900.2
50380.2
53611.5
97134.4
34450.2
102994
51415.6
71376.3
51633.2
89748.2
40804.9
121180
45541.1
74494.2
74266.8
40976.5
81736.9
96334
17016.6
99603.8
76782.4
27596.8
77027.1
40294.3
49308.2
98023.3
65333.8
16112.1
20102.6
23233.6
52076.5
18110.8
59126.1
58770.9
59406.3
42015.1
75504.1
91443.7
96983.6
65679.8
66540.2
2013.14
66479.9
39501.3
35408.3
54484
111791
46781
51549.6
23432.2
59897.1
28116
118536
51019.2
46362.2
46649.5
40054.7
33870.9
37368.8
50179.3
91451.2
84660.2
48135.5
86790.7
14807.6
46922.3
40422.5
54485.7
33733.6
59128.6
35766.8
25795.1
12962.9
78934.4
13691.8
44466.1
38380.5
80552.3
9673.06
83513
37977
29743.5
23160.7
114490
60773.1
21391.3
59523.3
67396.5
68934.9
13973.9
38518.4
49260.6
90744.2
48500
44528.1
26506.6
78352.4
42482.2
45342.3
20359.2
42972.9
58297.8
35129.3
62766.1
86519.2
48868.8
18200.9
38375
27558.8
33126.9
83276.1
74537.1
41247.6
11098.3
41193.4
10789.7
22826.9
17976.3
53879.1
73003.5
43234.8
35783
38789.6
77542
93196.8
67573.3
23686
39691.2
