7481845
239862
464355
1.13916e+06
2.55911e+06
1.39097e+06
1.08527e+06
550652
170480
779705
1.36252e+06
417117
1.32175e+06
2.25218e+06
706871
717660
512124
388742
901421
493215
2.01192e+06
539296
144562
469395
401002
220211
332182
445572
144535
585237
228872
121977
248192
190904
623551
556409
361099
328329
201922
459992
185881
105153
325970
342453
364092
381228
144316
181726
181929
153156
142544
116721
185540
324899
402547
78766
97839.9
77723.9
29814.2
267671
24841.9
214424
68676.9
380716
197128
261448
223085
277793
91478.4
206509
160482
145223
120675
207840
252277
69710.7
160230
118558
115726
124626
240298
154125
213406
79527.9
197785
50764.4
139001
217044
164303
114162
157180
124459
205131
107572
69036.1
218889
200015
103404
200849
26230.4
73562.3
157498
194464
84773.8
63343.7
84378.7
110324
101133
55232.9
128797
91774.1
156572
87569
179564
39449.8
46624.9
140551
194671
123762
133815
121659
42258.4
54777.7
107404
67705
55778
33008.7
95673.1
103467
149447
117676
119790
101556
156191
79584.8
82644.8
146919
27449.2
151881
105368
63474.8
15129.4
130469
79497.1
155204
115914
110232
105033
63368.7
39103.3
93445.7
72888.5
44051.6
104077
84749.4
94627.9
25159.9
120839
26526.3
111902
88354.9
138969
55100.4
166807
90048.8
40870.1
83464.8
27255.5
22207.7
147105
132886
115905
103177
50315.8
45685
70824.7
82329
109794
9245.03
88247.1
64218.5
87123.7
40329.8
29547.4
48242.4
92127.1
77980.2
140939
27720.8
118661
96013
76836.6
69042.6
146010
9781.61
31230.2
35782.4
58781.3
53738.6
48620
85981.3
39436.2
39298
132131
180563
23905.5
18754.3
62233.2
21687.8
153457
65602.5
117971
47397.6
43995.4
73774.4
66513
25896.5
67831.3
61581.8
98005.9
126689
30682
46285.2
99578.5
75609.2
16109.6
50826.5
105249
33367.6
97060.2
72365.6
118511
57758.4
74638.2
118520
55700.6
89058.6
95270.1
48242.6
73190.3
64305.9
31329.1
39071.3
137231
122986
57821.6
53432.4
35645.5
30121.1
163809
13931.1
74144.2
48606.5
73135.9
46655.3
52798.4
