6876178
467288
1.34442e+06
670247
738467
3.26108e+06
881847
489854
311301
990028
2.31106e+06
403876
44364
838324
612484
816343
375282
795642
524845
456874
1.15783e+06
97110.9
494630
579910
199891
393836
787767
254081
349010
431990
347205
620116
253483
148218
186697
402070
556266
214335
311520
199340
76749.3
237592
263865
54499.9
85732.7
369773
227411
185882
315112
290295
12523.3
38809.3
151618
153248
117501
214468
70094.7
216921
57578.6
17518.4
174859
294311
79111.1
151505
183833
101136
30468.3
155429
217239
153458
31515.3
304201
149252
165635
137054
165305
97519.2
115984
137363
79723.8
146049
196607
185682
80933.5
44828.9
122508
203205
115353
87941.9
139740
119223
264201
40049.1
120475
80392.5
109566
253035
54472.3
64006.4
84269.2
191084
92235.2
29975.9
97510.9
124537
19198.9
67569.2
56168.2
74118.2
52580.9
95429
142236
17372.8
76057.6
95516
82900.6
100348
57761.9
70086
131232
55548.4
14437.5
23012
35271.9
107414
157380
147812
49018
138986
148622
17718.3
85297.5
34556.3
66433.1
52672.2
29259.2
120513
128145
109916
36751.6
60802
121946
199663
58042.5
28321.1
5542.19
113946
168075
38634.4
102772
10825.2
72025
51726.3
51404.3
59747
105159
52590.1
68425.1
35181.9
63453.6
69796.4
47015.5
92444
10493.3
64054.3
90348.7
54969.8
91285.4
49819.1
49795.6
93739.4
58767.2
55622.9
99203.6
101777
34173.5
70369.4
75780
57223
84996.3
83553.4
61323.9
67080
13076.9
108385
34598.8
51758.5
96246.9
109063
54483.1
122938
64058.8
74610
97642.5
12550.3
38992.9
65635
70445.2
40467.9
22320.4
98600.1
39673
88517.9
42091.4
39579.8
62417.5
146187
79686
37707
104051
53126.9
63828.4
96484.1
59430.8
29406.7
57390.7
39515.5
51439
45269.9
92241.1
31420.8
30974.8
67985.9
60738.7
100593
68380.4
40110.4
63316.5
63936
18481.6
76490.3
81962.2
36771
75501.4
27081.3
122142
33864.6
39058.4
33415.7
62248.2
36398.2
96188.6
12703.6
31472.1
36532.2
54320.5
74080.6
64949.6
106244
35247.2
30344.5
51458.3
77933.5
56633.6
81167.9
114634
