0
14277.3
5865.85
12926.5
37345.6
142781
14867.1
9407.73
15021.2
19053
15364.3
10811.8
17367.9
24041.6
2365.05
8058.64
24767.4
21945.7
13828.4
8240.21
16104.4
29549
22912.1
26421.7
3311.12
15136.9
11635.2
13603.2
19720.7
18299.7
3457.69
21971.5
16109.8
14536.2
14865.4
7456.14
11799.7
8600.74
9793.44
13900.6
8340.62
6099.68
9710.86
6892.79
3495.94
6809.95
4751.41
6266.24
8184.76
10495.8
1101.8
6759.82
7998.41
2668.33
3935.14
7647
12445.1
5339.62
4438.78
2402.51
11087.5
6682.75
7917.46
4771.28
12264.2
7313.14
7213.37
5256.09
13554.6
2900.23
3082.03
1970.77
12737
8276.06
10618.4
5228.93
4256.82
1658.19
5987.99
12341.2
9780.4
4309.09
2001.47
6824.25
2764.95
1630.38
7199.77
3917.2
5592.01
6949.27
7203.14
5991.02
304.644
2594.96
3124.03
12408.4
8108.58
4110.43
7613.78
6645.29
4363.82
2950.08
3680.12
2421.1
1356.23
4794.71
4091.36
3912.45
5421.91
5134.05
3287.8
638.358
4280.54
2914.41
909.249
4879.85
3062.13
2993.91
2987.75
6117.54
5732.05
9695.66
1412.99
6845.34
1282.81
1757.83
5519.72
460.831
0
1039.45
5266.4
1576.35
8528.71
2402.64
2750.14
7276.72
3780.7
3688.02
1382
1471.6
3089.54
4247.87
1623.34
6085.04
1075.9
1664.02
2521.45
1586.69
4858.36
3418.5
2370.88
3890.87
1458.12
5319.43
2216.2
2914.89
400.731
3645.52
1539.94
3844.11
2712.12
2120.61
2500.88
1879.92
2384.36
3165.94
5267.17
4409.22
1752.44
4048.66
1578.01
9627.32
2031.94
3947.16
3049.71
2847.62
1463.67
2000.98
1494.81
412.989
1228.67
5424.94
8546.76
4633.47
4817.27
873.916
2439.12
3239.96
3042.11
5443.55
725.342
6957.55
4275.76
4170.59
4456.24
3045.36
5002.69
2700.01
813.022
1054.46
2924.92
1428.77
1796.32
3567.69
4606.8
4761.31
858.625
1584.32
1666.94
1970.8
3368.16
3310.98
1493.45
1027.82
2404.22
2205.13
2366.78
2113.17
5121.24
2730.55
1444.62
1520.2
5499.82
4564.47
2365.61
383.6
1561.08
1931.23
768.173
333.054
3656.9
1108.69
854.385
2742.43
882.388
1458.37
2335.96
2729.57
1427.36
2009.04
2478.33
6729.93
1319.02
167.359
2282.82
5206.99
1464.33
2834.16
1514.96
6103.32
3112.82
2100.4
2920.36
1961
2653.23
798.326
