5907579
1.20743e+06
511653
968246
1.70894e+06
1.10231e+06
1.74254e+06
488518
491736
54502.8
2.14225e+06
242883
678536
333567
550508
2.24301e+06
1.22785e+06
289659
161879
391866
922053
685274
322684
421695
430646
923815
120490
127232
99959.6
128869
537213
433763
359580
323792
454780
353314
600733
305117
105210
200059
66468.8
567374
129655
152812
342069
260203
167563
276711
189719
200510
289259
113383
254219
122899
361476
260335
360465
201681
69873.5
214454
133030
306520
183510
150243
153544
209804
170496
145228
113403
260868
21486.3
86361.8
175909
312484
189683
56653.9
133169
116109
186140
129328
41005.2
161384
179382
302257
88646.5
103781
59843.1
27806.9
125720
113580
157511
97082.5
84474.1
163381
154192
39321.3
131232
76992.6
135580
23229
37324.5
185155
73098.8
97739.1
65749.9
262366
44335.9
145455
134976
118511
38456.1
67018.4
125716
107452
128117
123797
96343.7
111951
44311.6
128836
53563.2
114727
115580
123023
48804.3
87439.9
106574
174712
65695.2
159264
126102
104456
152765
91407.8
107315
73971
94325.8
64370.2
63738.9
89417.9
65884.7
105854
135438
25658.8
116468
35926.2
91276.5
113068
78946.5
140748
39419.8
77638
94045.2
31165.1
15909.3
28312.2
65712.9
77561.9
69391
66543.2
78595.9
65471.8
91319.4
193510
22821.3
160451
117244
67038
82296.9
126748
21015.5
62242.9
30072.8
82492.5
134539
96409.1
53893.9
32811.8
66166.8
56920
57486.2
176412
37922.5
54080.9
124030
47177.5
115136
74612
72353.8
149083
77597.7
4181.44
25920.2
4816.87
24530
53900.1
44882.6
82047
36647.8
45152.4
47559.3
62061.2
79970
90302.4
129559
50896.8
79073.1
109238
23608.7
61719.7
30411.4
115369
86237.3
28922.5
83284.1
96937.6
85155.1
38866.2
66980.6
15761
82152.9
48082.7
43905.8
74268.4
43013
71990.1
62580.2
30028.3
89543.4
71462.2
74566.1
50637.7
129140
53995
88735.2
65618.2
53499
103141
55086.8
110325
84282
17419.9
72942.2
51935.8
103315
39841
22672.8
71278.9
21534.2
129970
103581
28566.1
36681.5
109756
76291.9
91946.7
