8753023
292412
311862
507214
723628
2.36033e+06
1.25825e+06
1.82105e+06
1.79002e+06
699527
276335
487448
771418
1.65745e+06
616673
909354
341081
117317
176754
481034
2.20409e+06
520591
441049
354900
445146
206668
597270
538416
434790
465288
818676
302729
179150
367784
18710.2
224520
240540
134846
277887
325632
278135
116471
547812
148356
441209
533273
79871.7
361947
43602.5
264577
78924.2
141856
290569
313153
257581
202815
286717
337654
212941
406481
219766
37968.3
345275
189072
320758
45560.2
134120
174577
106760
402642
129581
192041
261890
229750
182017
265491
226280
178755
74474.4
311158
142838
204735
337714
181490
260552
82573.6
77059.7
247045
61351.7
211646
69799.5
98299.3
133252
70818.6
26287.1
125704
44636.6
204995
146132
70521.3
126049
40353.4
200189
164203
191714
177745
244081
107446
97319.7
186367
13381.2
124367
79226
98397.5
98540
42237.1
175722
125461
185213
52180.8
85281.1
73568.5
49826.3
191865
95736
122156
110997
164974
134891
121320
77209.4
128610
34586.8
89438.2
14891.1
74260.5
110486
74715
91285.6
102182
39289.7
126555
100823
37907.8
114052
101229
24489.5
94887.5
163414
121107
75196.3
145755
154993
110200
48128.1
75879.6
105169
69175
84410.7
154311
58055.8
46097
181678
7346.28
27814.9
6972.79
112501
42231.3
49232.3
33285.5
104867
165355
82275
129745
37626.6
14207.3
112661
135993
102674
124290
61304
92284.4
63361.2
48694.3
100402
58455.9
173761
12432.9
94495.1
98695.4
11530.5
71026.6
66602.8
22700.6
119456
183288
70186.7
131976
29468.7
50043
64653
140322
40931.8
79251.4
161972
82114.3
67426.5
83008.5
17741
166508
144006
20256.8
72430.5
130678
98827.6
40963.6
57482.2
43227.8
54338.1
110742
37338.7
42340.9
6664.35
31294.9
102650
50878.8
78846
68123.6
59932.8
78283.4
105471
126453
152017
67451.9
133378
130457
65543.1
97015.6
15801
59381
58844.1
16425.8
24148.4
68148.8
83653.2
89818.1
75783
47926.1
45064.1
14584.3
109670
152767
28049.9
33236.2
31381.3
97062.6
