8989208
625263
530551
281730
3.17294e+06
642438
835614
766172
782964
2.03162e+06
1.62061e+06
860637
686691
1.56259e+06
588371
795783
277870
877305
344520
286098
865971
702042
476530
362938
359258
686335
315698
558742
444823
321882
310666
340245
312976
247511
118702
515366
521507
275475
434355
738951
149242
416611
96339.2
247583
111212
278194
489595
120666
251671
279260
224091
163164
287495
53857.8
88504.6
287537
136766
178122
303593
241594
175945
283639
205307
125051
221929
163982
146225
234914
98010.8
315579
201144
58635.2
104143
71205.3
132482
327848
205199
73154.8
117697
38537.3
273098
102389
44472.8
139102
112686
92523.2
148415
170336
230009
88968
79424.3
28549.4
112295
7185.9
75642.6
56931.6
161398
86587.1
63432.8
207725
151831
33083.6
58720.7
6558.28
56115.3
155491
214431
185343
89361.9
200751
79350.6
121936
45603.3
128957
47033.2
57796.4
76348.2
132975
59388.4
53965
163538
55069
89795
67415.4
66270.5
43100.3
126704
47103.3
167505
44372
69543.3
50551.5
125251
128019
102016
98389.6
105532
70533.3
87686.1
93679.3
172484
118071
103544
146630
97154.1
73918.7
73469.9
86806.6
63131.3
159192
49965.8
92291.8
44692.3
60360
207664
100464
79882.4
55317.3
47151.1
67027.4
128078
64183.5
28470.9
121141
60323.9
87179.7
87933.1
59292.1
160018
72454.3
97572.2
33033.5
79447.4
27710.2
94014.2
95205.6
41589.6
69710.3
56433.3
118791
105095
72814.9
63720.1
79540.6
56760.5
92559.9
58511.2
15811.7
142012
166541
25665.6
29038.7
24622.3
48837.5
86662.3
92931.6
85671.6
104551
53739.4
88241.6
84499.7
40838.4
75746.3
9257.35
89631
58408.2
85663.2
73531.8
24785.1
47129.8
104683
51270.5
67607.9
21392.3
92128.3
37170.1
45734.2
23904.9
23158.7
49213.6
89990.1
34791.6
9561.46
84021.6
77343.7
96094.5
23412.8
64849
97833.7
32048.6
92034.9
114168
33109.3
129265
104232
44837.9
87135
58758.9
68790.7
29991.2
42727
73358.5
42149.2
48159.5
100735
95301.5
35335.7
29030.8
99732.6
78089.1
43909.1
62619.7
72164.2
98167.2
135419
139954
