8530279
1.38837e+06
2.64563e+06
699707
1.17669e+06
1.23045e+06
1.02602e+06
2.01835e+06
1.81418e+06
1.03507e+06
1.34506e+06
734096
613754
1.99299e+06
268410
886080
526914
781776
138321
333764
367214
185267
641261
415958
300747
386187
86629.8
412014
534660
215619
128752
311292
299727
301507
332301
124938
298580
194406
83792.7
425346
322053
294327
149890
329524
318519
255468
45777.8
82342.5
193668
52898.4
104825
250472
67956.7
119264
136854
283410
63808.1
180147
149462
241451
142499
26750.1
372065
119531
125328
178027
194346
176799
129926
40311.8
194774
138113
78549.1
96584
55672.5
203068
123483
58300.2
71292.7
132560
79185.1
24571.4
175763
156528
59947.7
186377
127506
85770.7
166887
140763
161103
40393.9
103405
92926.2
41019.3
184082
115772
51319
56803.2
42775.1
56627
38163.8
101271
161973
74897.3
162399
46215.2
40098.4
61506.8
105753
97832.1
166868
116409
74810.1
64124.1
204380
70676.6
79438.8
115865
63456
85102.9
69808.7
62044.2
77419.7
73100.8
105522
53290.8
83414.6
65624.1
64150.2
20017.6
37615.3
52395.8
14940.5
86933.5
104271
69918.3
68879.5
24425.3
53114.5
157132
99611.6
99847.6
126312
50997.6
166117
14348.7
37110.1
59259.5
40014.2
112987
68287.1
57100.2
82298.5
13089
104473
12854.5
47678.6
57612
106541
80285
14889.5
34689.5
60626.5
81227.3
85941.4
21988.7
99564.4
112127
55920.6
71252.3
96326.9
47263.3
74149.8
22473.4
91636.4
60175.6
55410.9
25177.8
90481.8
65849.6
42623.9
45903.1
51414.5
13974.6
115065
71622.7
55825.3
43456.2
31785.8
135584
49792.4
71035.9
41254.8
120031
19731.1
61834.8
30381.7
28334.1
122069
97024.8
24338.1
34505.9
56134.3
63149.6
36842.3
69503.9
70398.8
34348.5
47268.6
30020.1
43970.5
58105.8
54902.6
53031.2
70854.9
54392.6
127542
21881.5
42021.2
108634
11483.6
51290.1
124138
43644.9
30873.4
29925.5
32144
14217.3
39315.8
47733.2
73125
49947.3
34970
49137.1
71121.8
21436.3
23070.5
80392.3
123565
67699.3
106475
40135.3
133576
52830.9
25787
62640
23895.2
58768.8
69101.3
28729.5
30245.1
48739.3
37409.5
91057.3
6079.54
