7993271
181124
327665
862900
684698
4.6331e+06
359477
1.10366e+06
767717
264484
338082
204003
390511
448328
821974
886671
281000
692203
615450
487403
540168
347900
592217
433765
395404
623189
220802
85897.9
287069
440630
601140
125504
169728
356905
170518
190501
182796
278877
219670
34206.4
305027
153491
284308
236158
286325
102896
135201
74541.3
134603
286500
251542
146902
314020
215789
61529
168757
103679
101348
65174.1
171054
220875
97730.8
114589
177032
100200
157451
217385
60043.8
62756.5
128801
184461
96052.8
35549.6
32387.7
79716.2
127548
281659
32169
96799
69599.8
91703.2
112661
40389.6
113297
75136.9
19365.5
106837
36864.1
207666
116823
76282.8
155850
64078.8
108868
112600
110462
126930
59062.4
133992
162328
150161
123938
62050.6
65923.3
150771
91824.8
89718.1
26392.4
81170.9
109477
110031
109005
40332.3
65723.6
82133.8
22594.9
37186.2
60724.6
133374
90752.6
52616.1
53929.7
61133.3
153160
24457.9
15676.9
83350.6
32485.6
73234.1
54881.5
100102
71087.7
66341.2
111427
72324.6
52793.8
56522
55300.9
64431.8
67470.7
43651
102252
78045.7
105092
86518.9
38091.2
53869.6
133253
31453.7
83509.4
58273.6
103944
37772.8
76575.9
33594.6
51093.6
36171.1
118355
26562.9
39390.5
40106.9
35524.8
109555
107476
40858.1
49026.3
40961.1
19351.5
60702.1
88318.2
107692
81547.5
86581.4
93808.9
60953.4
69962
75611.7
40862.8
61485.2
35737.7
102469
61701
35390.2
58266
33137.3
77482.4
30834.6
16429.7
104012
49277.5
73389.9
29159.8
46666.4
44961.4
48123.8
50300.4
46972.5
49732.8
93245.3
38570.6
24968.4
85133
34652
33028.1
53176
46878.8
32365.6
60776.2
77051.2
59830.7
17573.5
59398.2
9556.95
94004.2
56225.1
89364.8
37436.3
57033.2
116357
33948.8
34942.6
50966.5
57275.3
95734.8
68042.6
68254.3
57841
36099.6
101134
11708.6
40886.9
66013.3
20704
57382.2
52616.7
12173.7
89569
69552.5
30894.2
16354.8
40067.1
43233.8
24999.7
103800
68860.8
44088
89161.1
34012.1
39235.4
18439.2
44755.2
60635.8
1879.62
72860.1
55622
24047.4
