8750934
500122
648692
760437
2.94743e+06
1.65985e+06
1.732e+06
1.1936e+06
2.06058e+06
866345
1.00325e+06
298580
735061
1.65607e+06
419923
468924
307549
963350
335088
485530
316805
399328
437718
543853
322060
614684
589630
513014
388430
18321.5
160542
180291
421068
68075.4
596776
235855
111252
137264
275495
89744.3
400879
68414.2
99517.8
289697
284215
218343
176533
115936
102480
205183
68709.8
160263
180376
263778
144556
102875
160691
176714
327404
166961
46352.9
189695
166736
190507
216272
144254
54740.9
251694
64299.1
111332
275162
224572
24092.5
130149
86394.2
133742
188785
40751.4
110899
124323
218687
31286.1
35564.8
205692
167217
79135.6
147700
145735
70986.1
49319.6
19676.7
161435
97568.5
52356.4
112564
79534.5
75624.6
81746.1
70866.4
116279
184613
49652
125818
131138
44177.6
27631
136043
112429
23953.2
154239
172500
46364.8
179146
112731
79514.3
38865.7
130512
86759.2
139255
92098.3
71463.8
108312
64565.8
78103.5
37156.5
45391
163112
63443.5
73259
88256.5
22212.9
106027
10638.9
48714.9
61132.7
114095
68515.5
99305.2
63329
116378
95348.5
77061.5
143445
83616.3
96560.1
71726.3
114407
91691.9
51188.8
34548.9
75538
37993.4
117624
67250.3
4549.02
56322.4
139831
127999
88896.7
73254.4
59631.3
39343.2
60822.6
60466.5
11573.4
48529.4
84940.3
55400.9
130174
162651
128527
53966.2
52322.9
79104.2
23769.8
13601
103314
72404.7
52173.1
85123.4
32908.7
12684.9
68145.8
60764.1
17132
38725.6
106939
44242.4
29583.9
51472.1
67664.2
20127
200909
30681.9
69766.6
93673.7
113734
68350.5
94731.8
38131.7
65863.9
32503.5
58778.4
36110.1
53587.3
97101.4
21520.7
30239.1
74314
150763
70377.3
43829.6
76351.3
17538
88935.7
6280.53
38681.2
62174.7
29224.8
84465.4
77661.7
119532
110438
41118.7
17682.1
48909.7
81035.2
69569.5
65891.6
18739.8
30166.3
42059.6
105863
30960.9
144019
43343.2
118086
60152.8
61001.4
43422.2
8457.37
42763.9
33398
86606.7
37296.7
54685.7
91403.8
50493
31547.3
84256.1
83822.1
79162
87122.6
69423.3
82831.2
24011.5
