6735651
588968
2.51622e+06
644362
1.43606e+06
2.02247e+06
359284
2.34275e+06
1.1152e+06
1.08445e+06
1.72745e+06
385617
711247
1.31342e+06
862897
171836
409093
627222
433968
502073
351096
221032
646202
105185
321287
280749
522616
285269
152285
180924
254656
202797
330664
147806
194651
606376
244756
202438
64407.7
185953
143226
160038
349761
274155
64299.2
156065
203915
268110
177940
338422
17857
76473.2
253782
89437.6
283058
95269.2
121697
96793
120518
66341.9
144948
66168.3
185688
97042.1
185639
167031
68399.7
107603
259215
182898
73608.2
161044
162895
48620.5
199372
118439
155312
57598.1
114513
83750.4
118595
130004
15692.7
140000
65106.7
60063.5
30545.6
230341
105094
77010
75123.7
165050
118675
66531
70590.3
71420.2
75800.5
80201.9
24645.1
91183.9
41732.3
106934
44043.9
188583
162757
148052
64911.5
25345.9
22538.8
79707.6
145251
40802.3
37849.4
84704.3
117431
111749
24306.3
108390
41710
68249
51726.9
61535.5
78314
41109.1
90158.6
50637.4
138669
46188
73219.3
89497.8
137078
38640.6
158805
38584.9
58417.5
86817.8
19931.4
33414
15212.5
65886.2
46295
23108
68224
65551.4
118497
60675.3
128090
42775.9
54469.2
139730
42184.2
68964
77478.8
43856.5
19603.9
68387
48888.1
94252.5
23372
84860.7
11669.7
67255.8
21960.7
72532.2
64044.5
77321
80125.5
75189.9
38578.3
50924
57207.5
151631
45967.8
89295.8
62631.8
33128.1
65198.9
26210
59792.2
25336
14793.3
70637.3
105981
12790.8
53219
84353.6
9678.38
35554.2
78833.7
14007.8
17153.9
97743
1552.49
60365.3
80499.8
45428.8
106695
23253
49356.3
26523.3
102341
45979
74822
75525.9
55288.9
38808.3
51843.6
57379.7
108895
32168.1
55818.3
19965.6
77285.2
50290.3
29092.8
15794.4
11079.9
21983.2
35987.9
75029.2
50036.5
28769.9
48540.3
91118.3
83557.5
67966.5
64422.8
126251
46866.3
34182
45778.8
69399.4
42577.2
64850
29794.1
31751.9
27112.5
43503
20751.6
75971.8
13951.7
87592.9
32378.2
79045.5
48377.7
25164.9
57531.6
29372.5
84080.4
66032
67486
25266.3
93153.1
36589.7
69583.3
24053.1
