0
14596.8
6474.76
15440.8
38443.9
176318
16958.3
10549.6
17364.2
23744.4
16182.9
14119.9
21341.4
31609.9
2374.01
10511.6
24805.3
22308.5
16554.4
10120.7
22834.9
39443.7
23583.2
33185.2
3311.12
19797.4
13163.6
15695.3
20709.1
22928.5
3501.1
27656.7
16109.8
15975.3
19775.7
8107.86
15199.6
10119.8
11734.8
17090.8
8995.79
6242.1
10643.9
8522.03
3495.94
8245.47
5664.31
8313.1
8184.76
12864.4
1107.79
8129.56
8097.89
3800.76
4613.23
9719.53
12934.7
5417.65
4459.08
2406.27
14568.5
8423.04
9735.24
5753.55
12264.2
8804.32
8765.19
6597.38
17673.5
3100.06
3152.09
1970.77
13986.6
10533.3
12527.3
7502.87
4256.82
1658.19
5983.35
15166.7
10824.5
5745.04
2001.47
8170.12
2764.95
1727.17
7880.73
3945.85
5626.65
8567.77
8740.94
6997.75
304.644
2610.96
4110.3
13586.7
8108.58
5182.13
9135.39
8317.23
4372.96
3267.58
3798.86
3202.4
1356.23
6034.98
4098.51
5202.39
7718.71
6418.49
3655.18
641.038
4280.54
3850.75
925.214
6396.09
3062.13
3931.37
3017.65
7643.19
5906.35
10934.8
1421.81
8494.59
1298.16
1957.99
5938.88
438.266
0
1078.13
5407.53
1851.01
8736.57
2891.49
3108.92
8293.35
3800.93
4672.42
1409.71
1985.02
3089.54
5548.4
1623.34
7976.77
1075.9
1675.13
2530.46
2026.77
6964.93
4576.55
2375.87
4861.11
1458.12
6890.62
2216.2
3291.56
400.731
4549.06
1539.94
4807.06
2712.12
2245.88
3403.09
1894.76
2384.36
3559.58
6385.17
5524.8
1752.44
4358.83
1585.07
11957.4
2031.94
4752.49
3059.15
3731.63
1463.67
2033.42
1504.09
411.847
1229.46
7862.34
10062.7
5879.12
4817.27
868.555
2439.12
3366.21
3042.11
6834.16
729.649
8516.09
4710.5
4984.1
5491.29
3810.35
5002.69
2725.27
813.022
1056.97
2924.92
1735.05
1796.32
5124.27
4788.44
5647.42
858.625
1615.47
1666.94
2695.36
3508.66
4044.31
1493.45
1027.82
2404.22
2226.59
2366.78
2291.06
6190.78
3043.54
1444.62
1520.2
7260.37
5011.04
2365.61
384.423
1569.72
2454.69
768.173
335.371
3685.22
1108.69
854.385
3416.91
915.666
1866.61
2342.77
3451.61
1433.66
2014.55
2478.33
8827.32
1312.99
167.529
2282.82
6728.83
1480.82
3579.32
1514.96
6845.74
3243.31
2609.06
2978.71
2283.75
2759.84
816.96
