0
14488.4
6305.6
14406
37982.2
162282
16095.3
10082.9
16383
21760.6
15846.3
12721.1
19676
28363
2365.05
9481.17
24767.4
22175.4
15435.5
9306.33
19938.4
35193.7
23289.2
30335.3
3311.12
17800.1
12546.7
14807.6
20346.1
20971
3457.69
25274
16109.8
15377.9
17683.4
7876.67
13769.6
9464.77
10886
15769
8340.62
6099.68
10239.8
7873.48
3495.94
7637.99
5301.23
7417.72
8184.76
11880.8
1101.8
7584
7998.41
3283.87
4327.27
8834.78
12445.1
5357.47
4438.78
2402.51
13097
7713.06
8963.54
5342.86
12264.2
8195.91
8140.52
6017.29
15900
2915.33
3082.03
1970.77
13369.7
9592.26
11751.9
6502.87
4256.82
1658.19
5983.35
13999.5
10084.3
5130.43
2001.47
7570.1
2764.95
1627.12
7627.94
3917.2
5592.01
7853.96
8103.94
6578.93
304.644
2598.11
3666.2
13144.7
8108.58
4709.74
8502.52
7633.01
4363.82
3122.02
3680.12
2884.51
1356.23
5540.53
4091.36
4627.96
6646.14
5863.64
3378.2
640.226
4280.54
3431.17
909.249
5759.64
3062.13
3485.99
2987.75
7047.97
5732.05
10444.8
1412.99
7818.37
1274.37
1832.26
5775.29
455.425
0
1049.12
5264.4
1733
8646.37
2709.8
2962.21
7904.21
3780.7
4264.03
1380.91
1750.72
3089.54
4988.76
1623.34
7159.47
1075.9
1665.04
2521.45
1806.4
6047.37
4048.94
2370.88
4449.31
1458.12
6183.1
2216.2
3092.69
400.731
4169.71
1539.94
4375.87
2712.12
2152.47
3007.56
1879.92
2384.36
3360.86
5927.62
5019.97
1752.44
4156.27
1578.01
10941.6
2031.94
4448.43
3049.71
3358.76
1463.67
2000.98
1494.81
413.697
1228.67
6793.15
9460.35
5352.33
4817.27
873.916
2439.12
3239.96
3042.11
6220.81
725.342
7886.66
4277.49
4664.53
5045.13
3500.82
5002.69
2700.01
813.022
1056.89
2924.92
1571.66
1796.32
4449.1
4606.8
5300.28
858.625
1590.9
1666.94
2391.36
3368.16
3747.4
1493.45
1027.82
2404.22
2205.13
2366.78
2119.26
5760.56
2837.24
1444.62
1520.2
6480.3
4830.54
2365.61
389.125
1561.08
2238.17
768.173
333.174
3656.9
1108.13
854.385
3139.43
882.388
1684.48
2335.96
3109.55
1427.36
2003.82
2478.33
7909.78
1319.02
167.048
2282.82
6042.17
1464.33
3310.65
1514.96
6545.27
3112.82
2414.02
2929.71
2190.7
2658.64
809.034
