6974160
20461.5
288957
508030
2.29809e+06
2.99806e+06
659941
610195
496374
1.30905e+06
486758
493376
336107
953765
298635
183624
383004
613510
2.0907e+06
307944
383010
465661
256433
215858
139669
19345.9
212030
399095
635746
192259
565427
193571
321838
331810
124302
258842
414838
455943
120243
570395
639083
597064
603443
496887
114685
182588
110863
54299.4
265402
133540
397963
210841
196717
129380
266849
372832
19782.7
284715
366859
71106.3
303206
122020
339753
392987
78982.2
102035
297881
266501
45524.3
169810
112735
177407
316732
62289.3
44092.7
169477
62320.1
136261
258765
344984
281658
141566
201643
142746
151449
159868
299064
182124
17989
15995.3
102593
207999
151621
60552.3
33777.9
124427
28929
274239
119451
165019
62661.1
105506
134756
99782.4
35796.7
90138.9
167518
231561
96969.1
299375
77259.8
46737.4
123739
77444.4
65625.8
112978
111873
34406.6
91425
101342
170828
166731
67332.6
73483.5
112374
119137
88221.5
131021
134439
58513.7
165379
173869
108125
78153.4
129332
65793.6
54755.4
40748.1
35895.9
56348.1
11528.8
92307.9
132242
40527.3
75084.4
93480.7
9017.4
47861
49968.9
80603
45739.6
58023.3
90421.4
37175.8
147557
116174
107938
136265
78501.3
102900
39935.6
89580.1
132119
71538.2
159839
57630.8
37758
61404.4
111223
53870.5
46363.4
92480.7
70395.7
101186
90132.4
87534.9
64435.9
33232.2
126569
114867
70748.7
147198
46040.2
112383
105495
71859.3
67345.3
171720
121802
117911
90579.8
17326.3
18633.1
109037
104922
48075.7
71294.3
115398
107777
6707.37
52462.7
129989
28542.3
43663.7
42241.8
116215
87407.1
53939.4
41474.1
92464.8
81986.2
88903.2
109898
44544.4
74852.9
15394.7
46096.3
46585
143327
84833.4
85270.7
56333.2
30984.2
73522.7
99391.9
48062
42270.8
79751.3
50080.5
70923.7
84343.5
124630
141684
26901
59757.6
119491
124103
20772.3
30470.9
70455.4
135024
72841.8
20504.7
100193
32775.7
49129.3
70024.1
88095.3
103740
126248
108831
44841.5
37114.4
104371
39893.1
134771
