7135895
803987
1.7002e+06
1.93641e+06
1.16035e+06
3.14691e+06
375623
461725
2.10259e+06
689181
1.28999e+06
626933
507930
224716
588313
443361
639488
264300
307822
381683
357519
176134
130603
356056
576776
245829
620457
357663
62355.9
135433
238139
147797
192325
188213
480279
114330
187719
402119
167073
25650.8
280159
331361
95465.8
276259
42604.9
208352
217938
209553
159364
238658
385412
198042
196601
243680
262096
157264
69440.2
148633
90787.9
152983
198730
132546
287625
71648.7
79341.7
262726
79134.8
186337
150226
169204
140500
56690.3
75677.3
188185
129003
68484.1
140558
96892.6
182091
105233
92133.7
66146.8
77670
113132
151991
41691.9
139727
118123
83624
44225.3
34700
195858
106048
61556.7
19366.3
60165.6
87897
162977
100277
131961
41382.6
82146.3
119797
7832.86
163538
73684.2
47936.8
177328
70680
51561.3
15002.1
111219
65251.8
55737.7
42261.8
204947
118288
108097
112413
93404.1
80882.4
34110.5
109376
101016
49470.7
16706.1
125183
79348.9
118111
65584
36193.8
76991.4
106141
73046.6
76335
111549
70212
57114.2
21055.8
114113
26748.6
76042.3
77996.8
82550.5
6196.15
25332.7
56629.4
79471.5
38632.1
56118.3
28480.6
95810.4
55412.6
83309.4
75520.4
59239.5
57547.5
97756.5
56851.9
42936.4
22316.2
74124
37363.9
32768.2
83700.3
42812.9
44666.1
75393.9
20286.9
61300.1
9357.8
93551.7
99079.1
36688.1
75036.7
32261.4
54159
84272.9
75265.5
36893.3
60776.3
48393.4
30912.7
45908.4
18131.8
71150.2
70525.8
47864.9
29680.3
22610.4
51927.9
33404.6
51129.8
89372.6
30868
91045.3
99499.8
12200.8
24152.6
11884.6
40113.3
34216.7
69079.5
56003.7
69969.9
36579.7
46206.6
33039
30702.8
101732
48363
75954.7
63154.8
34376.5
105912
60149.5
49570.6
74028.8
43424.5
93769.9
68003.8
30147.4
37457.4
45954.9
37859.4
67707.8
75842.6
63606.2
124734
87877.3
37817.9
43299.5
68039.7
38840.6
45389.9
20389.6
84118.4
22138.9
106492
60877.2
22656.8
32757.3
72897.6
71384.2
75694.6
82143.3
42363.5
48941.2
17517.2
20928.7
4681.19
29494.1
75519.5
78115.8
23887
50857.6
