8054347
734134
750901
759378
1.78609e+06
2.20503e+06
745315
731450
1.19172e+06
1.42693e+06
1.00133e+06
350236
272796
1.47575e+06
756984
303487
155569
1.96925e+06
139042
818059
782818
567750
489727
731164
556060
187301
216684
482112
320327
68797.4
695459
271278
466770
336933
232826
111815
5171.9
421437
300026
188267
307849
168175
296183
609469
111682
226291
192100
349174
195410
74216.6
160791
324715
496221
142598
104350
434149
446231
133526
216044
145284
488375
492411
345832
336504
403066
180229
232183
335274
284563
139411
367591
110353
75410.2
214248
207571
61076.1
25934.1
35193.8
142888
180816
122337
171781
127288
109596
190701
286099
225025
52384.7
235465
354755
241623
66165.4
170534
147707
46529.4
369000
86191.1
153306
370388
142691
77551.2
168669
294964
121119
149177
160281
22346.8
92255.8
187975
154487
114537
138053
121282
86228.9
140025
25139.6
97171.9
190739
96221.4
138537
187506
15851.3
271520
189615
130596
24365.8
90919.2
74463.8
66842.5
99717.1
50639.5
67179.5
203848
125858
67651.2
56576.1
158851
149521
63019.4
155202
29065.8
159285
172096
84933
88775.7
183629
63332.9
9116.74
31411.5
44169.1
114936
130728
147332
133367
130826
55138.1
146059
171922
111381
74969.8
140441
62131.4
158180
91215.2
121171
43330.4
94607.9
138030
43357
131233
163178
103778
87149
99392.1
188672
25379.9
88943.5
129261
81143.3
160813
69924.5
63501.1
94481.2
131076
22753.6
166664
93921.6
137893
119311
119065
54114.6
38662.7
61304.1
95445
71503.9
42300.6
103768
60986.7
81311.7
18038.2
148373
93422.8
90312.1
112569
98085.8
147606
93411.9
72721.8
70937
43631.3
60508
130813
75913.2
61128.3
30270.7
9668.64
31232.8
183637
125738
44566.1
90220.9
20633
16404.3
37283.1
41423.3
72475.6
121292
96734.8
127316
48354.5
212923
111799
143086
71106.9
148193
120462
110815
52301.9
26403.9
115010
81555
83111.4
69794.4
36546.4
184074
21873.3
92139.9
14000.8
170102
24445.6
36333.8
102299
95072.8
67455.5
83187.6
46516.5
