6190991
224603
1.58753e+06
2.77352e+06
1.58229e+06
1.2657e+06
1.0464e+06
503654
1.75906e+06
1.01612e+06
710444
279160
1.38265e+06
1.35479e+06
389854
1.02968e+06
854420
572411
289853
595893
207211
410674
456505
599229
391227
233177
560445
350103
120793
180280
448259
262961
356083
512879
299178
108519
380522
358907
82290.7
132447
143914
209292
436865
229907
346858
440060
244151
235428
171417
161050
226951
147188
55488.9
246498
177326
87108.4
120372
157842
114171
50628.6
181320
102622
159643
226210
103956
255334
199417
76306.7
33073.2
98791.2
13805.6
4090.46
207519
112215
194646
76690
51450.4
124016
56817.8
162758
100554
97366.9
69578.4
108866
171580
96142.6
137051
89817.5
140711
50609.6
82937.4
183446
169526
187941
7419.19
195041
89792.4
58865.4
96884.4
50172.8
167137
94415.1
66987.4
91772.1
123870
99988.3
147047
87782.4
52494.2
71558.4
126437
52989.5
153863
160509
46983.1
65648
90085.2
143898
68670.5
62519.2
100625
78811.8
95515.1
110101
126803
64237.2
55933.7
111776
65498
78877.4
41288.9
115514
93640.3
24146.7
64877.5
35991.4
78008.3
72565.8
68650.1
59384.2
65259.4
60546
75800.1
80855.2
55208.6
80491.1
65584.7
48466
9121.7
98261.3
112910
46858.8
74329
71892.7
96092.2
67664.5
78715.2
69825.6
62674.1
117727
154926
18203
19844.3
149767
54246.2
16472.4
47001.5
5217.42
37994.3
64387.7
34254.8
64701.5
59682.9
48821.1
24375.9
110686
67918.7
65373.9
25657.5
68877.1
158733
108770
99209
47294.5
107315
53761.9
37022.3
32857
49563.2
54304.1
23297.1
54151.9
15663.5
100314
69568.6
72028.3
52511
32547.5
22380.6
82384.6
93846
23070.9
60028.4
78947.3
94574.5
24920.7
37383.1
61738.8
22469.9
86470.3
50450.5
71623.2
61293.4
25518.5
86565.9
37944.1
53272.2
54662.5
63763.7
59911.8
25054.7
54569.5
93312.1
61397.4
50338.6
123334
40125.6
23135.2
68598.6
52669.8
112857
14392.3
53320.5
21745.5
17317.8
81373.1
46532.8
56403.7
66544.9
62319
55380.8
71528.1
41358.6
71167.5
64277.2
73797
27263.4
60803.3
27702.4
30465.6
98406.5
88385.1
50368.9
51458.2
25335.1
40299.3
