0
14301.6
5921.27
13123.2
37423.4
145193
15009.3
9490.27
15165.8
19390
15412.1
11044.9
17656.9
24547.6
2365.05
8222.83
24767.4
21960.8
14029.5
8381.53
16554.9
30222
22955.7
26890.7
3311.12
15464.7
11736.6
13757.7
19801.7
18615
3457.69
22391.8
16109.8
14648.8
15225.9
7505.99
12033.5
8719.64
9930.08
14108.9
8340.62
6099.68
9782.81
7010.75
3495.94
6905.54
4838.12
6409.66
8184.76
10672.3
1101.8
6851.28
7998.41
2721.5
3968.78
7774.9
12445.1
5339.62
4438.78
2402.51
11328.9
6817
8051.85
4835.27
12264.2
7408.54
7315.14
5361.54
13860.3
2900.23
3082.03
1970.77
12737
8438.3
10768.6
5392.77
4256.82
1658.19
5987.99
12547.2
9780.4
4417.42
2001.47
6928.67
2764.95
1630.61
7237.18
3917.2
5592.01
7056.31
7318.29
6060.19
304.644
2598.11
3210.78
12515.2
8108.58
4162.36
7748.72
6765.08
4363.82
2950.08
3680.12
2486.52
1356.23
4865.75
4091.36
4012.9
5548.32
5216.51
3287.8
640.345
4280.54
2995.38
909.249
4993.88
3062.13
3047.85
2987.75
6215.33
5732.05
9795.03
1412.99
6972.09
1280.55
1757.83
5561.2
460.831
0
1037.53
5266.4
1593.07
8527.29
2443.55
2776.57
7341.54
3780.7
3776.59
1380.91
1503.87
3089.54
4325.89
1623.34
6214.67
1075.9
1665.04
2521.45
1598.4
4990.29
3476.06
2370.88
3960.76
1458.12
5414.83
2216.2
2928.61
400.731
3719.38
1539.94
3889.86
2712.12
2120.63
2561.38
1879.92
2384.36
3165.94
5331.92
4499.9
1752.44
4048.66
1578.01
9781.71
2031.94
4013.61
3049.71
2914.31
1463.67
2000.98
1494.81
416.688
1228.67
5596.04
8664.67
4730.11
4817.27
873.916
2439.12
3239.96
3042.11
5556.08
725.342
7092.41
4275.76
4224.12
4511.88
3104.18
5002.69
2700.01
813.022
1057.01
2924.92
1428.77
1796.32
3676.73
4606.8
4838.26
858.625
1590.9
1666.94
2023.77
3368.16
3357.78
1493.45
1027.82
2404.22
2205.13
2366.78
2113.17
5218.24
2730.55
1444.62
1520.2
5617.41
4601.6
2365.61
384.708
1561.08
1951.84
768.173
332.778
3656.9
1108.13
854.385
2803.36
882.388
1458.37
2335.96
2783.2
1427.36
2002.36
2478.33
6859.33
1319.02
168.345
2282.82
5309.24
1464.33
2890.5
1514.96
6151.46
3112.82
2141.17
2920.36
1986.59
2655.22
794.258
