0
14651.6
6427.27
15017.8
38263.4
171035
16648.1
10359
16996.6
22994.5
16045.2
13619.9
20696.1
30377.1
2365.05
10121.8
24767.4
22250.7
16124.3
9818.22
21738.1
37833.8
23474.1
32119.8
3311.12
19040
12924.2
15376.5
20615.4
22182.4
3457.69
26763.1
16109.8
15743.3
18968.3
8041.42
14662.1
9864.63
11404.1
16590
8701.94
6179.96
10485.9
8275.91
3495.94
8003.18
5524.33
7987.59
8184.76
12493.3
1101.8
7935.77
7998.41
3601.71
4507.67
9377.77
12710.8
5417.63
4438.78
2400.39
14027.3
8151.64
9449.73
5617.81
12264.2
8568.81
8535.94
6376.06
16992.4
3024.08
3082.03
1968.61
13755.8
10159.6
12214.1
7136.7
4256.82
1657.71
5988.49
14728.3
10543.7
5510.22
2001.47
7954.09
2764.95
1677.37
7772.81
3921.18
5592.01
8273.6
8505.99
6859.05
304.644
2599.18
3963.97
13410.8
8108.58
4995.4
8897.76
8071.05
4363.82
3199.46
3730.76
3092.81
1356.23
5826.32
4091.36
5001.07
7323.42
6218.22
3559.63
635.926
4280.54
3692.71
909.664
6159.54
3062.13
3755.8
2990.55
7403.63
5762.26
10757.5
1412.99
8231.39
1276.19
1897.51
5919.88
445.601
0
1059.03
5346.89
1818.91
8701.48
2787.28
3051.45
8152.54
3780.7
4535.51
1382
1878.31
3089.54
5334.59
1623.34
7657.91
1075.9
1665.02
2521.45
1943.4
6594.97
4366.87
2366.05
4733.77
1458.12
6624.62
2216.2
3199.16
400.731
4399.99
1539.94
4656.51
2712.12
2197.55
3284.96
1872.3
2384.36
3500.48
6212.88
5337.3
1752.44
4308.32
1578.01
11580.3
2031.94
4630.47
3049.71
3602.29
1463.67
1999.65
1494.81
412.332
1228.67
7461
9830.85
5685.49
4817.27
876.216
2439.12
3314.1
3042.11
6596.52
725.342
8280.01
4275.63
4846.56
5330.06
3710.84
5002.69
2702.62
813.022
1057.88
2924.92
1662.47
1789.97
4854.93
4677.52
5520.59
856.005
1591.86
1666.94
2594.65
3421.93
3931.77
1493.45
1022.61
2404.22
2209.23
2366.78
2228.12
6044.87
2970.47
1444.62
1531.09
6960.76
4958.55
2365.61
384.793
1561.08
2403.59
768.173
335.452
3656.9
1111.22
854.385
3294.15
882.388
1805.03
2335.96
3323.21
1427.36
2004.44
2478.33
8471.22
1319.02
168.372
2282.82
6468.94
1443.93
3469.67
1514.96
6740.55
3198.47
2525.45
2964.05
2298.56
2708.58
814.069
