8132575
754131
902715
1.0539e+06
3.0632e+06
547574
611232
1.70639e+06
1.25482e+06
1.22507e+06
674953
65194.1
860864
2.24411e+06
224867
391501
402307
1.27155e+06
774810
358865
395469
618562
541214
403520
571334
393334
572709
451791
511976
201788
93323.2
425373
113898
438261
506656
69743.2
219634
497813
244117
144507
331462
246728
86981.8
223985
218837
126371
149982
83485.1
224654
267771
150702
121452
183133
194115
289872
172794
160032
91081.3
152824
243790
246347
148424
88403.5
403577
103748
116852
418152
202311
106677
158202
225507
187080
167746
273644
230814
174923
140172
247110
149792
171635
114641
112040
93225.9
281140
154853
142151
66296.3
193649
116595
206558
258467
75038.4
33239.9
97004.2
124957
126383
175928
137928
167185
184810
183758
113392
129279
118164
113002
142842
70215.6
101971
49821.2
100630
71203.5
32650.1
162366
208028
134246
83717.5
27717.1
185722
87588.8
46018.8
181401
88634.2
30680.1
106649
56317.4
105740
146644
18570.9
46344.5
78283.4
123859
140059
56187.6
110328
146677
61925.6
72383.2
87286.8
147581
52074.6
160132
75934.2
121062
110577
107265
83073.7
57690.3
107877
93305.4
47931.7
45905.7
38470.4
43816.2
160766
74139.6
63755.3
160792
42419.2
64510.1
33113.6
74342.2
71424.5
39576.8
90725.6
83836
37738.1
56208.7
118375
138465
101616
112845
39219.8
43628.3
45604.1
44699.5
69797.1
75358.6
63738.1
57761.7
16249.4
46496.2
110017
13427.3
77891.7
170230
54866.1
51364.9
33908.4
157425
40251.1
63450.9
45186.9
79426.4
55254.1
126418
54626.5
24062.6
77447.6
108844
91134.6
42087.6
108379
20331.5
100815
51394.8
69574.1
155179
62720.1
44909.5
65665.5
15939.4
93456.6
56577.4
35544.9
112820
81878.3
59329.3
108246
145788
100890
126604
29260.7
60873.6
26221.9
75818.7
21589
44735.6
98027.5
98289.5
45996.4
19453.3
47282.5
73704.6
88977.7
47045.6
60748.1
21668.6
108460
29237
25236.6
81342.6
90989.2
88828
56699
34972
131392
19314.5
71226
56202
105840
49055.8
36749.1
72747.9
61234.2
33087.4
23801.9
