7168028
178587
122520
235216
388806
4.79061e+06
525566
276262
207984
305957
1.11195e+06
175661
52800.9
115078
159773
1.16524e+06
547342
286454
220210
291753
721035
413119
176492
29854
32994.8
296305
393248
159148
160653
179298
467427
599493
192258
86603.6
144787
148223
140982
62866.6
52135.8
50939.4
154133
596343
162317
64051
107483
166740
204364
69632.2
15160.5
61652.9
26285.6
426253
115318
41956.3
37736.5
141069
340956
27673
13254.7
71064.3
58194.9
199490
151066
47524
29299.5
124146
325162
80599.1
41016.4
33708.9
69866.5
57793.7
125519
60349
40052.3
91515.4
220137
180536
69348.8
17899.4
86430
106494
106902
73092.8
13861.7
58903.7
108246
214064
78897.1
8981.35
54115.1
105241
170551
83710.8
29001
91615.9
99386.6
147626
91342.2
28971.5
20493.1
62579.8
221528
63000.1
31092.7
100388
119462
61112.3
114099
55698.2
62354.8
50708.3
200386
54366.5
33752.5
68372.2
121541
75145.4
89420.3
56881.3
68010.2
18710.4
127518
108945
61784.4
47085.7
104475
95688.3
33234
46074.5
47435.4
15408.3
70079.1
120318
87669.4
25739.8
75356.5
61118.1
68391.5
29081.8
25887.6
36405.6
81936.4
92600.5
108119
34179.5
70818.2
32457.4
103713
22025.2
23180.6
33861.9
88507.5
74813.2
112781
56127.7
97122.3
59025.5
96011
61284.2
52894
17649.8
85827.4
94630.2
88249.4
58609.9
103272
75296.5
43508.3
103124
90535.5
34814.9
68537.8
92473.8
38114.1
36573.9
85186.9
78413.6
25487.6
106392
108311
38961.3
43205.9
60157.4
31061
38127.5
59932.1
67158.3
42188
72353.9
110270
18571.5
32731.7
40732.8
66543.8
74170.7
43218.6
45959.5
20903.6
15480.3
85521.7
7432.57
56586
53910.8
61836.1
107484
61076.8
51818.9
14666.3
30721.8
51993.9
8877.36
52397.1
60452.9
50463.9
131432
92056.6
75661.2
46344.9
42141
11228.5
26788.3
34160
60485.4
58708.9
124981
107520
75675.2
51079.6
30026.3
47218.7
70686.9
32383.9
52241.8
60570.1
88071.1
88347
65810.7
51857.1
42137.4
70204.6
102399
19733
25513.3
31819.5
47911.8
59047.5
46180.8
48155.6
48172.6
53034.4
129455
13128.1
25859.9
27548.5
31371.8
