8101027
379459
588640
629469
263982
5.12445e+06
274570
510175
557330
349821
289827
280865
571828
755352
253661
1.21515e+06
315199
335494
463705
340300
273885
201388
461587
665426
226896
266417
336570
207224
299440
234514
200283
105443
316761
528274
217482
102456
321495
230854
119960
119411
134470
122864
164581
315223
180206
226460
277356
251465
82268
35938.1
118838
178203
40708
166018
172004
184857
196260
192238
157809
84893.1
129121
195891
71886.8
106640
156776
103708
106928
90140.1
189405
112345
128327
179898
149724
123004
101860
87658.8
55883.5
59753.4
129834
100702
81756.9
143344
165043
86727.4
58941.2
119856
95342.9
124594
70557.9
99958.5
54292.4
88729.5
148813
33663.2
17757.1
109036
129186
141425
40408.4
118809
117936
43417.9
107296
46674.5
11495.2
40417
117019
93858.8
23266.3
108098
163804
15159.9
59079.8
83815.1
12736.3
38882.2
90231
29436.8
14870.4
81059.7
167195
41153.8
46627.8
95692.4
31818
73691
51655.7
68375.9
32317.5
54365.5
124325
49361.3
29230.5
93680.1
57115.3
69839.4
33966.2
109441
67346.2
56312
70385.7
47213.6
20070.4
71119.8
79152
52047
22113
119652
69424.8
65188.5
49163
45004
72728
42705.4
80010.1
34618.4
15213.8
83414.9
58381.4
58754.4
69688.8
40099
119957
46068.7
69161.9
45036.5
13807.7
45569.3
33859.3
21573.8
55638.1
36303.1
138514
45625.2
54672.4
44849.4
20953.9
58135.6
63597.2
13022.1
21537.2
45353
109169
49840.8
41218.8
19986.8
32004.9
70889.1
92768
31706.3
54459.5
47417
66357.6
49183.1
45474.8
19213.7
44127.6
60832.3
86661
39182.5
100415
21304.2
30978.1
54801.3
33098.4
59607.4
41606.3
28799.6
53352.9
18082.2
108567
21636.8
56115.2
58664.7
34389.6
91176
34465.9
19028
13432.4
8382.13
80627.6
38073.9
64873.1
65276.7
34498.2
94967.7
21084
34748
56486.9
37027.2
42365.7
47318.9
41416.9
67939.3
23996.7
81700.7
13535.1
41257.8
87039.1
50089.6
37683.5
67746.9
4974.93
60590.4
30313.9
48333.3
27473.8
26961.6
86281
52197.9
52488.2
64830.8
39025.8
52075.3
66543
23308.4
