9109082
59824.2
369184
555888
295342
4.54278e+06
548759
646368
598233
439068
754003
320692
795855
443100
120967
402394
605372
579776
777909
582817
628867
453273
916978
161339
304845
86753.9
382672
463090
389879
579533
499246
384193
519691
296140
178013
123838
455686
498551
279283
407213
600603
461764
254864
68195.7
122583
84158.1
402472
138533
96826
222159
220910
484307
159941
337219
29679.8
181153
294594
157820
214561
51106.1
389880
260592
30578.4
259626
252780
113886
252424
71107.8
74512.6
158417
255339
268731
48869.9
130801
366140
273371
61274.5
91444.7
222221
208551
170350
144055
161829
59766
211805
241484
21218.5
105435
121030
133550
206205
89972.8
160104
143763
57447.2
198378
52904.5
169852
199668
76057.7
99853.3
75887.4
165954
32755.2
101716
88277
103424
93866.2
227723
60850.3
62560.7
158596
69369.2
40460.8
86947.9
30213.5
185537
108485
104949
81410.6
136182
83032.5
48062.3
59408.5
106956
71618.6
67348.1
45691.4
167052
69053.8
110297
49057.8
21719.1
120283
46674.7
18077.6
95731.5
60409.2
128032
46115.5
47967.1
58306.4
107016
169213
60004.2
75244.6
74761.4
98321.1
63937.1
25601.4
113100
25537.5
75682.4
76604.3
103609
34111.6
22932.7
101526
91744.3
68019
142268
67519.8
17598.4
63170.9
113846
63039.3
50565.4
96385.8
81972.1
69834.7
87980.3
96114.1
45745.9
49703.5
154343
54179.7
54909.3
96780.7
90742.9
69165.5
77781.1
109381
38235.1
71943.3
153009
59034.9
100806
69385.4
82315.8
112987
145108
44999
18583.1
73434.9
80893.2
16876.2
77830.5
21797.3
42889.3
127657
92657
109105
11840.2
64798.8
98276.6
80126.6
107885
82287.5
109728
93475.3
64372.1
40151.3
77624.1
63361.1
107700
37956.1
53943.2
128670
37040.6
131624
37572.9
47229
143599
108377
52221.2
20566.9
66292.2
120049
133892
64182.6
28326.1
75555.8
78186
79883.7
28527.5
41526.1
77075.6
30918.7
84707.8
65289.7
79983.2
70563.1
42993.8
83414.6
56240.9
55716.9
80922.9
46008.4
56204.5
50617.3
84128.7
25779.8
59512.2
79974.3
23924.7
49063.7
