8359825
224542
381954
972955
1.0535e+06
919597
933800
1.94366e+06
1.3727e+06
1.86333e+06
1.9282e+06
1.37643e+06
1.46972e+06
2.02729e+06
1.16534e+06
231227
504200
674480
177098
303067
388279
280857
455994
269985
539917
120597
666474
315971
944754
369343
557887
395989
213845
158813
272914
335666
73489.8
576703
322732
120939
228745
157578
446752
202837
388198
648202
143329
183012
118896
98853.1
156038
97024.9
87498.1
236332
174077
54187.8
68988.8
15675.3
156295
255072
229174
88380.7
286906
269545
257716
326016
124352
104625
72937.8
215406
215552
205518
227194
163660
224678
88864
161626
105289
52054.4
53225.1
261444
235950
109295
207318
177915
31605.6
75071.5
264266
160044
220330
26149.9
197122
81062.1
90604
110122
163655
243672
213658
59255.9
21918.8
75559.8
181791
127922
87194
13385.6
110831
49894.6
78866
184012
70860.9
93985.2
55207
188520
158448
90306.2
185940
70891
224784
93481.4
61831.7
28194.6
19682.8
214090
112469
124985
97486.9
94791.1
23908.2
73306.4
13074.5
64182.9
124093
133063
108675
148923
100835
72667
76779.3
186363
244298
142088
68144.6
27968.4
62644.7
87286.8
55270.8
46146.6
103486
168638
51726.7
80800.6
87270
138294
37327
85501.2
64528.2
123585
78414.6
42726.3
91798.8
106785
115887
92273.4
51655.2
33850.5
47294.1
121314
72697.4
79279
207407
79968.4
59777.4
1302.61
139877
68822.5
49344.2
34780.6
87257.3
94092.3
44185.5
70512.4
28735
95376.7
150428
58932
66899
41248.5
81873.9
68433.5
51948.6
164178
86720.9
34962.1
87369.5
151323
56236.8
125432
55323.8
101498
39986.4
88782.3
63492.2
80515.5
52938
65582.2
29319.4
90014.3
63418
69523
44012.5
59776.6
108785
85103.2
94829
114793
97443
27246.2
100642
7880.82
75124.4
103919
58769.8
46877
17176.8
29881.2
118085
30834.5
83267.1
86024.6
36302.7
50645.2
49266.6
90833.2
101952
103044
130841
54137.5
81331
60557.9
33812.6
67600.7
79937.5
51960.7
19626.2
59222.5
67475.2
78795.7
80708.2
82259.3
57360.4
80543
68207.7
32640.9
116857
79367.6
51632.4
