5962282
1.15719e+06
846522
1.37934e+06
1.28589e+06
1.33063e+06
1.67383e+06
641947
635063
2.37716e+06
174265
823785
622960
319838
399844
583641
271764
711190
883498
780052
882326
265397
579230
391749
755224
195106
184752
425610
300040
443999
638785
425522
252938
172765
372327
617043
250216
380514
349440
329668
299311
46322.1
277159
204639
410475
233365
374291
207632
176771
335305
326254
198754
453702
215952
422292
140215
113203
225168
50621.7
344774
98278.3
316835
351054
252372
372163
284508
59045.1
204449
211628
255367
219044
178978
174879
118689
101539
27093.2
216823
212782
222115
290568
196365
91537.5
38508.4
83441.3
50502.3
254633
278582
140268
60212.1
118497
283517
84276.1
196540
182922
221951
164508
119533
124375
56230.8
93203.6
150719
254037
228987
138058
155508
192807
47303.2
186028
83158.5
66156.4
110698
117275
28433.9
174787
116914
100299
211406
19785.2
71848.6
81404.3
96811.8
134452
9737.52
107093
32301.6
177984
119730
252091
118514
31984.1
45811.8
231071
116455
217605
158138
63117.4
110031
136602
71082
53481.7
141224
91320.6
137217
50275.6
160732
187275
88913
95041.1
180349
136122
17244.1
60579.1
178934
204591
144118
82934.9
78855
128942
76959.8
61086.5
127350
139553
213898
214944
66945.4
41228.1
80452.6
100209
147030
102072
137283
101940
79699.9
159189
38816.7
141882
93199.9
120229
32956.6
144051
118279
85632.3
173783
37531.7
77199.6
10437.4
96567.6
113703
214064
38752.7
75538.5
90307.1
64467.6
54047.4
74178.5
106621
21438
84462.7
57016.8
84074.5
70006.8
34880.5
34158.7
98656.7
44530.5
64537
87309.4
22549.8
94348.5
29920.8
110206
48303.9
120986
70771.7
111648
114416
160108
89371
21616.2
51277.8
35632.5
105310
39848.9
75525.5
49294.5
82238
71571.8
31191.7
44013.9
32683.1
68721
112497
40352.8
80425.5
23428.1
103362
106339
79853.1
156917
99322
18513.1
67670.6
109445
23619.5
128372
28829.3
71790.9
51584
27436.7
70891.4
52351.4
80868.7
28197.9
138241
83549.6
106014
