8519955
421174
678393
561896
340039
1.27915e+06
427306
1.37942e+06
1.13327e+06
1.39487e+06
1.16486e+06
489164
636373
3.25896e+06
1.74974e+06
488591
368979
485414
440736
996425
787914
100057
442606
342893
682413
306018
208518
313676
64755.6
224929
441206
649586
295431
587628
416916
221156
122975
425277
326097
482969
157020
68127.4
477523
239616
187223
271357
428818
529008
139977
309768
136484
100137
217029
164874
454593
301953
96004.9
277283
222319
280602
230929
118286
206491
141581
137859
160494
205543
152880
68408
85952.7
61109.3
177225
152413
90887.5
225404
243549
399897
123225
274561
362588
285861
114201
207152
247954
104278
65098
276857
93863.9
171015
29751.4
95639.2
77131.7
85388.8
213732
143343
160785
143776
108492
267010
251110
169537
94908.8
68629.8
137571
41545.8
77914.3
268278
67217.2
91700.7
98320.3
17075.7
78801.9
79025
64453.4
175685
186559
151992
21046.4
134253
163734
52388.1
170692
42130
57430.4
69321.5
131663
73696.4
40673.5
139414
101477
148246
77777.5
237500
136472
41722.1
60261.8
64613.4
65160.9
155590
14963.6
114904
159686
102130
94162
131234
69257.7
115430
49744.4
98215.4
121126
81918.3
207895
68608.4
110376
102674
84752.9
91939.7
133443
29343
59525.7
234931
49312.4
92275.3
22213.7
99264.7
137112
140607
31905.4
61989.3
59110.2
40293.5
105753
66407
107008
133343
84475.8
35857.2
78446
20082.1
65468.2
29805.9
60456.6
215160
124285
12812.4
89372.5
131335
78865.4
79959.6
24948.7
158129
79691.8
103024
132953
62528.8
74342.3
53275
176906
58760.3
117545
100552
102816
105102
29894.4
61628.2
21625.3
58026.8
84827.6
84285.8
29191.9
23269.4
100637
105541
100139
106433
94115.4
31440.9
53910.9
105323
89896.3
140173
78923.3
71205.9
8052.52
83263.5
35800.8
120152
56447
103144
22863.4
4671.66
55577.7
41667.7
136913
92886.6
29256.6
18426.9
53606
98875.4
29800.5
138696
50018.4
41102
43493.5
69493.1
45205.3
61759.5
52092.6
37339
119628
5765.86
58080.4
225881
24837.8
39295.7
65531.5
