7420098
852689
307550
594898
616842
4.20384e+06
499081
849052
768840
616685
593622
183885
818801
1.32479e+06
1.00149e+06
1.09251e+06
361138
380903
559602
297494
95493.6
30151.1
412549
640428
312856
400258
372641
248561
341550
362670
313673
398719
220828
79200
380900
186496
105546
74237
152378
354990
215556
187250
149700
119752
395313
225157
90674.2
61660.5
107836
351238
283779
152222
106020
55055.8
293003
128716
165458
73546
158596
140053
108393
89660.7
211026
199630
143099
174062
130523
171879
42056.2
237757
45986.7
34353.3
130389
83117.7
133925
142300
56244.4
107501
78408.8
253105
136714
70227.7
51439.2
33535.3
37916.4
99621.7
76722.2
69810.4
134015
162189
40998.4
126398
136201
129214
135288
30857
41257.4
73854.9
250908
41546.2
81005.9
119286
21352.7
36298.8
75811.6
20611.9
55623.7
53113.7
130100
102209
90382.1
116367
51997.2
56675.3
59097.6
81382.8
115429
54212.1
52720.7
137224
81638.3
49143.3
67842.7
93848.9
10987
18686.6
11798.4
138876
32707
164522
122249
5466.6
21953.6
141087
111776
32834.1
22901.3
111798
83326.9
4958.17
45680.9
14349.6
52754.4
78453.6
60112.8
44102.7
11741.4
112887
105051
56216.5
29842.7
60986.5
11439.4
68524.1
66526.5
103484
85269.3
11535
124469
64962.7
84335.7
19104.2
62221.9
38465.1
56063.4
109312
45678.7
10472.9
50898.9
44895.1
110290
81485.6
57951.6
66138.7
67646.2
13279.5
87198.3
51311.2
65155.1
27119.8
47091.7
62148.5
77901.3
25576
86030.3
39683.7
75305.6
49503.8
61248.2
21598.8
12332.2
98284
26300
69078.3
99236.8
50040.5
61075.2
32517.4
61804.4
20846.5
76581.8
42930.4
64111.8
60720
74078.6
75141.9
76827.3
13024.1
47917
42032.9
64723.7
75660.2
83867.7
56081.9
86019.2
40814.3
55611.5
28683.2
44959.5
17160
53595.5
73335.8
101834
38256.5
36398.2
32220.3
40196.4
58549.2
31845.8
17349
54542.3
71387.1
37322
37894.4
59502.8
69323.1
26453
102351
67194.2
54686.7
109112
66869.2
38380
59046.4
22139.9
24880.6
40348.8
55823
69128.5
48029.4
62536.6
54660.3
2657.12
17246.4
88555.9
51344.7
