0
14259.3
5861.93
12872.7
37321.3
141996
14811.2
9375.83
14967.5
18948.5
15342.2
10730.1
17275.9
23873.8
2365.05
8000.99
24767.4
21934.9
13766.8
8188.18
15959.1
29337.1
22891.2
26265.7
3311.12
15034.2
11594.6
13538.8
19706.9
18197.1
3457.69
21838.4
16109.8
14505.7
14747.4
7455.47
11718.2
8557.31
9756.36
13828.6
8340.62
6099.68
9683.9
6856.16
3495.94
6776.69
4739.13
6222.19
8184.76
10451.5
1101.8
6734.74
7998.41
2635.13
3921.64
7608.39
12445.1
5339.62
4438.78
2402.51
10994.9
6641.64
7877.4
4756.55
12264.2
7278.36
7169.46
5234.88
13463.1
2900.23
3082.03
1970.77
12737
8225.21
10563.1
5177.27
4256.82
1658.19
5983.35
12277.5
9780.4
4267.86
2001.47
6786.2
2764.95
1629.83
7181.43
3917.2
5592.01
6910.57
7174.06
5964.54
304.644
2598.11
3089.16
12378.3
8108.58
4085.4
7567.55
6612.69
4363.82
2950.08
3680.12
2408.28
1356.23
4766.65
4091.36
3882.35
5367.4
5106.02
3287.8
640.27
4280.54
2883.06
909.249
4851.77
3062.13
2975.33
2987.75
6078.76
5732.05
9669.25
1412.99
6803.19
1282.59
1757.83
5508.08
460.943
0
1037.4
5266.4
1568.27
8525.71
2401.91
2752.73
7260.32
3780.7
3668.95
1386.64
1462.15
3089.54
4215.24
1623.34
6034.85
1075.9
1665.04
2521.45
1576.18
4805.59
3393.05
2370.88
3874.16
1458.12
5276.92
2216.2
2906.87
400.731
3627.33
1539.94
3811.62
2712.12
2114.98
2485.46
1879.92
2384.36
3165.94
5245.05
4381.24
1752.44
4048.66
1578.01
9568.8
2031.94
3930.72
3049.71
2841.46
1463.67
2000.98
1494.81
411.322
1228.67
5371.72
8510.12
4609.63
4817.27
873.916
2439.12
3239.96
3042.11
5410.35
725.342
6930.16
4277.49
4150.36
4456.24
3027.82
5002.69
2700.01
813.022
1053.48
2924.92
1428.77
1796.32
3534.7
4606.8
4743.79
858.625
1590.9
1666.94
1959.18
3368.16
3297.4
1493.45
1027.82
2404.22
2205.13
2366.78
2113.17
5090.89
2730.55
1444.62
1520.2
5455.14
4547.8
2365.61
384.813
1561.08
1909.34
768.173
333.65
3656.9
1108.13
854.385
2726.75
882.388
1458.37
2335.96
2711.09
1427.36
2001.73
2478.33
6684.88
1319.02
168.107
2282.82
5158.92
1464.33
2814.05
1514.96
6079.06
3112.82
2085.62
2920.36
1948.19
2655.22
796.723
