8111467
563291
1.13034e+06
1.17547e+06
850159
4.30664e+06
993747
271080
1.32199e+06
600082
823082
203397
135555
797067
370521
884250
363618
401301
567292
373243
408160
503460
238310
217272
668329
166410
123387
40797.7
414207
213271
356687
287699
224299
89536.5
402661
147323
329352
199836
57869.4
252258
19176.5
219269
67367.2
236126
431741
66045.7
113424
122199
137558
109400
171941
122196
120852
93492
290795
150334
150740
172691
169281
106115
163114
144665
68919.5
94071.8
159059
211387
45694.7
61961.7
53144.7
64508.6
158411
157405
22015.2
275839
81414
98628.5
23657.1
99049.5
52201
85866.8
30128
36032.3
30652
191631
205042
90751.2
122643
27981.8
71848.3
24944.8
71388.2
29997.1
144493
154100
105616
7812.79
95012.1
70035.3
54271
138356
76350.8
78057.2
96017.9
11218
100590
64925.3
103807
90515.1
72801.8
142544
75120.3
29961.4
59515.8
87719
103408
16012.1
48095.8
48640.2
30099.2
112114
90167.2
95816.5
108648
88746.6
92398.1
42195.3
34057.7
66662.5
32667.3
17569
25854.9
60667.8
73561.5
156036
94064
55980.7
53769.1
22520.5
91454.4
55122.2
31252.6
62523.2
66922.3
96988.7
75078.8
22098.2
26188.3
22701.4
88740
98911.1
22743
46333.1
89015.3
96156.5
27420.3
42007.1
22202.3
53021.2
88823.4
18450.6
21656.5
38098.2
133980
28127.6
32568.8
70029.7
23527.5
31129.7
74689.1
27379.5
75832.8
26047.2
115721
45353.6
16218.6
60906.2
41976
62529
27491
40190.7
60013.2
28389.4
99287.5
41680.2
22710.1
72020.6
21556.2
124395
54194.5
31838
38872.2
30994.5
41235.5
69958.6
31574.4
14458.9
25474.4
85028
94694.5
17527.5
51322.7
88431.9
76318.1
32661.1
16157.3
36361.2
47407.5
35105.1
16948.6
46625.9
36225.9
111345
40385.9
82404.7
56149.9
18246.4
47884.5
36555.6
2811.08
25796.3
33566.3
109954
60779.3
45445.1
42034.6
20280.6
46285.8
50027
60258.1
19120.8
56345.9
77352.9
33479.4
33500
52276.1
47076.2
105722
40059
8658.81
8781.46
58288.6
49735.1
55618
54156.9
15155.5
9271.07
65115.4
76862.8
11780
62619
88352.7
22766.3
41745.4
48653.5
56357.2
31213.3
