3527215
2.70967e+06
810064
1.05269e+06
1.83689e+06
1.56628e+06
953276
578865
420099
562199
489934
302672
655346
715906
340380
129805
301695
284476
466223
483906
210065
167399
313255
311600
311095
187066
184249
357117
237461
134328
432399
403358
73784.6
296686
398605
238969
218663
288650
160000
75531.8
182260
141050
96225.8
142880
128362
66653.1
24136.9
54613.7
76363.2
96847
107970
63145.4
52286.7
137041
170215
183107
182751
105617
32913.2
129510
106140
61493.3
134027
101760
104401
239322
263811
156500
8419.59
111463
156037
129513
36890.9
98328
154102
114142
122701
188562
167714
120556
163295
169888
105869
59850
66480
36082.9
71989.1
141166
155548
100805
25718.4
32668.7
19300.1
93619.4
131021
83224.6
95342.1
173447
161683
100477
108835
88083.9
21669.4
99983.7
115277
64557.6
30086.5
57842
127230
175275
141729
41498.3
50768.1
71874.2
30166.2
40590.4
45243.8
7216.83
62792.8
93528.8
89532.2
71671.5
53026.2
31603.2
17893.7
35356.8
43499.7
26714
321.069
6635.22
18635.4
54003.1
70602.4
72596
76266.3
49200.4
19191.3
81054.5
79751.9
37638.5
93456.3
100442
23048.2
101818
155662
113110
49965.4
83092.3
67568.1
35614.3
71710.7
57943.9
6024.66
57438.3
70544.6
53520.4
37838.1
40353.2
52972.1
42329.1
4162.78
29875.1
25649.2
14017.5
51726.1
61980.3
73277.5
90325.3
68178.4
19735.8
50213.5
52668.6
49641.3
87036.1
97306.6
89445.6
104302
101507
54022.4
11111.7
53284.5
66635
87254.1
107864
103279
110643
146290
147044
95356.3
54070.7
54731.7
51940.5
113016
149238
115063
97830.7
147404
141030
70002.7
16143.3
19189.8
31276.4
89631.5
103538
65004.4
15128.7
57401.9
91942.8
93746.9
64293.5
46616
42304.2
16829.6
67422
106814
108088
104515
125920
144792
132489
85432.5
72943.6
117041
138249
166151
203454
186153
133710
164600
186551
114449
82860.2
164200
160178
135270
191762
194027
103410
111494
168368
111291
61620.7
153054
154607
115280
150976
145714
72001.6
116062
160560
123779
115432
169531
176993
145177
129101
