12795153
95699.7
127678
155404
205763
242731
1.32041e+06
728028
449568
371945
334179
543647
1.29776e+06
2.57021e+06
588133
523858
307003
237622
203984
1.75506e+06
182092
188939
203466
157659
360251
1.20738e+06
571907
215238
259499
127790
156057
412425
1.22579e+06
218258
134003
206883
181201
154895
863970
110431
120662
61131
118497
151174
204167
328490
86454
59226.3
97683.2
113513
303368
1.09625e+06
249586
205721
114349
193473
202828
338998
140745
13986.8
131861
116701
202325
539342
343455
180962
126051
22710.9
160202
162510
433365
43747.4
87898.6
103588
81959.4
67435
170509
54128.9
44183.3
110618
178361
90832.3
135356
108069
103995
144964
59590.4
160429
114861
249461
101588
104219
32805.5
115098
97791.9
351415
42135.9
78859
150540
104133
113930
190103
101909
75562.5
131254
62590.1
95608.2
98760.9
235363
61620
136886
62440
112656
68006.1
186454
158809
44817.9
108157
120299
78346.1
123547
145229
65689.7
138807
47047.2
89706.5
153448
236993
118042
69741.8
77353.1
49566.3
57100.7
321926
124242
53859.1
82606.7
28832.9
62394.9
147828
149857
77168.5
46895.3
46922.1
69032.9
15006.3
265528
63446.5
89887.2
65552.7
88028.1
92251
88296.6
162031
71674.4
49757.1
54499
90972.6
64803
63790.3
87814.2
122492
63759.1
69788.1
155807
163788
73300.4
79888.9
126555
112443
75178.3
95138.4
72808.6
52332
141132
26444.8
19797.3
158932
52155.6
30875.7
75993.9
43568.7
151840
8933.68
80566.1
32252.8
91097.4
158591
55714.2
86402.3
66715.4
71159.9
117479
110740
69824.9
13215.4
87870.6
104804
11391.8
126839
111462
143410
93332.2
11401.9
67044.9
119835
117133
70524.2
51719.8
138517
25945.7
38456.4
124510
28579.3
106767
54485.9
161812
85920.3
94894.3
14273.6
93022.8
11742.3
44944.2
76629.4
49040.5
91260.6
32931.8
18443.5
112709
106385
172106
100422
67701.8
112842
43101.6
72223.4
38183.1
58433
61726.7
75770
44273.9
120749
93796.7
131303
110698
43993.2
91350.4
102313
39103.3
38882.4
22730.8
50861.3
133871
25779.9
68775.8
75965
