11665169
356319
155373
127708
17782.8
415955
1.60312e+06
440969
179652
332422
417384
574147
1.43409e+06
3.04686e+06
465443
243540
275591
396761
384911
2.10917e+06
235355
197308
63644.2
34946.5
126749
702401
907209
140739
75945.8
71930.7
133466
194120
1.01789e+06
336700
155971
255370
269919
43524.4
1.08646e+06
337613
149464
74701.5
53259.7
136697
297886
105124
111481
59874
223718
388397
505374
622492
301917
188067
112864
78120.8
109465
80842.9
333636
53518.8
120798
86361.8
109850
303213
243660
15832.1
21020
43447
71711.2
170046
404302
297560
187384
64200.7
27487.9
208561
137481
323800
75982.6
70768.9
93042
100232
343068
387035
40816.8
68315.9
22533.8
58102.8
180635
35643.8
151738
96544.9
75302.3
115802
178414
43141
251844
84157
43367.4
98337
240441
341004
119001
119046
77842.4
25389.7
99357.4
57188.2
153215
131570
77603.7
67552.8
26064.9
30886.7
252883
127215
78250.4
67127.7
3948.02
20029.2
93322
111821
199163
72653.9
78003.5
51605.8
155831
117840
73381.7
28259.5
18115.5
96330.5
231534
198687
28775.5
151127
74959.5
25174.2
87077.1
190682
131417
72549.6
108321
75966.6
73883.7
191688
140560
173314
16156.1
46529.1
48052
124757
230280
152999
65018.7
19665.8
68156.8
143039
141850
39356.7
93912.6
115169
33997.1
67369.2
124909
54253
54368.1
69611.4
113664
43234.8
3022.16
90381.9
151312
40250.4
65237.7
16978.5
76315.6
2466.08
121647
38952.5
52822.8
90081.8
65484.7
218147
54028.8
117941
101881
62668.5
32529.7
78334
96607.9
67611.9
40079.8
56841.9
59071.6
62915
191841
117852
21614.8
81130.3
54892
49492.2
66005.9
144879
82911.4
52615.8
92168.8
80585.9
12828.6
148453
126689
59365.8
18146
84954.2
106027
73599.1
175299
48362.8
13388.3
96405.9
73060.8
100718
48849.3
33233.8
112184
48167.5
20629.4
133159
68838.3
92312.6
26462.9
70701.2
91403.9
52083.7
87995.9
69088.5
60444.7
39177.4
28153.1
53834.9
120732
55129.8
161485
52032.5
37163.5
154750
71073.3
116980
83708.1
92520.8
84201.7
71876.1
82251.3
93172.3
20512.1
89345.8
