7630741
249901
417216
632740
738519
4.50296e+06
412145
1.00276e+06
707313
505439
307936
448266
415452
555693
584317
1.08397e+06
721742
607694
411991
597569
491224
236055
245409
651084
438011
529223
507128
137603
623488
76633.8
388899
126196
149002
80255.2
198645
214948
274558
121914
312983
249119
321784
173764
151982
268982
205101
277793
136473
60314.7
95081.2
205587
260022
208544
101632
135075
112918
176237
57577.1
228862
131481
165646
123787
200754
222943
71802.9
140827
193494
157650
157353
155826
133365
142490
13496.3
157595
118671
47297.9
65624.5
160742
171999
129895
8455.65
166568
191970
143714
91312.7
68257.9
43187.4
27877.2
70472.3
139603
96463.6
277656
110415
99614.1
57304.3
36726.8
84649.4
50021.4
13167.2
64795.6
114683
159360
28764.4
151915
62650.3
69682.9
70016.1
26343.2
69019.2
47653.6
97539.8
98693
83232.8
91726.9
110580
87661.1
104541
64532
74819.6
45259.4
49409.1
85044.4
82906.2
57833.4
116723
42942.4
86219.6
116076
145741
139021
52426.6
111810
26682
49062.6
25333.9
52587.5
150840
63810.7
90360.9
72818.4
38191.3
62861
22116.9
23343.3
88934.6
73397.6
54940.4
22217.8
110973
114065
20198.2
52181.4
18314.9
80107.5
61163.8
40033
30294.8
39140.7
72621.7
106133
17424
66624.5
62527.2
81047.4
31948.9
29990.2
49137.8
122479
66952.2
101784
42665.7
48490.4
24323.7
79592.4
89093.5
25602
73999.1
110209
68062.3
29855.8
26543.7
93729.8
65178.6
22868
34476.3
49345.6
74369.6
68470.9
75689.3
71497.1
17364.3
61412.5
15534.2
53730.6
74708
94321
23193.4
49338.3
129768
35214.6
50487.8
21562.9
31899.8
33081.3
65583.4
55177
18115.3
66082.7
80256.5
34966.9
33179.4
60292.7
87813.9
54916.4
69195.6
56917.8
45246.3
26029.3
52251.8
49586.7
16496.2
110976
53563.6
54321.3
17438.4
40784.2
30067.7
25786.2
23145.7
52295.3
38862.8
113664
68037.5
95321.8
84335.4
52906.4
58381.6
23120.4
59256.8
26916.8
75734.3
27783.5
71774.1
88698.8
91581.2
18966.4
32189.1
28438.1
81669.5
31814.9
20372.6
8250.24
88582
8842.55
72317.7
13301.3
66564.4
