7774240
213595
214702
734619
501707
5.09219e+06
455885
672376
432182
108948
542577
353716
102681
749447
412241
1.21175e+06
285720
529930
520267
88630.9
333857
350266
247491
531155
241775
457409
70966
353590
480822
195957
118860
311415
271734
347298
120786
297324
167429
308640
293496
165653
40567.2
230638
208020
171032
150507
202960
239641
285198
151978
93780.6
82479.4
209737
168949
95539.3
125822
114553
231098
166212
215545
121109
43258.9
154874
172293
66607.9
69296.4
97020.9
164185
62377.6
248900
151436
17590.9
104156
156103
82814.3
95420.8
88934.9
86372.8
144592
183273
117269
12478.2
105075
55522.5
66650.5
147199
48127
63324.7
158932
152773
66381.8
23199.4
96986.9
66116.7
43650.1
120853
81171.1
99456.4
105267
152098
61411.1
112587
59232.3
116882
9028.54
70035.7
69854.3
90607.4
46759.5
101204
64960.3
153886
51752.8
105695
28260.5
70264.1
19177
93266.1
36392.6
45237
60518.3
146457
88401.6
60254.7
52062.2
71354.1
32028.8
122362
18451.4
32867.1
52103.6
98163.3
68125.8
41315.6
80268.6
69466.9
47530.1
134117
23826.4
76389.6
37966.6
58891.6
26282.9
34860.6
70327.8
106223
40874.6
96837.7
66615.3
78365.3
54039.7
43924.8
46609.4
17296.9
31229.8
118256
13427.8
37950.6
65474
75194.8
88715.4
31728.7
73889
45164.2
54554.2
82671.3
41793.7
29487.2
66108.8
60582.4
84310.1
9376.92
53240.7
66738.6
74833.2
8431.72
47296.4
44620.4
98950.7
64308.7
46179.4
24369.1
32778
57957.1
72807.6
51658
38428.4
39260.7
104776
70666
26114.6
35687
23717.3
54417.4
45229.1
83042
56362.5
52567
67700.9
46851.3
72022.5
59011.7
18105.8
38844.8
49973.5
70018.3
80659.5
53016.5
8666.64
13800.7
78007.4
70599.9
34603.6
14887.3
34261.6
74558.5
95991.3
29379.6
44664.9
28148.5
57629.9
55702.5
36307.1
21397.9
35188.3
81644.5
76305
51300.3
58138.7
50964.8
42508.7
30263.9
44419.1
20345.3
63236.5
66426.3
39840.8
80489.1
42704.4
51931
31116.3
30055.9
96813.8
4786.39
70703.6
33929.4
14033.3
60601.1
35053.4
43679.1
8650.96
37921.9
125335
19882
44248.4
30032
31668.8
