6494507
500376
610947
808482
2.37766e+06
2.19254e+06
827834
327233
232362
2.32198e+06
127764
244991
202180
1.58308e+06
1.58591e+06
556484
414295
272758
1.53195e+06
202887
268307
387718
1.07431e+06
1.05058e+06
549435
345412
258026
225297
248322
108448
283256
76356.4
218387
259173
194139
63991.9
525607
155783
132679
297451
218305
89629.6
205741
114147
137631
511455
116407
58935.8
132250
275289
318202
80278.7
198898
151870
660694
106689
150010
78634.1
312317
132031
14411.5
160155
112376
144549
197715
125056
55255.7
69750.9
149625
63091.1
135962
210431
158749
230884
118421
72856.1
31523
121367
71946.5
73773.4
211278
131139
183699
73999.2
73589.9
274483
209605
173145
82751.7
180026
202242
113815
69693.3
154770
194814
50331
126165
94493.6
53910.2
182523
127672
42660.7
155394
75012.4
70207.5
136630
114664
87785.4
39168.7
144975
43621.5
118975
49687.1
40753.2
94339.5
126787
81284.4
210184
65120.7
52302.1
32085.9
156641
36162.5
78097.9
28388.5
33467.8
174659
54811.8
65119
79513
150804
119339
127143
78951.6
109745
57573.1
106303
69590.6
96207
54764.7
76909.1
133566
88125.5
55737.8
104687
118807
68680.3
91177
155679
73583.8
118088
94606.7
81689.3
91719.2
30219.7
38585
31360.9
105423
23800
751.066
28133.2
52361.3
170176
72276.2
27639.4
42109.1
144468
80055.2
40532.9
57536.4
50227.2
64939.8
88329.7
10505
94000.3
100838
97343.8
58925.7
99983.1
40829.2
95345.4
106031
12718
91258.1
129321
71453
15250.6
46162.5
8662.19
104326
87425.5
41442
37163.5
83600.2
51984.6
72145.4
51046.1
107126
104457
33198.2
31705
67650.9
96071
49630.3
76257.5
54367.9
84223.2
154225
9639.4
20932.4
113304
22919
73378.8
85753.5
79203.7
56359.1
77539
60950.4
30088.3
83552.2
101643
38954.9
56921.3
86446.2
78801.9
94799.8
85949.3
15357.8
26153.1
43654.5
13962.3
30357.6
56844.8
70798.8
68055.2
54744.9
53016.2
44346.6
126230
76024
52262.1
45998
135003
50124.1
70366.6
69878.4
42218.2
15025.5
62372.8
78095.6
20077.5
38747.6
83280.4
82376.8
107942
23561.5
