7492693
616947
528390
599418
808780
2.62896e+06
394728
697733
1.024e+06
500055
687287
493842
167537
1.28532e+06
533741
718936
786572
1.82846e+06
496998
348314
440836
473514
446882
622455
1.20129e+06
365175
146727
200271
663810
635338
393106
186070
612926
207640
341027
353162
406967
46791.7
91159.9
175362
160764
326663
609201
463599
420766
317911
277715
380180
211068
281310
356069
162226
335602
521830
335665
231398
357463
395774
171993
109453
419922
477008
480667
143429
604609
376911
194782
628626
183840
136639
108668
302485
113754
225126
251583
196694
67334.2
224735
314012
357705
275386
134729
100891
96352.5
322762
394491
161306
154400
190754
212748
402119
383573
513278
270391
406994
351154
150436
650552
149113
193808
283993
306862
365160
274686
175119
285240
182014
193662
202735
164971
168442
80984
109147
251022
38963.3
86649.2
19263.1
260758
65509.7
51853.2
383873
295544
71868
56881.3
355639
72365.1
227926
147734
104495
76613.1
170462
156991
335503
35828.7
227849
113748
96558.3
265895
91938.1
87590.5
168980
117405
156243
63285.8
117067
118426
116542
2428.55
116575
31979.6
132484
186974
108869
187973
118905
67699
85534.7
11971.9
152200
83621.2
103480
145598
134781
83706.2
220459
34145.5
57268.8
267085
6682.91
117865
137045
82781.5
43713.4
237177
148989
157036
232394
142082
178046
160579
242905
218075
86934.9
145334
31588.4
103123
171761
121707
128039
218413
16081.5
63283.6
87791.3
100794
81044.9
59170.3
92638.9
110413
112631
157377
106574
230048
70668.5
183457
260608
127598
77135.1
96862
131887
179471
26905
229670
71311.2
62759.3
41882.3
90118.5
101084
192063
161330
85016.9
75885.8
142310
98762.4
72878.6
49047.8
71518
219765
211881
63332.1
107534
172447
193687
49134.1
151431
26362.5
278314
96122.7
104811
132896
21669.7
120433
65772.1
25612.1
109090
202336
76273.5
156262
263734
85951
29244.5
181295
260088
44768.7
98443.3
142629
90976.8
