0
14565.7
6211.96
14069.7
37855.5
158281
15849.4
9951.82
16082.6
21186
15754.8
12329.1
19213
27452.9
2365.05
9162.32
24767.4
22100.5
15118.1
9094.81
19129.3
33999
23207.8
29506
3311.12
17253.1
12375.2
14573.8
20249
20425.2
3457.69
24597.1
16109.8
15224.3
17100.4
7790.26
13366
9273.2
10663.9
15373.3
8340.62
6103.51
10140.2
7673.89
3495.94
7428.66
5217.44
7184.74
8184.76
11572.5
1101.8
7386.87
7998.41
3159.27
4262.26
8579.31
12445.1
5339.88
4438.78
2400.39
12690.4
7489
8745.96
5230.83
12264.2
8031.43
7930.05
5867.53
15408.6
2897.56
3082.03
1968.61
13171.5
9337.07
11532
6239.58
4256.82
1657.71
5983.35
13655.1
9859.56
4952.9
2001.47
7437.26
2764.95
1627.84
7519.15
3921.18
5592.01
7666.24
7916.9
6466.46
304.644
2599.18
3566.79
13021.5
8108.58
4562.94
8326.5
7411.93
4363.82
3081.66
3680.12
2776.08
1356.23
5382.27
4091.36
4472.86
6395.83
5709.64
3311.29
640.132
4280.54
3327.32
909.664
5564.35
3062.13
3394.13
2988.13
6839.56
5732.05
10287.2
1412.99
7631.1
1274.37
1803.61
5720.62
460.943
0
1039.91
5263.34
1712.75
8623.13
2649.69
2906.29
7776.16
3780.7
4141.13
1382.61
1701.21
3089.54
4851.87
1623.34
6937.88
1075.9
1665.02
2521.45
1766.45
5776.49
3928.73
2366.05
4323.95
1458.12
6010.23
2216.2
3058.05
400.731
4073.83
1539.94
4253.8
2712.12
2135.29
2891.43
1872.3
2384.36
3282.54
5782.06
4896.56
1752.44
4108.02
1578.01
10671.8
2031.94
4331.82
3049.71
3256.25
1463.67
1999.65
1494.81
413.353
1228.67
6513.3
9269.65
5203.65
4817.27
876.216
2439.12
3241.11
3042.11
6073.56
725.342
7724.43
4277.49
4574.79
4942.03
3434.65
5002.69
2702.62
813.022
1058.71
2924.92
1524.7
1789.97
4270.99
4606.8
5209
856.005
1591.86
1666.94
2322.81
3368.16
3654.36
1493.45
1022.61
2404.22
2209.23
2366.78
2112.19
5637.09
2775.58
1444.62
1531.09
6272.91
4780.11
2365.61
387.001
1561.08
2191.26
768.173
336.59
3656.9
1111.22
854.385
3049
882.388
1597.37
2335.96
3035.44
1427.36
2008.01
2478.33
7647.35
1319.02
168.618
2282.82
5839.71
1464.33
3205.32
1514.96
6445.18
3112.82
2325.43
2916.77
2121.96
2654.33
800.336
