6331313
118529
367100
233818
838984
3.51079e+06
449717
172740
197981
494734
1.13149e+06
906114
400429
64295.1
551716
583243
685325
587302
319507
58894.8
851022
516459
395248
31797.3
559747
979138
174254
243759
82107.7
325841
450081
816436
716042
436358
349852
542928
186021
90874.9
92073.6
35658
690985
757798
244099
190261
358907
80544.4
135882
254800
204320
310122
189472
267009
184641
245027
369003
322431
176674
161525
120234
169634
350177
219522
361837
217947
163710
886649
177991
163193
160191
230754
288778
450935
256754
94793.7
115101
378426
72311
144204
61853.5
243796
140512
125668
134264
234454
92887
65063.9
368136
238250
297987
199115
175286
66239.9
131369
54891.6
48540.3
392447
139397
226027
221978
220494
128748
243615
286285
150354
151609
207177
102901
244900
63148.9
24645.1
223187
112052
118090
132938
168984
103789
140341
69458.4
230057
109299
169340
136291
138985
46801.2
121232
154723
169067
162900
300929
160476
104720
269840
133380
138339
84488.9
146877
175183
127419
137512
124428
57194.5
219688
137722
44725.2
59376.1
65954.9
82418.8
105287
174270
155193
116678
128083
10961
129713
31100.7
159646
96395.3
175735
214095
182958
97946.8
100290
77242.8
163847
89914.1
142306
45542.8
138422
177836
47529.6
60420
109228
230824
55727.7
69605.5
114530
39683.4
203878
195492
50549.2
161542
59883.1
116777
99084.8
77862.7
85601
101649
109132
56323.5
213536
149164
80900.8
113028
95977.6
29608.9
97954.3
92071.7
138146
193965
110303
61454.6
64733.9
159829
103437
198928
196340
124413
105411
150353
107788
173414
112594
160239
90377.4
86050.1
153863
126460
84640.1
65990.7
67287.9
89649.3
229210
108805
69878.4
130079
52545.6
106189
60636.2
119295
94763
135529
71793.4
40770.1
149825
113552
120171
147854
115896
155235
177060
171537
40876.3
59802.9
93501.3
49985.9
63117.2
78179.2
74705.8
126607
74067.1
67526.6
160662
200027
31398.2
145283
181052
