8280519
309958
713443
199787
409384
4.0375e+06
524414
789830
298865
475559
476722
294714
850747
310333
202732
517037
342267
975012
130038
460813
660662
237646
612329
415881
22050.8
228674
274725
512964
161023
240972
330639
15258.8
150559
270070
168439
248215
271719
199249
251559
402726
37519.9
144919
187654
83443.9
170684
281331
358307
460295
202386
348375
11672.2
205716
190170
52517
43111.9
249224
372114
358114
248181
100600
146429
98277.8
234336
209667
102042
173827
200925
226432
315589
189140
208698
180571
180055
335968
62592.4
140598
184020
103999
388342
216978
208980
251437
34969
343540
200285
128848
257993
37947.6
294319
201853
112071
205236
170187
200377
312647
101379
169687
17125.5
74097.2
147863
94315.3
128840
206199
71832.8
272012
52536.8
80664.1
92430.8
43101.3
111701
175198
151274
151866
92176.1
184123
32435.4
79167.5
75588.2
54694.2
128940
125202
196446
17787.9
171956
151971
55651.4
106708
96166.1
167958
108674
168454
165925
169808
157972
176311
65729.6
110077
186223
188993
81133
168534
108143
167826
48021.6
122325
43072
91075.5
167922
148560
14719.5
138283
64646.2
47914.5
61735.6
86496
106708
57389.1
124918
124277
92154.4
91393.6
38221.3
20719.1
54968.9
82991.9
97583.6
42631.1
135099
102710
79462.3
31915.8
59631.7
56408.8
45677
22927.7
84234.3
118610
130193
85558.4
1524.13
121926
41642.3
110011
27466.8
90533.7
35192.7
124311
85457.6
82423
59768.7
144871
57069.3
117872
65272.5
73458.3
57078.5
67589.6
8021.8
133505
31820.5
119219
57394.3
95608.1
59521.8
58578.4
90810.6
1472.1
26555.3
107576
62372.3
81978.3
113502
45492
140712
56927.4
126664
23208.3
18171.3
83774.1
105024
94845.8
158841
28086.6
192448
29323.4
96488.3
16303.6
40004.9
84244.4
116330
60460.3
131535
60180.8
138370
20673.2
30186.5
14143.9
98365.4
41111.4
108346
15180.6
74635.8
84744.2
72417.3
30834.5
76133.6
44046.2
81604.3
3515.83
100246
45996.3
39379.3
67738
77923.5
20132
16058.9
