0
14652.9
6358.3
14673.4
38120.2
166358
16346.9
10229.3
16659.9
22331.4
15936.1
13124.9
20153.7
29308.5
2365.05
9787.48
24767.4
22223.7
15767.8
9548.44
20769
36421.9
23385.8
31159
3311.12
18377.5
12729.7
15052.4
20463.2
21532.1
3457.69
25958.5
16109.8
15563.3
18280.7
7954.31
14181.6
9657.18
11127.1
16153.6
8458.18
6103.51
10352.8
8047.04
3495.94
7811.03
5393.42
7680.12
8184.76
12162.1
1101.8
7726.33
7998.41
3421.73
4405.96
9085.32
12508.9
5379.25
4438.78
2400.39
13534.2
7926.71
9192.93
5479.98
12264.2
8366.65
8314.53
6172.95
16413.5
2965.76
3082.03
1968.61
13559.1
9860.84
11951.4
6813.2
4256.82
1657.71
5983.35
14328.7
10317.4
5316.09
2001.47
7728.63
2764.95
1627.82
7705.37
3921.18
5592.01
8058.98
8273.79
6711.4
304.644
2601.75
3795.71
13269.3
8108.58
4846.9
8692.45
7833.37
4363.82
3162.33
3680.12
2985.67
1356.23
5667.24
4091.36
4800.91
6970.51
6031
3456.72
639.729
4280.54
3562.1
909.664
5951.71
3062.13
3615.32
2988.13
7233.94
5732.05
10588.8
1412.99
8004.64
1274.37
1867.17
5867.98
450.694
0
1065.24
5272.58
1773.38
8669.54
2749.51
3007.05
8028.08
3780.7
4391.02
1382
1797.59
3089.54
5143.4
1623.34
7403.14
1075.9
1663.01
2521.45
1853.76
6306.9
4186.82
2366.05
4587.92
1458.12
6397.84
2216.2
3148.21
400.731
4263.23
1539.94
4498.92
2712.12
2173.25
3149.45
1872.3
2384.36
3440.48
6059.51
5153.56
1752.44
4226.05
1578.01
11245.9
2031.94
4515.52
3049.71
3482.6
1463.67
1999.65
1494.81
414.2
1228.67
7104.94
9650.57
5476.01
4817.27
876.216
2439.12
3285.46
3042.11
6404.72
725.342
8073.7
4277.49
4746.58
5199.53
3595.29
5002.69
2702.62
813.022
1053.38
2924.92
1618.53
1789.97
4648.32
4606.8
5375.54
856.005
1587.48
1666.94
2497.63
3368.16
3859.88
1493.45
1022.61
2404.22
2209.23
2366.78
2167.48
5895.61
2907.57
1444.62
1531.09
6706.41
4882.14
2365.61
387.191
1561.08
2309.5
768.173
333.6
3656.9
1107.94
854.385
3231.52
882.388
1727.87
2335.96
3206.05
1427.36
1998.66
2478.33
8182.03
1319.02
167.765
2282.82
6246.06
1464.33
3374.14
1514.96
6623.7
3118.43
2447.64
2958.36
2249.36
2698.75
809.249
