8461784
155416
201673
99123.2
908640
603738
1.0115e+06
709968
1.36631e+06
750209
1.37987e+06
961664
684630
3.74236e+06
1.07691e+06
388688
43843.7
805462
135634
477125
1.12906e+06
495220
377591
220752
499733
491190
263817
543451
343956
593471
213007
592390
406006
429418
619286
332920
514306
216718
174181
386949
297334
272701
387313
219050
262632
312561
354054
139135
331835
225191
185238
187664
270565
241150
238769
487333
217756
291470
445751
258622
140436
84284
382762
138465
156289
94459.1
31642
194533
84476.9
298661
37861.9
214525
233012
179678
76502.7
238261
243119
316287
143957
133973
255581
56215.5
287534
113037
166848
118308
58150.5
146683
244058
89889.5
153449
79057.6
89785
30612.5
115105
39184.9
132557
131181
147464
54854.1
224574
158956
258013
156178
86682.9
84492.1
101277
92084.2
145435
131542
15347.2
146105
33299.1
187534
118253
179557
99780.1
120814
69080.6
143596
113988
142799
122701
146454
185390
136557
57040.6
31290.6
207024
34896.8
135178
160672
26197
29595.8
33810.9
104587
42923
76815.9
73732.5
33725.5
255931
100096
139322
29765
42457.6
154345
90021.7
108223
35546.1
109493
119052
106484
59226.9
131286
63282.8
104660
94116.7
165657
77295.9
156596
103967
95935.1
95037.2
88457
57270.2
24504.9
193432
50283.9
150713
66199.2
66017.6
114343
25152.2
151946
62972.2
112451
54065.2
148282
48480.8
85168.9
121652
64144.2
147579
45125.6
31662.5
43476.8
99578.5
62851.5
53914.7
140523
27430.2
88902.5
133652
47984.1
60051.5
49916.1
21607.2
86108.9
75176.4
103231
51953.2
5802.54
109342
124836
73269.1
91575.3
14471.5
52555.7
146427
137685
127672
31520.1
97373.3
104505
107472
104782
49689.3
37394.5
46545
48239.2
144125
39864.9
21822.5
60055.2
51985.1
57714.8
108087
29715.8
149906
104018
72771.6
81808.3
42009.8
70978.5
56636.6
104000
32441.8
42365.8
67722.8
104062
126834
77960.5
35795.2
120588
33603
28780
67941
15001.8
166899
88068
73073.1
43428.6
16832
75067.9
115893
142880
