7223533
310387
1.15386e+06
664742
302799
3.9999e+06
585208
1.35465e+06
387882
928517
871729
526210
833695
456513
1.00354e+06
1.28532e+06
136461
730969
557721
313363
151943
101829
469235
264355
390896
425813
440492
88722.6
336907
554795
356705
279757
121729
91332.9
235777
166768
54818.7
157408
220294
460072
244196
105342
175130
228587
138787
176026
185048
145540
154084
435429
148792
37513.8
207192
168529
186264
210306
35129.1
88686.4
58003
252940
175557
191545
100624
121347
93718.5
156310
190600
160439
123770
180540
19138
86832.3
180360
52277.3
109905
64595.1
235571
61503.6
84115.2
217273
22356.3
21862.7
105861
106336
30544
25317.7
184128
3210.27
92885.2
46224.5
88531.2
183219
62646.9
194231
102627
15965.4
141253
154357
142358
32883.8
82866
98145.8
68174.9
66221.4
33403.6
35018.6
148816
87430.8
23791.8
104605
130655
91947.2
28837.5
98810.6
16801.8
68297.9
135061
40274.6
34889.2
93897.8
75469.4
19544.7
112670
88057.2
24728.2
62926.3
46793
134888
73055.1
32693
197447
58861.8
81890.6
90531.8
84604.5
65204.4
32327
25274.1
38517.9
53047.9
97079.4
60720.3
90190
66755.9
30421.9
94848.5
35338.8
49750.1
41991.4
12095.5
133483
44474.9
36934.9
77277.2
73359.7
68223.9
42441.1
43152.3
73824.3
63058.4
149201
80169.3
65637.2
45073.3
92891
5837.49
40705
10172.3
33123.4
85797.6
71657.7
80009.6
47502.2
94764.1
46243.3
61556.9
92134.6
8059.48
61196.2
37792.7
30460
94953.8
22927.9
54026.3
110951
49166.5
51923.9
18536.2
28515.6
9659.24
54892.9
52966.4
45492.4
60003.9
135803
59108.8
21700.2
98286.9
25026.1
46050.6
26897.6
9367.33
53808.6
39997.5
85930.4
57642.8
86796.5
68474
21403.2
38860.3
64181.2
34283.3
86454.1
53758.4
104392
61908.3
63432.5
61440.6
30795
38068.4
50252.2
23810.5
49142.9
64784.6
18125.7
44929.6
64620.3
80558.3
19708.3
39989
17596.2
101674
15080.4
22294.6
13455
77971
43994.5
80719
117127
47073.5
45745
31003
61638.2
76655.9
37606.1
39882.4
48072.3
44644.3
95175.6
23803.8
58675.7
67960.7
50751.3
38353.5
47029.7
48662.3
