8194131
421985
881485
848475
560730
4.66864e+06
786908
399747
1.55178e+06
279944
214970
385352
289473
925941
104657
262516
438746
193198
1.49126e+06
54168.8
319694
306948
427970
565580
330453
363758
151949
347051
773345
166446
226323
260865
342571
205610
253083
65983.1
450947
122323
137075
117493
27426.4
296858
284015
32087.9
21237.9
233165
322152
134449
171718
241889
132976
103468
214044
17483
96219.4
179649
56109.5
99825.9
143159
321005
142463
122379
83432.9
143407
105185
205155
90358.4
42210.3
234948
199795
159928
136818
111853
260195
71534.1
153996
33704.9
70667.1
127234
80474.3
116629
68070.1
79012.2
238478
30867.8
48424.1
103094
34381.1
183287
74670.7
26739
97848.7
16575.1
82154.7
101922
109604
205044
36568.5
138829
58132.8
18364.9
56493.5
43775.4
13082.4
121835
31579.7
160394
54103.9
6921.85
146519
42636.4
147613
15217.8
33823.4
140251
23168.7
46445.6
91875
47629.9
187817
29118.3
103755
34467.7
60390.4
79516.3
37975.3
48007.9
72783.3
46123.9
161110
53245.4
36901.3
38382
53418.7
43471.4
106224
11459.6
140627
50631.3
117583
88669.1
56442.4
59252.6
57716.9
57175.6
93024.8
69183.2
87701.6
47119.4
65667.1
102056
21338
84503
67230.5
47933.7
35410.8
38616.4
29763.4
96762.6
58667.3
118006
19507.4
79774.1
33481.2
63859.3
35552
75509.9
54137.1
58470.2
86157.8
57502.1
93917.8
31048.9
42266.4
53553.8
60697.1
67748.5
39894.9
35095.1
63772.5
85653.7
133157
38311.4
31804.2
66015.9
62444.2
31331.7
63601.1
47659.7
134263
93030.9
79914.5
41677.3
19495.8
53384.3
66033.7
54793.7
42838.3
19692.9
103714
63152.8
4478.09
45680.8
55224.4
50674.2
71770.8
23551.7
79849
49948
19930.5
53273.8
18594.2
116597
42827.2
15674.8
44532.2
22197.3
49212.7
42850.5
29846.1
78179.8
58368.9
82733.5
60758.1
44025.7
18789.7
50491.7
23518.6
26962
32790.8
147504
82219.1
58110.2
36631.4
45115.7
54385.3
101414
31766.2
32829.5
31236.7
103098
71233.5
56595.7
65120.2
16600.8
11895.2
84708
37430.4
24381.2
56278.4
23757.7
39573.1
12558.4
116164
2208.2
38036.4
