8682973
306507
637952
314416
312143
4.93317e+06
224971
267506
623078
227374
273111
265144
564167
289201
364424
1.37823e+06
255549
212721
520907
241294
244015
215628
489834
198599
378852
488541
291353
100423
416753
202518
255488
151635
380712
178695
377469
142030
309181
29298.5
256543
65356.8
203560
128555
302521
144624
297826
152554
249099
70950.9
142089
68989.9
182014
103689
240690
152978
203775
177481
163176
126477
103097
149008
153263
68648.8
197464
163661
96090.1
127719
49080.4
154503
89020.7
187355
148971
30228.3
125742
162805
80343.4
87310.5
68753.1
153715
90931.5
160129
130438
42919.3
50828.2
126781
117167
44582
122705
144171
45160.7
124683
88041.5
56185.4
29568.4
72563.3
142572
33883.2
152718
121367
15510.9
88358.7
72845.2
73297.9
50977.4
41273.1
144251
49342.6
118741
94890.7
50503.1
104187
72048
53097.8
58851.9
28920.8
124069
100714
68236.9
63128.6
56537.3
128891
80009.3
24799.8
44504
21333.5
103340
131787
1846.19
46743.1
32635
113965
68233.3
40673.8
20439.9
38751.6
85473
143534
44574.1
49817.6
16808.5
72537.4
55160.5
56042.9
8918.62
46371.7
79352.8
132420
59166.1
59879.2
62011
29927.9
53104.5
64251.1
25264.9
46233.8
74867.2
93198.3
41062.5
56416.5
103100
45449.2
64922
57398.7
47225.8
35657.1
63061.5
53832
12128.3
39781.9
113096
70544.3
79786.5
41866.3
68389
36995.6
53345.3
32370.9
17225.8
30629.9
99448.6
70764.3
70212.7
7706.74
88474.6
53296.1
46342.5
51869.5
44271.8
30657.7
65563.4
61279
49027.2
19030.2
99309.8
61994.7
54485.9
68086.8
46393.6
31390.2
15653.9
69608.5
32609.5
41155.2
77390.6
65558.8
65048.9
75742.4
35800.4
26222.8
23654.2
86006
29384.5
52466.7
44138.4
58964.7
66159
70556.5
26756.1
21168.8
60099.4
82667.9
35756.4
62230.4
10839.9
55687
64365
65461.2
32225.5
33823.5
66507.8
61363.8
23411.1
56979.1
52651.9
72188.7
53325.4
43868.7
37268.5
41953.7
66043.6
35303
26139.9
47673.4
76663.6
77868.4
39923.5
39055.8
35586.8
42565
56600.9
41961.3
55044.4
19585.8
79807
67394.3
46464.2
38607.6
