0
14469.7
6266.1
14272.5
37928.8
160484
15984.7
10031.8
16251.4
21502.3
15795.9
12552.8
19457.5
27963.8
2365.05
9350.17
24767.4
22158
15286.2
9208.08
19574.4
34661.2
23261.6
29955.9
3311.12
17563.2
12464.5
14693.5
20299.7
20729
3457.69
24954.4
16109.8
15314.5
17423.6
7829.62
13584.4
9375.15
10785.8
15584.1
8340.62
6099.68
10194.6
7776.25
3495.94
7548.99
5279.23
7324.01
8184.76
11742.1
1101.8
7496.27
7998.41
3224.68
4307.03
8706.35
12445.1
5347.69
4438.78
2402.51
12913.9
7602.47
8864.82
5298.55
12264.2
8118.82
8048.66
5952.35
15672.4
2907.14
3082.03
1970.77
13276.2
9475.82
11656.4
6375.33
4256.82
1658.19
5987.99
13846.4
9989.52
5055.79
2001.47
7508.83
2764.95
1629.48
7579.97
3917.2
5592.01
7778.54
8024.42
6528.89
304.644
2598.11
3620.1
13094.4
8108.58
4638.08
8420.8
7531.33
4363.82
3110.97
3680.12
2830.92
1356.23
5460.95
4091.36
4558.36
6527.47
5791.6
3338.38
640
4280.54
3374
909.249
5666.66
3062.13
3447.77
2987.75
6953.44
5732.05
10384.5
1412.99
7729.57
1280.55
1827.98
5741.26
459.309
0
1043.03
5266.4
1730.66
8645.07
2695.07
2940.86
7855.98
3780.7
4200.35
1382.61
1723.52
3089.54
4926.14
1623.34
7064.24
1075.9
1665.04
2521.45
1788.95
5916.28
3996.7
2370.88
4403.34
1458.12
6096.02
2216.2
3085.33
400.731
4125.67
1539.94
4329.94
2712.12
2145.7
2949.42
1879.92
2384.36
3333.71
5849.12
4961.48
1752.44
4133.61
1578.01
10820.7
2031.94
4392.42
3049.71
3307.14
1463.67
2000.98
1494.81
413.963
1228.67
6656.69
9392.29
5287.04
4817.27
873.916
2439.12
3239.96
3042.11
6160.43
725.342
7819.63
4275.76
4628.98
4997.02
3482.9
5002.69
2700.01
813.022
1056.87
2924.92
1563.02
1796.32
4374.91
4606.8
5263.25
858.625
1590.9
1666.94
2377.16
3368.16
3702.83
1493.45
1027.82
2404.22
2205.13
2366.78
2113.17
5699.48
2813.42
1444.62
1520.2
6389.42
4815.52
2365.61
384.688
1561.08
2218.29
768.173
333.757
3656.9
1108.13
854.385
3086.25
882.388
1650.91
2335.96
3068.53
1427.36
2003.05
2478.33
7787.99
1319.02
167.359
2282.82
5947.23
1464.33
3274.22
1514.96
6502.9
3112.82
2368.57
2917.56
2155.87
2655.88
805.04
