9103036
286177
174922
643551
513826
4.70252e+06
578269
415887
281602
138023
699420
150518
436091
607391
684939
923112
403462
280922
253942
98586.6
556570
149260
500605
335121
912293
175527
158545
285798
66464.1
283171
341172
307033
310471
319908
876184
63942.6
230362
123622
150343
308150
186902
208662
25764
350441
529558
154839
169726
91671.7
182399
286675
124715
21059.5
136653
230916
193986
104940
50299.5
140061
167792
262888
82315.2
72974.6
182065
232047
62922.9
60453.8
43091.1
104675
227904
205488
72793.3
8526.39
240393
192357
5611.52
121714
61502.3
134002
274051
177034
51685.1
84711.3
191748
53898.8
44125.9
98860.9
123466
138204
260664
171830
134158
74431.7
59057.8
80426.8
70067.2
88712.9
119102
89456.3
186987
176231
134140
80379.9
23945.7
88966.9
101501
62677.6
90334.1
32058.4
107243
121920
99267.5
115898
29179.1
76617.1
55865.3
74919.4
102848
79760.7
69868.5
81097.6
82156.1
77472.2
100213
112310
44356.8
85176.1
114268
81494
103398
112587
17063.3
99821.4
114041
173688
78813.8
58328.4
87922.8
29122.2
120307
78051.6
76591.5
103379
74690.1
180982
49773.6
84022.4
29831.1
16860.1
56762.9
56081.2
88211
42621.4
58456.7
105021
49664.7
113081
10842.1
11488.4
34751.8
51422.8
58387.6
17117.4
90365.3
16989.1
51572.8
100018
18523.1
40284
63497.6
17038.2
81997.7
16157.1
119183
26460.7
26876.8
62670.2
52418.4
21499.8
47676.8
34233.5
74184.4
27199.9
88510
36184.1
60628.9
59779.2
58840.5
65963.5
36317.3
43428.5
54867
48667.7
27030.8
54756.8
92443
46331.2
70517.3
111749
20950.3
98913.9
48656.7
99934.1
51597.4
62506.1
76497.1
17347.9
79664.5
87595.9
72818.4
108080
80161.7
115137
50000.9
52184.2
46392.9
62695.7
32931.8
33418.6
77311.5
70923.7
97469.7
63495.4
41757.6
30374.7
69574.8
63870.4
47270.1
10313.8
48108.6
58197.1
78795.3
24598.6
41101
26590.7
56923
67272.7
70075.2
61131.7
64341.2
83938.8
86025.1
46273.8
35261.9
48042.7
33982.5
60032
32965.6
91154.6
52224.1
116532
81878.3
37711.8
47810.9
102168
37031.7
71411.8
