13252221
246230
173611
462440
425347
604832
1.78109e+06
723315
252701
25184.6
144833
415306
1.14385e+06
2.01522e+06
576675
223446
391874
354071
208186
2.11391e+06
155399
82838.8
129467
327562
297241
1.04897e+06
115594
70228.8
69183.9
120284
244301
497023
966387
215331
76191
192938
244230
184241
314145
218952
189270
164727
19570.2
131710
321076
191970
102532
31558.8
78497.9
176448
387645
632173
167013
23519.6
169167
167303
32270.8
845169
38439.7
75013.8
117197
148142
83278.7
356039
198060
30320.7
31710.1
125685
193387
345273
575246
77226.2
61438.5
142601
155301
129475
239139
175083
96737.6
83737.5
58398.3
117203
265116
142973
95780
31136.8
45066
56611.2
154328
351854
129999
61952.6
95716.1
111373
85930.7
474208
49709.3
54216.7
61864.9
70772.4
54629.9
156997
129589
73935.8
45780.6
106950
118830
244164
291137
34322.4
65385.4
107930
51116.3
58327.8
166656
122772
64540.3
60356
64736
123225
121994
52842.6
106463
52694.9
89885
48528.9
40063.2
160989
135045
109048
48385.8
77056.1
131333
230571
19708.3
20603.3
21040.6
38193
75678.3
155986
29762.8
145881
72273.5
62064.3
99972.4
144504
95721.8
23683.6
109032
134935
10963.4
12326.1
157537
64459.3
95546.3
39462.5
37141.7
164707
6109.27
52407.8
95700.9
109395
116974
74636.5
98152.3
75866.9
128617
114311
54728.1
79000.7
135134
126856
65366.9
34207.5
81188.7
47443.4
81544.4
179410
72559.2
153424
65625.2
46618.7
115674
57297.9
40406.3
26005.8
123473
150044
33564.2
50694.9
167947
31450.6
65594.6
21197
8381.13
156073
61558.1
108513
59579.7
132242
111896
38306.2
110712
91189.2
93632.9
81238.5
87492.6
84598.7
96104.6
90587.7
115600
16028.8
88220.2
76074.9
76038.4
150577
73916.5
108016
47463.7
65786.1
84242.3
26362.5
68035.4
72614.5
97573.1
113067
77473.9
35317.7
132997
47794.6
27624.2
29815.6
9742.16
83004.9
68418.4
108606
47376.9
132717
79434.4
54098.7
85200.4
41637.8
43312.2
40193.1
73921.8
75528.6
78107.3
31153.3
118666
43597.6
75433.2
89709.8
60506
90221.7
32077.3
66728.8
