5818407
759392
957114
1.19325e+06
2.5889e+06
2.01648e+06
1.28532e+06
523281
262365
524633
294534
227492
303759
805869
1.01672e+06
300280
234043
891626
2.19075e+06
708387
240779
50222.9
458362
73499.1
165891
180182
267141
221119
542498
277227
274560
399119
575788
73911.2
197239
210634
369379
226135
220601
142386
830899
811074
143268
153459
282936
315274
68297.1
258802
189775
489981
227387
152739
161445
136883
392241
384579
155301
113535
164132
153301
389945
99630.8
154121
222832
112977
30529.8
156226
231107
117660
140255
118223
238746
444532
242872
158273
105895
265270
160501
137744
88653.5
31962.2
67770.7
121891
68409.7
127853
212289
280865
229109
42776.5
125197
106774
73194.6
149946
24092.2
234427
165587
114966
141413
49346.1
190447
40239.5
23683
29271.1
39349.8
35641.2
134549
240336
216842
150903
198038
169330
128964
49217.4
122757
86663.5
94896.9
70738.8
118879
136242
109366
178993
45548.8
10463.6
23730.3
63027.2
52165.1
30296.6
55815
176411
192876
167147
55846.4
181119
141910
101744
32512.9
47949.4
34581.1
40121.2
112415
74091.1
87286.6
94530.7
18668.6
83377.3
59048.6
41734.9
22136.9
85272
62786.5
13516.1
95019.5
89996.8
55418
136737
77861.5
10954.4
17014.7
31368.7
41889.2
97939.7
116946
33951.9
161870
153688
76717.5
51809.1
40281
58329
43335.6
17643.7
130935
106296
101758
104982
70486.6
31399.9
56594.3
135646
101895
81892
57197.9
22065.5
109100
58630.1
126047
124604
152576
89846.9
39607.4
83694.6
135595
62407.7
20333
135308
119418
109462
43973.4
84839.8
58857
101461
146311
70463
67334.5
16663.4
9683.8
77700.9
18269.8
82222.1
45724.2
30919.8
62624.1
87181.5
127531
58292
20539.6
46491.4
102843
122566
122984
99397.8
102775
100434
40470.8
81744
36839
37639.9
11581.9
7106.07
69523
45678.2
69453.7
177422
89756.2
72207.3
67188.2
47210.5
65750.3
79246
40579.2
34105.9
112126
113509
25652.3
60243.1
58228.1
92745.4
12785.2
57227.8
60771
16826.8
51633.4
100000
84322.7
105739
114044
