0
14478.9
6112.43
13749.9
37721.1
153925
15584.9
9763.48
15783.4
20607.9
15636.2
11905.6
18693.4
26466.5
2365.05
8827.69
24767.4
22067.7
14767.3
8848.95
18248.6
32729.2
23099.4
28656.8
3311.12
16646.8
12142.7
14324.8
20097.2
19823.8
3457.69
23883.4
16109.8
15046
16493.6
7692.26
12922.7
9082.29
10428.7
14954.6
8340.62
6103.51
10033.1
7461.28
3495.94
7254.6
5105.55
6926.68
8184.76
11293
1101.8
7206.56
7998.41
3013.34
4170.09
8328.67
12445.1
5339.88
4438.78
2400.39
12241.8
7274.66
8524.25
5093.42
12264.2
7815.84
7733.17
5679.48
14897
2897.56
3082.03
1968.61
12984.4
9034.5
11284.2
5956.11
4256.82
1657.71
5987.99
13293
9780.4
4770.87
2001.47
7246.95
2764.95
1629.96
7419.56
3921.18
5592.01
7488.89
7698.89
6328.5
304.644
2601.75
3451.91
12847.4
8108.58
4418.41
8127.1
7179.62
4363.82
3045.6
3680.12
2691.17
1356.23
5212.87
4091.36
4326.75
6098.26
5525.45
3287.8
639.515
4280.54
3209.43
909.664
5386.45
3062.13
3275.84
2988.13
6624.4
5732.05
10125
1412.99
7411.66
1282.81
1757.8
5654.13
459.07
0
1036.29
5263.34
1678.58
8587.75
2578.4
2840.08
7640.44
3780.7
4015.18
1382.61
1625.89
3089.54
4668.13
1623.34
6694.84
1075.9
1663.01
2521.45
1707.7
5514.04
3778.02
2366.05
4191.73
1458.12
5806.5
2216.2
3010.42
400.731
3944.55
1539.94
4137.69
2712.12
2113.38
2748.91
1872.3
2384.36
3208.33
5617.08
4754.29
1752.44
4060.92
1578.01
10372.8
2031.94
4238.95
3049.71
3141.77
1463.67
1999.65
1494.81
413.098
1228.67
6218.83
9072.25
5036.97
4817.27
876.216
2439.12
3241.11
3042.11
5907.23
725.342
7511.66
4275.76
4459.74
4796.81
3348.51
5002.69
2702.62
813.022
1054.33
2924.92
1466.67
1789.97
4076.51
4606.8
5083.85
856.005
1587.48
1666.94
2202.45
3368.16
3561.39
1493.45
1022.61
2404.22
2209.23
2366.78
2112.19
5490.51
2730.52
1444.62
1531.09
6050.47
4730.68
2365.61
383.094
1561.08
2141.35
768.173
333.182
3656.9
1107.94
854.385
2971.44
882.388
1509.58
2335.96
2939.44
1427.36
2006.05
2478.33
7386.64
1319.02
167.171
2282.82
5661.4
1464.33
3104.85
1514.96
6361.5
3112.82
2255.12
2920.36
2078.21
2654.11
797.713
