8547319
351000
718556
1.70654e+06
814608
3.88935e+06
255488
1.79729e+06
657723
765232
451378
558325
349970
1.20586e+06
580642
345847
201003
274969
418358
632074
857645
405751
638056
292357
40390.9
353142
318090
144391
72785.1
164599
225765
132329
633622
374062
344855
342302
441713
242944
455986
449520
306043
279993
125729
31792.4
209703
250027
290992
188817
207675
224283
280105
252954
225875
81306.9
265304
259902
79696.5
247637
205465
115089
53321.1
371881
282888
67828.7
162668
53640.4
227768
137494
104062
141723
106603
58738.9
180952
158144
213402
240203
111898
87943
19442.9
215987
205917
100243
206747
40711.9
232459
133494
23357.3
208806
72388.1
42518.8
63313.3
159795
205664
175113
96653.8
13759.5
84299
55210.2
102671
89570
20159.8
81012.8
97119.5
63382.8
85241.7
88228.6
108419
125782
67146.1
75147.9
91924.5
159938
73855.6
76803.1
97653
52518.8
92016.3
131328
161010
71357.8
61788.3
147559
108090
106470
146350
123101
27967.7
96480.5
118037
133740
75789.1
137663
107700
35814.2
134913
112567
65539.1
42320.1
11454.8
130157
103148
160629
112650
92039.3
87291.4
68002.5
146517
66993.3
155127
136985
44088.8
34847
23418
136124
61959.1
60130.7
115964
70426.6
58401.3
105382
80162.6
27300.7
75403.1
99301.7
135123
17817.5
145552
121051
7606.31
100228
36804.2
155050
103224
29056.4
134766
5964.48
60930.5
67804.5
74163.7
59730
31312.8
173246
21011.3
111459
123311
65562.7
87638.7
21681.2
73885.5
51957.9
98622.8
25036.2
44578.8
45733.3
28497.6
47196.5
54498.6
85554
47227
45365.5
50982.1
72719.9
33233.4
63774.2
68849.6
36606
133053
67109
120544
26821.1
49320.6
51315
44843.5
80597.1
33750.9
17655
42531.3
21882.2
143561
57246.6
46547.3
73977
51700.2
51594.5
58789.8
113112
67431.3
107429
78856.8
11489.4
46054
67587.9
27368.7
7572.37
65166.2
23998.7
118363
65786
28287.7
61892.6
42330.2
59441.4
27025.6
173927
108848
58314.1
84353.4
76135.4
66853.7
78080.3
93078.7
70748.7
63721.8
73026.6
41721.2
29318.1
