7860192
924435
1.25208e+06
1.78085e+06
1.00614e+06
3.65429e+06
988271
764203
1.36064e+06
952727
1.44788e+06
393786
401070
632438
299475
205692
108806
616552
333651
573562
676983
408781
353724
264664
597268
258262
284153
193899
187281
268249
170084
237166
275898
215188
528276
180817
150975
62202.9
95781.4
147864
295322
159720
166989
228307
232430
120973
241908
73852.4
86643.6
388940
136299
99532.8
123082
156361
111799
87297.8
54996.5
192829
183308
54901.6
114912
172417
145843
217557
44406.6
188086
119804
23732.3
173989
183792
79761.3
122459
100011
125727
105352
80382.5
95800.8
57764
109822
173741
81925.3
95780.2
160352
73662.2
187213
76516.7
39385.9
16151
109476
76983.9
123313
58674.3
33729.9
50112.8
147911
24967.8
65920.5
171765
127963
102174
75712.1
62511.4
52017.8
21349.8
92742.8
63543.5
92007.2
76864.2
131240
95548.8
31731.3
74238.4
70301.5
107913
11532.6
85313
48439.5
47114.7
97899.1
74629.7
89439.8
30965.1
32565.6
192721
56720.2
47113.5
60461.3
26645
73205.5
53129.7
32898.4
47993.6
74948.2
87017.1
7178.1
65773.1
102325
91544.2
125856
29556.8
53547.6
55233.4
40142.9
50983.6
44541.5
65269.8
45986
96968.5
55474.3
29904.1
43522.2
54194.1
129206
12109
64657.3
78999.2
57918.7
71220
42752.4
28545.6
51722.8
25601.1
89128.3
84979.5
88622.7
36542.3
10040.9
55348.3
37237.2
60951.9
19395.2
112732
83712.4
20732.6
46734.1
26459.9
62919.7
98252.2
23077.7
80269.8
69425.4
41378.2
11057.2
27745.2
55347.2
60427.1
95092
37065.4
25738.1
47571.8
32744.4
87755.8
53846.9
81882.6
59715.6
35074.4
42134.4
49171.2
49638.5
56543.9
65399.2
50110.5
58023.1
43159.7
51718.5
30389.7
32577
68532.2
69555.1
47684.8
66574
42552.8
81504.6
51244.2
9552.51
66360.3
21670.8
46809.2
69523.7
39380.2
46704.4
47793.8
48390.4
47613.1
23348.8
72234.3
77077.3
53283.3
23435
57797.5
75679.3
46256
69270.2
18375.3
47746.9
11370.3
42425.4
73404.6
62777.5
52819.1
10164.9
51067.6
23354.2
56851.1
37972.8
53772.3
91516.2
67270
37305.9
12583
23280.6
77285.5
61051.4
53593.4
67349.9
20697.1
