7642100
312712
330116
531483
417765
4.56711e+06
612796
121933
1.02993e+06
379516
280083
260926
796182
23030.4
383993
1.40565e+06
178039
500464
585166
282125
604511
311903
414880
526672
458155
552958
460028
246308
630132
65854.8
334388
190006
178676
142660
134239
128948
83157.7
258606
452452
232758
77278.7
163512
194604
329052
209548
243426
34033.5
144741
187464
190874
92443.5
225412
117480
216079
137905
223497
115212
67847
39123.6
187737
89170.8
265316
175774
155698
101206
240767
178831
95589.9
67609.4
46887.7
200323
115267
91404.2
39465.9
79137.7
54169.9
253526
29024.7
196341
85915.8
27263.6
164180
91224
131272
97896.2
47341.4
88828.5
129282
146687
226956
114679
46129.6
108414
102623
26690.7
67956.3
90643.5
78307.4
70032.1
216664
30703.7
34902.9
30510.2
85681.2
41676.8
65546.9
20471.4
73303.9
24109.8
220522
18132.9
53907.9
41574.3
21934
73236.7
84998.2
83784.8
29678.6
33662.8
163814
73696.9
40805.7
94010.2
56968.8
79008.6
32986.1
90226.5
102245
146501
148723
20464
116677
82688.1
52972.6
97287.5
39873.8
6516.01
48217.9
87778
65048.8
59517.1
71275.8
142250
16254.6
3067.4
25111.6
42678.3
69449.3
88072.2
72660.1
18128.7
97067.4
77958.7
55448.4
30863.7
67440.7
57121.1
52264.6
45499.9
85401
36564.7
84093
23758.3
70285.2
50798.7
103794
97913.6
73362.4
46276.7
87701
4983.59
4446.56
41908.5
75760
117097
97334
62798.5
45758.7
40205
58735.5
78349.3
49005.7
68477.7
30438.1
80206.9
77204.6
44718.9
63419.9
32423.3
48346.1
49697.3
51289.7
90531
71848.2
58951.4
70927.8
46123.7
97257.4
25365.3
51983.8
24689.6
82838.7
41394
77304.2
31218.9
18523.7
34431.5
86129.7
26351.8
51795.9
22090.7
88282.6
25066.7
109372
35361.6
39460.7
52003
37374.2
60346.9
64898.1
43068.2
35039.4
38137.8
69746.2
93728.8
12160.5
27566.9
49802.3
5774.44
52178.5
56596.6
68961.6
94969.5
104560
66574.4
92836.2
3000.71
30649.4
50996.8
31160.4
20545.4
58370.5
98243.9
71735.2
54026.3
58278.2
68785.2
64682.3
19860.5
44072.8
18086.9
24875.9
59974.1
45914.8
27690.4
73045.8
