0
14679.5
6433.57
15088.8
38295.6
171993
16711.5
10398.2
17060.5
23130.7
16066.8
13713
20815.6
30593.2
2365.47
10182.9
24767.4
22262.6
16203
9872.03
21927.1
38123.1
23500.5
32308.9
3311.12
19173.7
12965.8
15442.8
20639.9
22309.3
3457.69
26914.5
16109.8
15793.2
19112.7
8048.85
14752
9912.63
11468.9
16681.2
8753.35
6191.19
10520.3
8318.54
3495.94
8045.09
5548.25
8037.95
8184.76
12556.1
1101.8
7969.78
7998.41
3636.73
4526.75
9439.36
12746.1
5423.01
4438.78
2400.39
14123.2
8205.96
9508.08
5650.83
12264.2
8611.59
8593.26
6412.25
17114.7
3036.63
3082.03
1968.61
13803.8
10225.7
12271.5
7207.53
4256.82
1657.71
5983.35
14818.6
10583.1
5555.36
2001.47
7996.6
2764.95
1687.92
7784.53
3921.18
5592.01
8321.41
8544.15
6888.78
304.644
2601.75
3991.42
13432.1
8108.58
5028.75
8935.75
8115.28
4363.82
3218.36
3743.39
3118.09
1356.23
5854.46
4091.36
5034.56
7395.18
6256.13
3582.94
636.567
4280.54
3728.98
909.664
6191.48
3062.13
3784.26
2985.78
7450.91
5795.25
10796
1412.99
8274.5
1283.65
1908.14
5922.96
445.647
0
1064.59
5370.59
1825.69
8702.1
2808.49
3061.77
8172.19
3780.7
4552.16
1382.61
1897.67
3089.54
5375.43
1623.34
7710.94
1075.9
1663.01
2521.45
1951.03
6663.62
4396.92
2366.05
4753.12
1458.12
6660.2
2216.2
3232.5
400.731
4428.33
1539.94
4676
2712.12
2205.23
3306.62
1872.3
2384.36
3504.72
6244.29
5364.18
1752.44
4312.42
1578.01
11656.3
2031.94
4645.06
3049.71
3624.16
1463.67
1999.65
1494.81
414.334
1228.67
7533.94
9874.42
5713.86
4817.27
876.216
2439.12
3334.98
3042.11
6639.89
725.342
8329.89
4350.64
4879.15
5356.45
3729.79
5002.69
2703.36
813.022
1059
2924.92
1684.4
1789.97
4891.83
4693.06
5531.27
856.005
1587.48
1666.94
2612.36
3447.38
3956.18
1493.45
1022.61
2404.22
2209.23
2366.78
2224.34
6080.15
2988.95
1444.62
1531.09
7012.78
4958.53
2365.61
384.246
1561.08
2413.9
768.173
336.555
3656.9
1107.94
854.385
3314.4
882.388
1820.59
2335.96
3352.01
1427.36
1997.8
2478.33
8541.41
1319.02
168.107
2282.82
6511.19
1443.26
3491.44
1514.96
6759.67
3211.45
2539.7
2972.67
2300.21
2727.13
814.764
