7809436
28826.3
133741
948310
311362
5.06781e+06
341039
859202
220400
175976
507637
122391
274585
868080
196438
1.15413e+06
372000
643999
326309
246361
361643
177807
378370
694071
78718.2
244534
307991
318668
301595
206978
165869
196757
344363
479297
213105
137116
262530
198811
181550
184132
124335
216077
198215
266076
271356
182111
203318
240486
32029.6
75874.9
124401
218937
18411.3
129724
272534
96067.7
107260
232095
128633
87868.9
42827.2
229111
120603
54891.5
179835
21877.8
28892.1
134445
170810
111826
62301.1
203404
209825
20090.1
94257
23605.1
57751
23121.9
124832
108782
132495
156419
203926
42997.5
1929.7
38271.7
84705
39642.8
41741.8
132274
127862
108098
185079
31447.5
49335.2
71646.2
75509.6
39479.7
38303.7
162534
82038.4
91320.6
151737
35378
55717.6
73375.2
51722.8
13418.7
54494.6
136053
108747
104240
98089
73921.7
45382
56210
32894.3
66302.9
39388.3
83164.9
143607
105072
47954.1
73200
43630.2
38482.5
34695.1
80641.8
92667.8
21650.5
131075
97772
53596.9
23127.7
63457.8
52860.4
20356.8
58729.6
139095
26078.8
62815.2
74826.3
55251.9
46139.5
85465.1
33788.9
10404.6
43067
135468
40614.1
21111.5
30781
28982.3
97260.3
91199.6
50521.2
26900.1
27387.7
108966
50657.8
47518.9
15055.2
52556.4
84103.8
74920.6
88677.5
37913.1
35909.3
63927.6
67990.7
36031.6
15740.8
89401
49794.7
49456.3
97167.1
44161
71543.2
36793
72488.7
44034.9
10464.4
69689.3
20403.5
38373.7
55619.9
55466.9
102143
32558.8
53398.3
83207.4
13559.2
29411.7
40642.7
40266
30506.2
67363.9
96927.8
28468.4
29228.9
89761.9
40985.3
24947.5
28056.2
16955.2
87037.2
72474.9
54536.3
22441.6
13793.5
70847.5
56312.2
50555
11427.5
46618.2
108755
57451.4
5050.11
47052.7
23392.3
33764.4
65197.5
30453.6
38438.7
75987.2
91526.6
32233.8
36680.8
74186.7
33308.4
10402.6
53119.6
8966.06
53374.3
72258
58026.3
24600.6
40043.1
91297.2
44861.9
45157
44048
57260.3
36394.7
33071
48614.6
54792.5
27434.5
75420.5
46066.8
76304.7
36465.9
77171.9
28592.4
33289.2
33752.5
