0
14399
6159.71
13933.4
37790.8
156095
15725.9
9856.22
15941.1
20889.8
15695.6
12105.8
18950.6
26954.4
2365.05
9012.3
24767.4
22087.6
14939.5
8979.6
18695.8
33357.6
23148.7
29091.9
3311.12
16926
12247.9
14438.9
20162.6
20112.3
3457.69
24253.4
16109.8
15132.4
16784.1
7743.82
13141
9173.69
10546.4
15162.9
8340.62
6099.68
10087.7
7563.48
3495.94
7346.64
5161.78
7059.33
8184.76
11428.4
1101.8
7315.77
7998.41
3069.97
4215.07
8448.14
12445.1
5339.62
4438.78
2402.51
12475.3
7367.75
8632.15
5165.95
12264.2
7940.53
7820.05
5771.01
15146.2
2900.23
3082.03
1970.77
13068.7
9189.16
11404.5
6094.02
4256.82
1658.19
5988.49
13464.4
9780.4
4861.39
2001.47
7341.63
2764.95
1633.54
7477.98
3917.2
5592.01
7578.35
7798.73
6393.72
304.644
2594.96
3503.77
12928.8
8108.58
4481.09
8220.08
7297.22
4363.82
3056.86
3680.12
2722.05
1356.23
5304.54
4091.36
4401.18
6242.88
5613.1
3287.8
641.568
4280.54
3264.78
909.249
5486.75
3062.13
3334.9
2987.75
6737.61
5732.05
10200.1
1412.99
7534.66
1278.51
1784.6
5687.59
462.05
0
1040.17
5266.4
1694.41
8604.03
2608.88
2863.51
7709.69
3780.7
4083.83
1382.61
1668.78
3089.54
4764.91
1623.34
6809.33
1075.9
1664.02
2521.45
1741.63
5642.36
3856.32
2370.88
4255.7
1458.12
5902.34
2216.2
3040.2
400.731
3998.19
1539.94
4201.38
2712.12
2125.39
2824.22
1879.92
2384.36
3239.33
5680.5
4838.14
1752.44
4082.98
1578.01
10530.9
2031.94
4280.6
3049.71
3194.06
1463.67
2000.98
1494.81
417.642
1228.67
6357.72
9163.64
5110.76
4817.27
873.916
2439.12
3239.96
3042.11
5990.67
725.342
7616.17
4275.63
4505.11
4862.35
3394.83
5002.69
2700.01
813.022
1056.24
2924.92
1477.08
1796.32
4164.15
4606.8
5139.97
858.625
1584.32
1666.94
2262.13
3368.16
3612.56
1493.45
1027.82
2404.22
2205.13
2366.78
2113.17
5555.13
2749.83
1444.62
1520.2
6158.93
4745.75
2365.61
382.953
1561.08
2169.67
768.173
333.287
3656.9
1108.69
854.385
3009.21
882.388
1541.36
2335.96
2985.17
1427.36
1993.58
2478.33
7522.61
1319.02
167.287
2282.82
5763.39
1464.33
3161.42
1514.96
6411.35
3112.82
2290
2920.36
2096.79
2653.23
799.638
