6429336
761153
226675
682448
529772
3.13138e+06
539385
2.29182e+06
712099
1.27907e+06
1.23211e+06
886720
887101
1.23793e+06
600322
802695
398062
257512
633295
522977
331524
853833
707373
391218
337555
375401
134901
133707
345167
306187
431491
368468
133611
104596
322530
442240
265092
349834
128722
164574
194236
183932
115210
218462
374691
110126
175490
282932
134980
237533
67393
275949
125198
236418
283704
274568
123641
80639.1
76908.1
170570
168304
300839
51777.9
54329.4
175650
69356
99245.5
29754.9
23735.7
241796
53396.8
110158
259490
229499
228722
139396
73758.6
231257
37717.5
87460.9
84853.2
51303.6
60130.3
121213
67762.2
106965
168221
51814.4
71614.8
127396
88909.1
143682
133566
62258.3
121463
135713
61416.3
134029
46784
133101
155945
93602.9
106552
131422
92734.1
59804.3
78400.3
50389.5
54916.2
131052
153642
129675
72462.9
129601
127346
41620.1
160026
86959.8
47825.5
66406.1
79117.6
39455.8
14723.7
116617
52312
65373.2
48262.4
45953.6
135073
82440.4
114042
51285.7
88062.6
93030.6
57420.9
95237.2
64615
22011.7
76965
46135.5
84248.9
121034
80354.3
97147
94477.4
77279.4
21917.1
53779.8
69719.1
120420
75666.5
135339
86434.2
40375.2
42440.9
36032.6
35816.1
35175.8
105675
141907
73020.4
48592.9
42630.2
78806.3
90773.7
55562.5
22379.5
85702.6
16280.6
57141.4
9147.82
36754.6
107791
28720.4
8038.7
65097.3
100161
61970.2
33885
63136.2
72865.6
105130
131280
19058
80595.5
74452.6
23331
25445.8
22990.2
97442.6
47273.3
31574.2
28827.6
78113.5
120879
4828.81
22279.9
61749.7
27284.6
135280
81171.7
35506.8
48903.7
38046.5
31031.3
44147
61502.8
64063.8
51125.8
67256.6
53475.4
141283
27346.6
56626.7
49738.8
45532.5
37202.2
74550.7
82359.6
14504.5
22242.8
44192.4
40050.8
119091
68454.3
70065
54462.1
19286.1
49896.7
16859.6
33981.6
27882.7
39325.9
108178
49158.5
83709.7
64592.8
57514.7
99598.3
97672.4
62636.6
88627.3
30384.5
38984.3
71689.6
50261.2
68464
63264.4
58411.8
81750.8
61287.5
87711.4
23863.6
47533.5
16280
45111.5
