7706152
744868
614821
697871
3.57102e+06
1.81591e+06
1.74474e+06
1.28556e+06
452029
799106
676090
275270
689285
1.61309e+06
645688
563340
655026
930423
139697
680818
768112
701513
243281
369858
579283
133857
176878
128784
384373
146863
488847
337805
649781
208573
238236
293750
283580
325867
245411
303037
262826
262807
342063
158982
221413
192222
124995
249548
125230
211278
214460
160374
178412
166676
35586.7
38003.5
64719.2
193556
382408
214467
168343
46732
161140
166141
42182.4
175328
113322
87744.7
102956
194619
55852.9
223720
85567.4
189517
136947
224041
98703.1
133247
46782.6
19428.1
42550.1
38827.9
27660.8
156449
104753
173527
177388
69542.1
166287
30295.6
42433.8
122743
144700
172153
62626.9
197395
73576.5
92737.8
114548
122306
121233
45614.2
25704.1
157931
58639.9
158013
41352.5
25046.4
88422
116724
73857.1
93846.7
38496.7
72361.3
239436
38121.5
108660
32931.9
41906.5
70431.1
42006.9
76060.7
142783
84012.2
92722.7
46551.7
152686
26863.5
118118
15719.6
61636.6
124960
52072
95982.2
110595
31681.8
150169
82768.7
53609
91301
32557.7
84866.4
65184.3
64215.5
63627.1
76319
55387.6
47051.8
86305.1
79730
100176
48372.1
45842.5
23713.6
69401.2
80578.9
72579.1
19920.5
80749.9
39502.7
54297.4
59496.3
109363
30834.2
43951.8
99351.8
25864.1
62387
14708
107148
26322.4
84137.1
35384.1
21162.7
89970.3
112767
42746.1
155685
24040.4
126259
61092.2
43823.7
78036.4
69432.1
104324
29728.8
63521
52696.3
62577.8
58461.8
88076.9
53591
56566.1
95232.3
72124.1
41846.4
46368.4
18084.8
40112.4
35606.6
65717.3
90673.5
74257.2
100704
28216.3
80467.1
38677.3
27655.7
21846.5
25975.1
70669.3
9618.48
77066.9
57687.4
89366.7
35963.1
59453.7
62853.5
49457.6
35290.8
117490
51414.2
81478.4
46002.2
33022.6
18533.3
25818.8
67968.4
34669.3
35010
72922.2
125943
49174.5
65892.8
79981.1
62730.8
74671.4
14093.2
18693.6
50037.9
121344
44412.5
10426.3
22268.7
49979.1
28482.3
23520.8
60824.4
70689.7
28198.7
51045.7
66743.4
37792.6
111168
48299.2
82614.9
