8032390
515361
760536
830910
1.58155e+06
1.21749e+06
501052
1.5322e+06
924240
573528
1.50535e+06
379165
438979
3.14445e+06
760458
791287
942034
1.40652e+06
284845
664015
734263
304831
371707
116104
758727
556379
671255
519765
488781
257067
684115
80757.5
305865
483519
296504
263286
320519
144250
223568
240508
313918
393878
145235
504841
100296
203334
217082
314283
149733
60113.5
398388
268055
222640
194524
367247
421340
170075
261692
67424.9
59372.5
500657
302698
99990.3
178886
215637
188061
263493
112850
233355
303059
130553
193363
110472
145855
213052
215786
101275
255212
81592.2
164414
186353
127404
135551
74220.6
133152
34731
98584.9
98277.3
144582
94759
97030.2
151342
300538
121549
178492
85657
132577
77568.4
177806
214511
169983
206325
39218.9
165738
126087
85304.6
149496
52115.4
24423.5
110528
143899
25862.7
87095.7
28168.9
39880.8
238178
79056
92476.4
67944.4
156296
195033
167094
118042
85080.8
120533
136927
32094.3
65380.2
118116
51095.1
127156
19601.4
99873.3
109275
158464
88879.7
52031.5
159833
96231.9
84036.5
97809.6
95525.4
129983
86642.6
133604
149208
103744
195760
81889.6
99731.7
81251.9
84680.9
31407.5
81442.1
75028
111714
132170
54224.6
127013
64165.7
89055.2
71312.8
144638
51344.7
86567.5
72670.6
59329.3
149361
48296.7
31314.5
138267
112244
90376
58331.3
66179.7
100131
121651
148495
122503
62326.2
72905.5
40381.2
48581.3
43172.7
81871.6
39043.6
195354
53976.1
129243
41505.9
74708.8
79141.5
48982.1
42911.2
76803.8
55606.9
36687.9
21180.7
16488.1
130298
73654.7
84115.8
77791.7
72737.1
50832.2
66659.2
122416
52439.9
155675
71648.4
88819.4
75275.1
95830.5
48977.2
89068.9
36014.8
56958.8
96962.6
90904.1
128702
13292.3
70237.6
47613.3
107440
136476
42194
38214
118798
81063
37708.8
78059.7
21149.5
31138.7
102512
82225.7
16805.5
49377.7
41857.4
89479.6
168789
56637.8
84959.5
63734.8
61618.2
67018
69964.2
20533.8
125521
68093.6
129646
71266.5
18532.8
59441.7
60087.4
121853
64419.6
