7151201
532856
716055
2.87174e+06
963691
2.88121e+06
945214
702312
2.5414e+06
468943
823414
383249
350974
585704
262886
80647.2
1.05152e+06
291013
401575
81550.9
161809
381488
216809
674448
347121
279153
353887
300596
38908.8
339612
210307
514765
141591
348115
278273
196115
191564
301999
92862.7
111229
183491
22132
171832
170979
248928
162378
248592
273009
144417
199512
213158
238572
84884.4
45008.5
76190.4
216236
75615.2
159426
122991
66383.1
89837.4
25720.5
221065
123404
241890
92331.4
142900
85560.5
179971
54709.5
183649
24271.6
106738
49423.7
42550.7
93953.1
225300
92393.4
47360.5
67900.3
74986.5
198996
105197
70144.7
44270
101743
10844.1
32692.3
82576.9
244251
87826.2
83655.4
69975.1
103404
91159.6
98193.2
42812
42958.5
49698.5
67216.1
33945.7
137495
142626
93384.9
52815.5
107587
76692.3
124329
27986.2
60783.9
93112.5
31244.8
56296.2
67832.5
109317
106256
35156.6
75016.7
82063.7
40086.3
161011
51067.4
25004.3
74086.4
31547.6
25295.8
29050.2
29743
139093
42450.8
104982
74718.4
75501.9
76342
93024.3
21923.4
51105.8
46496.4
62914.5
53195.8
37652
114418
55172.7
68541.4
65985.1
57953.2
65166.6
38388.2
30455
125637
26919.2
21720.6
93217.4
40684.9
73483.4
57206.3
24986.6
80957.7
29487.9
78040.1
70093.1
56288.6
90897
38613.7
31116.8
68209.1
31616.6
68529.2
51959.4
46016.7
84030.7
54221.5
19166.8
128679
56663.8
53174.4
49348.8
32435.3
27132.5
61615.6
59903.7
45412.8
46015.2
28827.6
19089.9
43726.7
82257.7
43824.5
124855
35657.7
54612
56366.5
50831.8
47735.9
25530.3
47473.4
65017
26440.1
68885.9
29346.4
30922.1
83348.7
47438.4
62565.1
78709.2
33792.4
66564.4
21260.2
42117.2
55722.7
31071.1
69237.1
79959.1
43617.8
94948.3
38645.2
43684.2
50153.4
20745.9
54254.8
29704.2
25367.7
36887.8
17815.6
43009.7
53136.5
44800.8
137882
7464.07
78259.8
10150.1
37371.1
14699.8
63290.2
15738.1
75572.9
17222.6
21876.2
51087.8
9876.68
67230.8
49829.2
75948.8
17440
43938.8
66052.9
103186
44413.6
42826.7
28059.7
43083
38312.8
41950.8
63832.9
76387.6
18592.7
