7930063
187160
688351
227731
557360
5.00763e+06
590917
43216.7
744497
56677.1
396425
326488
536576
448052
398141
1.24666e+06
423381
314976
625987
184995
261316
357450
370526
532842
143592
398272
185930
399025
469082
164128
167670
171195
299373
362671
150184
167517
196691
298226
325858
113224
118768
34138.8
294107
143657
219125
183926
279182
164887
244785
88715.4
74994.4
160567
199483
91571.9
127096
213457
215799
113887
197215
77243.9
94156.8
178002
160112
129972
99188.6
140238
132122
125848
184586
17970.5
108370
121568
181761
78531.4
158730
45211.8
64754.7
134481
175788
62518.8
70400.8
67150
153944
83846.8
142684
80097.5
66682.7
114898
153132
76839.2
55415.5
38629.3
133547
86284.2
86927.4
118405
75619.1
71098.1
131260
51189
110217
38590.8
141852
56028.2
50534.4
114201
93240.1
5592.41
95170.1
51870.9
98992.8
104121
114144
81519.2
59142.4
93377.8
73757.6
28362.7
56490.6
60310.4
53732.1
128949
44689.5
108178
97319.5
92645.9
65278.1
24544.4
65529
17464.7
27267.5
84258.6
19760.4
92588.5
134073
122308
41349.5
33753.5
56787.2
44986.3
41481.7
27670.3
21339.5
51460
123438
120216
12178.9
43572.5
33743
75129.6
71937.2
36088.6
10914.9
38733.4
87503.7
98580.2
18269.4
56252.1
56327.7
58012.2
106837
33392.4
42456.1
30846.8
49760.7
74892.7
20435.9
98257.7
61797.5
14411.3
97704.1
38924.2
41592.6
29977.7
28421
58285.7
36778.8
136542
30454
36511.3
43176.2
42599.6
6822.24
39053
25980.4
68744.7
62492.9
134540
17294.5
35546.8
18632
33472.6
30785.3
29390.2
16992.8
84868.6
67475.9
107661
28779.5
31786.8
50406.2
31292.6
55238.4
39043.3
17523
86070.1
35008.4
89007.7
39319.8
57802.4
41264.7
49820.6
44083.5
32134
59360.4
74565.6
21462.6
65867.2
87627.7
38789.7
25269.1
42139.9
28280.9
8667.23
80774.9
48445.2
40604.7
53586.5
109652
3047.52
17781.6
18999.9
44791.7
5924.12
65721.9
48172.7
27512.1
74026.6
91718.9
41868
39004.9
31113.2
70665.9
4312.55
40792.9
30590.3
47985.2
69039.6
57865
42887.1
67435.3
31184.3
80297
23244.4
39045.4
28959.9
