7081468
711524
1.89626e+06
1.07373e+06
1.01582e+06
842478
255803
896419
1.95764e+06
900584
2.48306e+06
235739
22012.2
548079
1.366e+06
1.24425e+06
488434
466109
990458
820356
471189
395023
363417
308969
683958
200597
621395
339778
577218
88760.5
619883
469236
401627
579177
107242
519091
237792
341854
100985
299110
470920
166387
347445
98163.2
185986
227244
130088
150224
213455
424163
511116
524908
174435
169021
211862
476896
45545.8
112806
116753
71715.1
78695.5
141238
37884.4
101735
68832.7
90909.8
216317
264564
118567
274023
58999.1
157421
118282
132975
354292
76575.2
165191
72512.6
13873
43586.9
254112
50988
114720
57834.2
102061
154556
237544
223875
159991
146723
135427
77510
68603
63618.4
140690
178756
85027.6
201407
123722
91287.8
239156
187321
110603
172915
129349
174618
194548
21807.3
135480
117606
44803.7
109443
41911.3
127919
99844.1
193824
107619
133796
68226.4
32260.9
124917
215617
90541.3
97176
130146
199604
199443
76850
98.2344
38249.2
26325.9
156512
32069.6
146282
90128.2
68888.6
67146.4
137833
26680
101825
98186.8
79781.5
153443
8909.96
154105
71087.8
56948.9
10587.8
85940
191486
119289
135948
75490.2
70007.3
103223
45033.3
48120.1
114112
98565.4
56860.6
22183.2
154414
52851.2
83750.9
78292.5
138266
48602
38742.6
96906.9
60896.4
138589
152906
53985.8
78153.7
68644.5
97332.3
90128.1
81985
53068
36479.2
30372.5
102292
46178.3
56804.5
107246
132400
124555
91671.1
60741.9
74667
90870.6
128825
81371.2
98744
84498
14523.7
92320.4
107613
22203.3
33835.8
123715
71703.4
23283.3
11479.5
109294
7125.74
84067.9
81057.5
36176.5
64333.2
7783.54
26168.5
90228.4
78645.1
118919
119471
52887.4
42457.5
160054
46772.2
89269.7
16086.2
100443
60732.2
142890
83281.7
77077.2
42764.6
75067
46413.2
64989
98905.1
14616.5
79020.6
63307.4
37360.6
77999.6
45037.4
101489
8236.99
56252.9
62724
64829
67864.2
76686.7
66852.1
24717.4
100588
100732
119018
21139.5
75400.9
100976
65704.3
33781.9
76383.5
