6751315
822178
878763
3.04427e+06
557115
1.9989e+06
398646
1.68658e+06
1.42024e+06
574455
772998
450983
1.83151e+06
1.4465e+06
693743
633417
817158
822488
124184
84709.3
229120
267215
436924
161417
324534
365588
516255
835394
272566
488711
282263
225230
443135
182456
333011
201813
175070
26309.4
238179
186388
332804
184614
374484
67936.4
244989
223686
127855
71182.9
183821
74579.6
95282.3
45207.9
351321
108997
198547
369828
152241
93612.4
151363
116947
47899.3
91783.1
162781
279179
150318
279580
111406
166452
73588.5
138126
53646.8
69758.9
178800
195696
139424
118202
34247.2
15366.7
180413
180801
187414
37081.8
89292.8
220137
193459
48629.9
152512
82038.4
116362
115297
126084
116081
90596.1
92144.7
109773
28593.5
68033.4
13509.5
135514
105139
30801.7
113150
117315
109027
78887.8
179801
49076.7
112404
27530
34863.7
85377.3
70686
155735
84954.3
59431.8
40834.1
124813
128831
146036
85194.5
107392
68474
70691.6
56376.4
56254.4
116997
101960
85316
118085
48608.6
95438
71266.1
103086
109938
13488.7
84407.5
97429.2
33848.7
46394.2
16810.3
84175.2
63089.4
104688
56985.4
59534
187108
55609.7
49368.5
26294.2
60574.9
41738.1
44246.2
36301.7
42637.8
44651.5
117723
65776.2
150262
116640
21657
111292
34907.1
13339.1
27884.6
56418.3
27150.6
80986.3
41057.4
90822.6
86106.6
20333.7
29688.1
80302.5
27142
82863.8
33549.1
89737.8
43563.8
3842.23
100863
67152.2
32040.1
20034.1
147323
159494
85892.4
28394.8
28680.4
59469.4
41897.7
50873.5
28142.3
87197.6
25099.3
42062.2
84016.5
10467.5
80826.9
61232.4
110332
123455
40375.8
40705.2
52051.4
23717.5
63026
14105.1
44836.2
47081.8
46539
40725.7
44946.6
28134.5
65956.2
70139.7
45639.5
62729
58446.8
38316.7
54873.6
81072.1
44629.6
95949.2
97776.9
93293.4
42391.5
53634.4
70929.5
65078.7
94260.5
45740.3
14986.2
53882.9
14817.5
15627.4
123412
46989.1
69712.9
46039.8
112179
48550.6
73474.4
89635.5
15541.6
47906.3
39936.7
12135.3
40344.9
7821.94
15932.2
126574
45304.4
36452
47518.1
36587.7
56136.4
