0
14509.5
6151.98
13865.4
37772
155648
15700.4
9837.4
15908.5
20829.8
15683.7
12071.5
18900.4
26860.7
2365.05
8970.79
24767.4
22072.4
14905.2
8948.76
18603.4
33233.4
23137.7
29005.6
3311.12
16864
12223.7
14415
20143.4
20047.7
3457.69
24180.8
16109.8
15110.6
16720
7733.64
13102.5
9158.74
10516.1
15118.9
8340.62
6103.51
10072.7
7539.33
3495.94
7329.39
5152.17
7032.55
8184.76
11404.4
1101.8
7291.82
7998.41
3058.58
4208.54
8429.56
12445.1
5339.88
4438.78
2400.39
12426.5
7349.07
8615.75
5142.48
12264.2
7917.53
7808.05
5746.05
15098.2
2897.56
3082.03
1968.61
13057.5
9152.66
11382.4
6062.11
4256.82
1657.71
5983.35
13429.7
9780.4
4834.23
2001.47
7325.71
2764.95
1629.07
7469.11
3921.18
5592.01
7557.79
7786.88
6381.26
304.644
2601.75
3495.37
12913.5
8108.58
4461.99
8203.2
7276.53
4363.82
3050.76
3680.12
2706.09
1356.23
5277.75
4091.36
4394.16
6213.74
5597.82
3287.8
634.663
4280.54
3249.39
909.664
5467.65
3062.13
3320.22
2988.13
6711.97
5732.05
10182.7
1412.99
7512.3
1277.73
1778.6
5692.43
460.831
0
1038.51
5263.34
1689
8601.4
2601.71
2858.46
7695.28
3780.7
4069.79
1380.91
1655.96
3089.54
4745.76
1623.34
6783.41
1075.9
1663.01
2521.45
1733.5
5614.61
3834.17
2366.05
4242.75
1458.12
5885.15
2216.2
3034.82
400.731
3985.94
1539.94
4192.01
2712.12
2117.55
2809.13
1872.3
2384.36
3235.16
5664.85
4819.44
1752.44
4071.57
1578.01
10492.6
2031.94
4274.34
3049.71
3187.68
1463.67
1999.65
1494.81
416.329
1228.67
6333.59
9142.7
5092.87
4817.27
876.216
2439.12
3241.11
3042.11
5976.52
725.342
7592.13
4277.49
4492.84
4846.52
3394.09
5002.69
2702.62
813.022
1056.43
2924.92
1472.09
1789.97
4149.23
4606.8
5121.09
856.005
1587.48
1666.94
2253.59
3368.16
3603.61
1493.45
1022.61
2404.22
2209.23
2366.78
2112.19
5547.57
2743.39
1444.62
1531.09
6140.04
4740.78
2365.61
383.859
1561.08
2168.16
768.173
333.6
3656.9
1107.94
854.385
3004.12
882.388
1533.98
2335.96
2978.15
1427.36
2000.65
2478.33
7484.41
1319.02
167.8
2282.82
5744.62
1464.33
3147.93
1514.96
6404.52
3112.82
2280.74
2920.36
2093.32
2654.11
798.902
