0
14272.3
5885.6
12995.8
37369.7
143573
14921.6
9430.11
15053.9
19170.3
15390.2
10892.2
17464.2
24209.6
2365.05
8105.8
24767.4
21942.7
13895.3
8291.46
16255.6
29774.8
22924.1
26577.7
3311.12
15252.9
11668.1
13657.4
19741.6
18419.2
3457.69
22111.3
16109.8
14576
14987.3
7468.12
11878.6
8639.54
9830.06
13981.7
8340.62
6099.68
9735.71
6925.55
3495.94
6851.52
4776.96
6325.07
8184.76
10548.6
1101.8
6788.36
7998.41
2680.71
3939.33
7686.18
12445.1
5339.62
4438.78
2402.51
11159.6
6725.73
7962.96
4785.53
12264.2
7350.07
7247.98
5289.31
13651.5
2900.23
3082.03
1970.77
12737
8325.19
10652.8
5291.69
4256.82
1658.19
5988.49
12405
9780.4
4354.69
2001.47
6862.81
2764.95
1631.59
7211.32
3917.2
5592.01
6989.09
7246.47
6017.17
304.644
2598.11
3147.8
12452.4
8108.58
4131.02
7655.72
6682.73
4363.82
2950.08
3680.12
2443.03
1356.23
4818.67
4091.36
3951.47
5454.09
5168.15
3287.8
638.951
4280.54
2943.52
909.249
4917.43
3062.13
3010.41
2987.75
6141.59
5732.05
9726.48
1412.99
6884.5
1275.55
1757.83
5524.39
462.05
0
1036.32
5266.4
1587.16
8530.16
2406.34
2751.61
7296.9
3780.7
3713.08
1382.61
1484.23
3089.54
4279.01
1623.34
6133.68
1075.9
1665.04
2521.45
1599.46
4903.51
3440.48
2370.88
3911.11
1458.12
5352.46
2216.2
2924.46
400.731
3666.7
1539.94
3848.3
2712.12
2120.74
2523.62
1879.92
2384.36
3165.94
5280.34
4433.5
1752.44
4048.66
1578.01
9681.23
2031.94
3969.74
3049.71
2875.6
1463.67
2000.98
1494.81
414.895
1228.67
5488.15
8578.96
4659.98
4817.27
873.916
2439.12
3239.96
3042.11
5484.78
725.342
7001.28
4275.63
4187.8
4456.24
3066.04
5002.69
2700.01
813.022
1055.96
2924.92
1428.77
1796.32
3607.42
4606.8
4781.36
858.625
1590.9
1666.94
1981.65
3368.16
3311.98
1493.45
1027.82
2404.22
2205.13
2366.78
2113.17
5147.52
2730.55
1444.62
1520.2
5539.98
4575.92
2365.61
385.753
1561.08
1938.73
768.173
333.305
3656.9
1108.13
854.385
2769.29
882.388
1458.37
2335.96
2748.16
1427.36
2007.74
2478.33
6786.47
1319.02
167.547
2282.82
5235.49
1464.33
2848.71
1514.96
6110.84
3112.82
2117.83
2920.36
1973.67
2655.22
797.437
