8193500
394458
1.02111e+06
135437
477155
5.06648e+06
559933
49043.6
1.16671e+06
299835
251533
316169
683725
160600
295601
959287
509257
127153
1.08307e+06
184538
274853
178741
301827
117929
112944
145457
309320
113062
780893
266119
256431
148581
189214
95491.1
89725
306309
116465
71927.3
402044
307575
155291
208890
232370
126368
68238.4
297975
101549
15807.1
133263
277131
79704.6
214550
212352
165104
23240
264576
108675
50484.7
145203
127380
54661.2
157462
192678
137128
25671.1
260153
57218
33188.1
214512
50612.3
64228.6
123688
141884
73541.5
26917.7
183827
45401.2
33747.7
232912
81462.3
39210.2
64725.9
107514
62958.5
52638.9
87339.1
80462.2
94185.7
227415
81649.9
13387.2
77157.9
55364.6
89006
94783.9
17400.7
67445.1
103223
159504
74335.7
51578.9
158075
61964.5
58437.7
76969.2
63006
48645.6
69663.7
77116.1
83607.8
80641.5
172410
89271.1
10153.8
16142
75398.2
65450.1
63405.6
72252.5
65363.2
83618.7
101624
118250
38559.3
70147.5
80550.4
61749.2
83659.4
65739.3
14017.2
64741.7
73658.4
102071
43014.4
90656.5
88684.7
24536
60353
68309
35009.4
51713.8
104093
62023.9
18792
55015.3
109355
12363.2
20574.7
100996
46903.8
63341.8
95267.9
6847.64
22967.4
52031
106477
6458.34
17835.3
115463
49414
60987.5
48203.1
49137.7
33077.2
99817.4
62375.8
19193
9778.1
84243
54785.6
42055.5
98069.1
60225.3
42297.1
89185.6
24041.4
43138.3
30065.7
52940.9
40114.7
27429
117116
55843.1
40521.3
36865.3
56998
40249.1
64573
48864.6
42559.3
13627.6
86110.7
89788.6
44065.9
63703.5
56919.6
19483.3
60980.4
39251.2
68198.8
26809.6
21995
80290.1
37570.7
94366.7
64340
20077.3
28471.8
41182.5
71387.3
48868
34530.8
42074.8
23382.3
92501.9
89410.9
32010.4
15688.4
33065.5
38647.8
44441.9
44855.5
50364.1
38775.5
76379.7
94820.8
22695.4
46542.3
39170.8
15302.9
22767.2
34496.2
88869.5
58763.8
57771.7
48150.2
26667.8
72350
67212.7
30415.9
10871.5
19569.8
75720.5
54452.3
33761.2
24316.5
52162.2
91273.2
72878.5
18630.5
7050.64
32791.3
35643
22191.5
47892.8
83243.6
