5551116
996721
1.89729e+06
1.43353e+06
979784
1.88387e+06
488601
1.80919e+06
1.42657e+06
648423
1.26587e+06
841747
1.70468e+06
1.23596e+06
286098
491377
496193
325209
682864
244298
435185
328355
486381
139628
474603
417428
149426
120714
210684
367352
336133
266616
278858
74713.4
224635
339583
137012
422085
198729
295420
145753
159498
97636
229387
423577
221688
163535
211446
128975
198275
242941
16225.8
144782
361740
77450.9
78137.6
96335.7
112895
199703
142240
50404
223046
12431.8
155105
96724.9
153528
109246
132325
148825
107534
132794
156095
114530
126123
276685
96901.1
195597
127286
88937.4
120705
52159
122888
139599
41039.6
64813.8
162998
89169.9
116454
49001.9
64353.2
149606
107170
62822.9
146594
31053.6
96112.1
139380
46971.3
164579
138578
124778
72336.1
42052.7
90825.4
103335
120930
130215
68434.5
43821
111050
90727.4
36260.3
43526.9
12436.2
138200
15427.4
98747.2
27100.3
67601
94110.4
45897.9
121232
158336
129612
86791.4
23225.9
74503.4
71234.3
92266.1
75650.4
31552.8
25208.3
53931
35863.3
45804.9
103297
65585.7
53879.4
14311.3
94134.8
71133.5
131568
24149.7
125988
66616.8
55980.6
125271
74410
78780.5
44151.5
45040.7
17392.6
61987.1
46243.2
96323.3
102503
20109.6
92373.5
53784.9
73430.1
32303.3
85861.9
39605.9
75804.7
99253.2
59444.8
57916.5
13803.5
59503.2
24881.6
24603.7
65268.4
86021.9
44693.3
94163.2
82907.8
57004.6
28974.3
62764.9
105953
41557
67753.3
62517.9
65396.9
76133.7
89327.1
63407.8
48385.7
76218.9
20401.3
38481.4
38558
39075.1
39913.3
57684.1
62067.7
59523.7
100721
10684.7
38285.6
34673.8
22315.7
6648.42
56864.1
111698
56721.2
106428
37009.9
63437.1
52897.4
78412
59123.9
39151.6
14842.4
50099.7
64522.8
79481
31867.3
78079.2
61883
70708.6
29434.4
35731.1
46128.6
27177.9
82936.3
55280.3
50191.1
24728.8
42821.4
45168.2
59631.6
54781.4
74077.3
28347.5
75993
35083.4
94382.4
54043.4
26388.1
105636
36683.2
28858.3
65039.1
68107.5
40234.7
77966.2
51599.5
9950.12
46098.8
61379.7
37564.1
38120.6
19775.1
45200.3
103719
