8974977
546686
497798
1.29681e+06
3.44912e+06
1.21377e+06
581182
624159
1.4771e+06
1.93942e+06
614754
524241
1.30077e+06
1.50796e+06
742635
459554
65333.4
1.24628e+06
282084
302419
165475
658734
397849
491810
37093.3
463423
500886
190235
627472
162654
321933
138836
330754
314052
625823
171317
363531
321719
234063
378885
144803
135578
104693
74644.5
465245
204925
45646.4
352733
41147.1
131920
156248
288314
106580
52456.1
107667
254113
267450
78511.9
264991
107708
111161
132495
297246
177554
249732
211332
169996
114486
402536
116373
124341
45031.1
117887
147582
94203.1
212334
41766
244043
104145
82201.7
66707.8
190127
148746
167340
78779.8
96962.3
53665.2
43351.7
151233
300425
15238.8
88117.1
83205.5
173156
51063.4
30197.6
68358.5
84736.8
206710
103372
39784.1
111809
118230
85288.1
81588.9
90705.3
67072.5
78756.2
95307.6
55345
144831
105758
123734
149930
75140.8
24429.1
50548.7
140410
158951
149080
60422.1
59310.8
64990.5
27057
95639
32929.8
63058.7
48770.5
46102.7
89561.6
100917
142782
138723
52688.4
65611.9
61986.6
80283
38772.7
118009
37871.5
34849.4
30484.8
109671
138293
95650.5
109381
47524.6
75597.8
96295.1
58019.3
11301.9
49017.9
48001.3
79699.2
84345.7
137830
83208.2
37202.1
74057.8
41086.8
141799
22243.1
116850
20742.4
27497.7
87585.3
40080.3
44673
44082.4
8580.89
74194.9
42975.1
64692
162940
84603
106647
105308
37305.8
54514.7
43987.1
21436.9
117040
51245
60609.3
74247.2
85781.1
103286
38880.2
44778.6
113479
79983.1
67485.6
95877
27843.7
152363
45679.8
41233.5
96434.3
27072.3
27542.2
37325.9
54987.9
61319.2
156911
7088.78
9235.08
14736.4
45226
70678.3
69405.6
57590.6
107816
55668.6
33720
70113.3
74964.3
60335.1
14464
68441.9
79133.9
49686.2
19320.3
40343.1
49229.9
144698
26159.9
58162.5
20348.7
45251
74285
79205.6
98962.1
23007.8
106543
93515.4
26353.5
99847.7
41610.7
76219.8
32307.2
37399.5
112544
48764.3
35798.6
28465.9
47227.6
44558.4
65762.3
92042.5
36403
38281.4
70925.7
23435.1
67853.6
77096.7
51429.4
