8515093
583811
696021
590253
801527
4.61275e+06
505936
312260
706153
805570
338958
313672
529096
408651
638370
820706
159374
309120
421455
672399
396671
356249
518859
125439
168725
323183
181909
610750
111103
273749
259370
294452
395098
241802
159355
248983
401942
445872
46058
67271.3
165020
140254
85827.7
206576
27389.7
172250
479840
88836.6
159994
104916
170974
100049
111547
208362
277671
72971.3
274486
71290.3
282622
53946.8
223194
193470
104133
367579
317957
166786
121424
23196
215761
76848.4
225349
164023
74201.7
472830
124557
171876
88358.7
58998.6
124034
70557
143193
37770.7
126081
320580
65579.5
114571
91068.9
99500.9
58962.3
40992.1
39762
96389
148939
70594.1
101480
71386.5
162538
173351
47635.2
27638.4
119499
158496
21327.9
159490
61598.4
237233
78467.5
146977
103609
63365
134701
143383
132588
124907
155567
226918
41673
77660.6
71209.9
78573.2
90707.4
36626.6
120666
18836.3
238961
61120.6
78238.2
45393.9
108.577
40801
29487.2
57953.5
74734.9
98400.9
161143
121657
70319
90080.3
29974
42433.5
56167.8
7509.32
150652
147908
10310
141243
50304.8
126205
9736.33
50340
82485.2
91835.4
133230
95445
53125.8
91093.9
67536.5
84348.9
64156.5
35632.1
24899.7
88147
96145.2
69806.2
30748.5
64215.8
43159
12396.2
69724.8
73867.3
88660.9
31260
85997.5
76163.2
100585
82281.4
35634.9
56107.1
34685
129915
65871.9
107396
95954.2
117653
82440.8
63974.1
90011.6
65498.5
26056.2
148746
43423.7
98917.1
62612.6
118681
24384.1
32919.9
80513.5
67359.3
57621
72036.7
78267.3
41158.9
83381.9
29196.5
23594
23106.9
40414.2
49263.8
61355
31968.9
67483.9
46111.9
67266.8
75053
61963.3
62014.6
31111.6
24916.4
15800.7
60039.3
86994.9
99220.7
21549.4
95596.2
96217.1
76938.7
14368.3
60835.2
48858.8
30107.3
93769.7
62763
48261.7
81866.4
117776
59276.4
30367.3
50367.2
33372.5
29936.5
83829.1
15875.1
12383.2
93386.4
80751.5
54055.8
42836.2
35027.5
12858.4
74281.9
32739.7
35228.4
11698.6
111190
10544.8
41577.3
