8824428
125340
526478
507318
503142
4.51299e+06
521251
162792
654224
497539
723050
205280
781442
302946
368054
699385
47706
435493
522173
928111
728693
541234
1.08795e+06
297065
190342
177574
219227
237223
174625
565048
436742
598222
582334
291689
409872
160423
263923
408874
206898
79194.7
407248
705249
163630
271713
129723
148454
271691
82668
44598.2
115904
104859
616900
162154
287293
222097
32095.2
322020
102762
291488
327887
142732
419247
35393.1
122832
55989.9
32338.4
210360
86063.7
157594
86526.7
135782
439243
64525.4
220531
147354
131241
129054
208983
230807
184631
165633
107381
91893.6
33418.2
80650.2
81578.4
106389
127454
79953.2
132437
274137
67772.1
209566
181849
65825.3
168867
83627.9
223933
123501
73604.5
165718
43267.4
158288
114002
110987
226542
35220.5
93221.6
174192
42567.5
24599.9
108688
84953
79557.3
159694
144006
117464
195108
112844
152486
70224.7
84034
190797
69467.1
68495.3
99302.3
43044.4
137035
98388.1
64808.2
48569.8
15377.6
118431
74075.1
70350.7
94007.1
65354.5
31975.9
53474.8
134417
100355
94674.7
169124
169857
87559.5
64534.6
28373.1
74583.9
73942.6
50268.9
130937
47457.5
70306.7
128390
82323.6
63281.5
15015.4
102164
69002.3
6316.82
47190.8
128937
35354.8
32967
71390.6
55181.2
58347.8
130958
73785.1
14717.2
54775.2
95581.5
32942.5
88372.9
86427.7
26540.5
74403.1
88336.1
72920.1
38517.4
16387.9
88805.5
7591.09
88527.5
57318.4
6836.6
104857
34730.2
75556.6
77342.6
66024.3
122284
55417.2
28465
48539.9
43329.8
143025
70580.6
18584.2
111303
52571.1
137436
29071.5
95396.7
22478.4
38350.5
142646
56528.6
28335
135521
26755.9
52137.1
42127.1
54893.3
153341
45194.8
69912.6
89257.1
71453.5
54333.2
91350.3
47157.8
115479
66944.9
95067.3
90035.2
4458.16
131244
113596
64345.5
66047.6
88506.9
86003.5
93988.3
89031.3
111749
76780.1
42993.8
69742.1
65360.6
82958
82680.8
78685.1
53696.2
44319.9
35475.7
85543.1
65330.5
20641.4
54077.6
84737.9
79847.2
80902.8
77163.5
50043.7
71577.2
