6022052
315327
371966
477533
1.8496e+06
2.79165e+06
416910
364873
654379
564277
224672
264352
560993
1.49702e+06
1.20852e+06
350864
330795
469135
2.51856e+06
364617
209396
161792
410486
467425
87035.3
146201
465893
253596
359184
251493
303019
446879
373933
218392
74573.6
109167
753217
414232
122872
33873
509601
871785
270407
386127
212275
215750
172024
292372
493821
71974.4
232065
161285
136907
95853.5
172201
234497
191766
201953
168200
330589
285010
94817.4
256995
209422
409862
107157
175851
236654
153019
120169
184710
245060
307955
307703
71249.2
230426
218195
84472.5
129517
104121
103767
54873.5
91012.7
155549
119751
131743
61023.3
46000
109349
152186
223668
106975
68699.5
106673
185788
423949
26061.5
96219.6
133114
126961
68215.4
63175.4
50124.2
145612
188709
83776.9
224531
142119
141198
181419
122831
122265
149670
146670
128982
41446.5
28470.2
100974
230175
133462
59540.3
96406.4
96486.5
173969
119473
161761
136784
47806.2
390.364
218381
179981
128858
99680.1
22943
187175
64986.1
147771
31180.1
99476.8
114531
73646.8
146230
97223.6
49357.8
90009.1
120243
26130.7
54948.5
42720.9
125578
74063.9
144261
112567
87611.9
173427
145513
37721.3
48884.7
40493.9
52863.7
82981
110589
117915
167644
43968.8
151504
22900.8
40806.5
80701.3
40694.7
39538.1
144961
98974.5
20115.7
144221
92554.2
74011.1
103692
142287
117182
30846.4
59007.3
85689.6
137073
209818
107683
58364.3
22999.3
186108
14148.7
97694.1
89550
65565.1
135483
71891.7
75998.1
56688.9
101755
132082
40999.4
81831.9
151003
134100
68367.1
43455.4
72283.5
114226
55687.1
79506.5
28691.6
88746.1
69855.4
80305.4
29163.3
73314.7
79848
6923.12
70171.9
110227
79626.1
181040
81489.1
63137.1
52008.8
54414
72991.6
137688
82311.6
58556.6
102367
117627
121060
44560.3
73674
51878.6
43779.8
54392.5
101815
68788.9
35792.6
67092.3
6207.65
178549
20576.9
45244
52998.6
68034.4
59392.6
56534.2
41921.3
103145
161657
86526.6
45265.6
60503.6
92287.6
