0
14362.4
6004.31
13436.1
37569.6
149290
15277.4
9634.92
15459.4
19953.7
15507
11432.1
18147.6
25447.8
2365.05
8517.53
24767.4
22021.4
14366.7
8604.86
17368.5
31410.3
23010.8
27703.9
3311.12
16008.8
11925
14010
19939.7
19188.9
3457.69
23078.4
16109.8
14844.2
15811.2
7594.89
12441.9
8898.43
10170.3
14503.2
8340.62
6099.68
9900.99
7236.57
3495.94
7086.3
4961.39
6636.58
8184.76
10967.1
1101.8
7041.6
7998.41
2859.69
4057.04
8034.31
12445.1
5339.62
4438.78
2402.51
11751.8
7024.35
8278.53
4938.39
12264.2
7587.44
7508.71
5496.75
14354.7
2900.23
3082.03
1970.77
12746.7
8723.95
11008.6
5632.15
4256.82
1658.19
5983.35
12910.1
9780.4
4568.89
2001.47
7068.56
2764.95
1628.46
7321.71
3917.2
5592.01
7240.35
7487.97
6185.85
304.644
2594.96
3323.15
12675.3
8108.58
4280.41
7938.49
6980.55
4363.82
2993.01
3680.12
2581.29
1356.23
5015.87
4091.36
4134.28
5786.54
5350.24
3287.8
638.78
4280.54
3097.29
909.249
5170.46
3062.13
3138.29
2987.75
6413.28
5732.05
9939.9
1412.99
7166.98
1282.59
1757.83
5636.83
460.943
0
1033.7
5266.4
1631.13
8552.55
2509.59
2774.78
7500.49
3780.7
3904.4
1380.91
1558.24
3089.54
4487.39
1623.34
6455.41
1075.9
1664.02
2521.45
1645.61
5232.93
3619.45
2370.88
4070.59
1458.12
5591.64
2216.2
2970.65
400.731
3815.06
1539.94
4005.34
2712.12
2121.8
2654.18
1879.92
2384.36
3165.94
5449.22
4618.23
1752.44
4048.66
1578.01
10067.9
2031.94
4134.13
3049.71
3015.49
1463.67
2000.98
1494.81
414
1228.67
5899.08
8857.34
4856.18
4817.27
873.916
2439.12
3239.96
3042.11
5726.16
725.342
7292.27
4277.49
4329.17
4636.43
3209.56
5002.69
2700.01
813.022
1056.03
2924.92
1433.25
1796.32
3866.07
4606.8
4949.32
858.625
1584.32
1666.94
2106.16
3368.16
3456.62
1493.45
1027.82
2404.22
2205.13
2366.78
2113.17
5336.59
2730.55
1444.62
1520.2
5826.68
4675.62
2365.61
383.725
1561.08
2032.98
768.173
332.746
3656.9
1108.69
854.385
2893.62
882.388
1458.37
2335.96
2843.9
1427.36
2006.08
2478.33
7110.14
1319.02
167.601
2282.82
5464.1
1464.33
3004.05
1514.96
6244.73
3112.82
2185.01
2920.36
2027.83
2653.23
795.148
