8200358
295504
343828
709905
2.36109e+06
1.6829e+06
415167
504499
1.58094e+06
1.32291e+06
1.24218e+06
233558
1.01914e+06
1.18437e+06
413559
353858
679262
2.33819e+06
789936
121235
1.02507e+06
674359
96582.4
167316
167184
232777
315149
212291
257759
47570.6
588873
162016
410729
762137
269618
56264.7
486564
181177
88556.9
600650
282566
246126
62573.7
201111
281037
217261
87033.3
192169
296047
183422
377658
450214
340640
102044
325681
318407
89823.2
298654
294995
191535
151420
333030
182895
64092.8
103371
197433
189797
228591
177650
111716
272575
140084
159940
137272
157142
139601
42924.4
111915
89952.6
231458
113445
259223
120825
99715
230907
98876.7
148249
115237
184638
221653
146207
58316.7
74173.9
142607
164309
92199.5
146358
105446
52604.2
159159
126402
122846
31603.1
68220.9
157172
19241.8
146668
130382
180342
152398
129040
140754
78717.1
151753
160018
84835.6
93262.8
148073
12180.3
103899
88922.5
155436
203212
102925
22784
76916.4
45807.1
132048
105203
31968.2
154954
170924
41778.1
76706.4
60096.5
85997.7
74825.7
92596.7
51653.7
153814
97179.8
89911.3
178024
53743.6
138738
60589.2
89345.5
33984.1
34764.7
42714.5
14972.6
30129.7
144027
63414.3
27976.5
179463
200272
48562.7
78134.3
124799
85010.5
24774.4
95263.5
5813.66
34741.1
78941.8
16636.3
138910
114978
58585.1
144777
63806.4
179000
94517.5
66936.7
48008.4
71685.5
9093.98
161169
61609.4
43845.5
84201.4
29174.2
127770
123491
27610
54508.4
80922.5
26026
77342.6
56434
76137.6
64714.8
61040.1
50158.1
46239.6
118057
82603.8
41026
89230.5
60375.5
92185.1
64349
133579
90170.8
155732
107269
89747.9
95874
64758.5
55383.7
87109.5
68477.8
29598.5
40010.2
26062.7
61271
48476.3
55166
51873.6
71880.9
25334.8
13452.3
48320.9
23445.9
48518.6
25240.1
113048
74479.6
77834.8
86114.7
96215.4
5577.67
35409.2
161361
20813.6
38409
15798
164474
83934.7
67831.8
20973.4
82492.1
166585
60975.5
63436
45352.8
106702
24197.7
115396
83450.8
34394.4
50505.3
50994.1
80731.2
24471.7
