0
14369.1
6057.47
13630.3
37653.3
151798
15444.7
9707.28
15641
20297.9
15578.6
11686.8
18448.8
26000.1
2365.05
8676.73
24767.4
22049.4
14585
8733.04
17837.6
32121.6
23064.2
28223.5
3311.12
16347.2
12051.5
14180
20023
19523.2
3457.69
23513.1
16109.8
14957.9
16181.3
7649.15
12710.1
8996.31
10303.4
14746.2
8340.62
6099.68
9971.28
7367.71
3495.94
7174.55
5043.43
6799.86
8184.76
11137.6
1101.8
7134.36
7998.41
2942.53
4103.88
8192.44
12445.1
5339.62
4438.78
2402.51
12016.3
7153.51
8413.08
5025.37
12264.2
7705.77
7630.85
5589.83
14652.3
2900.23
3082.03
1970.77
12870.7
8891.17
11162.5
5806.42
4256.82
1658.19
5983.35
13115.8
9780.4
4677.16
2001.47
7156.07
2764.95
1629.26
7366.43
3917.2
5592.01
7348.59
7594.15
6260.77
304.644
2598.11
3386.6
12753.2
8108.58
4341.97
8049.19
7091.87
4363.82
3005.12
3680.12
2652.86
1356.23
5122.81
4091.36
4237.46
5955.3
5441.2
3287.8
639.727
4280.54
3143.48
909.249
5295.62
3062.13
3219.85
2987.75
6514.78
5732.05
10049.8
1412.99
7300.9
1277.73
1759.82
5631.97
460.943
0
1035.73
5266.4
1656.18
8566.35
2540.79
2801.21
7573.82
3780.7
3963.33
1382.61
1596.46
3089.54
4578.61
1623.34
6600.47
1075.9
1665.04
2521.45
1673.42
5370.53
3708.66
2370.88
4142.37
1458.12
5715.26
2216.2
2995.65
400.731
3900.4
1539.94
4060.28
2712.12
2120.62
2715.44
1879.92
2384.36
3163.88
5543.44
4688.55
1752.44
4048.66
1578.01
10239.9
2031.94
4190.97
3049.71
3088.84
1463.67
2000.98
1494.81
412.244
1228.67
6068.23
8969.97
4946.02
4817.27
873.916
2439.12
3239.96
3042.11
5823.83
725.342
7408.35
4277.49
4414.88
4723.47
3278.66
5002.69
2700.01
813.022
1055.89
2924.92
1452.45
1796.32
3992.39
4606.8
5015.49
858.625
1590.9
1666.94
2159.39
3368.16
3498.31
1493.45
1027.82
2404.22
2205.13
2366.78
2113.17
5422.82
2730.55
1444.62
1520.2
5948.78
4709.14
2365.61
383.631
1561.08
2101.02
768.173
337.855
3656.9
1108.13
854.385
2933.43
882.388
1483.85
2335.96
2900
1427.36
2002.82
2478.33
7266.17
1319.02
169.198
2282.82
5574.12
1464.33
3053.48
1514.96
6324.01
3112.82
2218.56
2920.36
2060.68
2655.22
797.87
