0
14494.6
6084.87
13679.8
37693.4
153062
15520.6
9734.75
15725.7
20484.1
15615.6
11812.8
18587.5
26278.9
2365.05
8765.15
24767.4
22048.4
14704
8807.16
18086.7
32484.2
23081
28482.6
3311.12
16532.8
12104.4
14272.2
20063.6
19703.2
3457.69
23728.4
16109.8
15001
16361
7677.63
12840.6
9041.6
10374.6
14878.8
8340.62
6103.51
10005.3
7425.51
3495.94
7220.97
5084.8
6874.99
8184.76
11234
1101.8
7172.42
7998.41
2985.83
4145.91
8266.88
12445.1
5339.88
4438.78
2400.39
12148.9
7223.57
8479.59
5064.83
12264.2
7774.84
7696.19
5653.88
14788.6
2897.56
3082.03
1968.61
12941.9
8970.56
11245.1
5896.31
4256.82
1657.71
5983.35
13218.7
9780.4
4741.14
2001.47
7216.42
2764.95
1629.88
7396.04
3921.18
5592.01
7428.87
7655.5
6308.71
304.644
2599.18
3426.68
12815.2
8108.58
4384.4
8082.54
7146.99
4363.82
3032.02
3680.12
2667.34
1356.23
5172.3
4091.36
4291.02
6037.84
5485.8
3287.8
638.518
4280.54
3182.08
909.664
5343.46
3062.13
3248.04
2988.13
6575.69
5732.05
10101.3
1412.99
7360.51
1282.59
1759.43
5628.06
460.831
0
1036.7
5263.34
1663.48
8573.75
2569.32
2823.88
7612.42
3780.7
3990.45
1382
1612.46
3089.54
4631.81
1623.34
6648.73
1075.9
1665.02
2521.45
1695.62
5461.19
3745.98
2366.05
4184.72
1458.12
5766.71
2216.2
2995.01
400.731
3930.81
1539.94
4107.85
2712.12
2121.73
2737.75
1872.3
2384.36
3182.24
5589.59
4719.87
1752.44
4059.83
1578.01
10322
2031.94
4214.78
3049.71
3127
1463.67
1999.65
1494.81
411.096
1228.67
6155.05
9024.32
5002.06
4817.27
876.216
2439.12
3241.11
3042.11
5870.7
725.342
7470.44
4277.49
4439.52
4769.32
3318.5
5002.69
2702.62
813.022
1053.7
2924.92
1463.24
1789.97
4045.17
4606.8
5055.73
856.005
1591.86
1666.94
2182.54
3368.16
3535.52
1493.45
1022.61
2404.22
2209.23
2366.78
2112.19
5463.83
2730.52
1444.62
1531.09
6012.92
4715.56
2365.61
382.256
1561.08
2132.36
768.173
334.211
3656.9
1111.22
854.385
2960.42
882.388
1501.58
2335.96
2924.1
1427.36
2007.46
2478.33
7340.58
1319.02
167.41
2282.82
5633.37
1464.33
3086.52
1514.96
6344.55
3112.82
2242.65
2920.36
2072.16
2654.33
795.759
