0
14621.7
6323.05
14455.3
38024
163625
16191.7
10131.4
16458.9
21957.1
15872.5
12852
19827
28668.8
2365.05
9577.13
24767.4
22191.7
15550.8
9373.03
20206
35599.4
23323.8
30621.2
3311.12
17984.9
12602.2
14898.9
20383.1
21149.6
3457.69
25497.8
16109.8
15442.8
17880.2
7912.52
13901
9528.7
10958.9
15907.4
8340.62
6103.51
10276.7
7931.39
3495.94
7703.05
5332.93
7498.23
8184.76
11974.6
1101.8
7627.52
7998.41
3319.99
4360.06
8926.36
12445.1
5358.81
4438.78
2400.39
13249
7784.43
9037.39
5400.41
12264.2
8254.67
8195.3
6073.39
16064.7
2925.76
3082.03
1968.61
13431.3
9684.81
11815.9
6609.72
4256.82
1657.71
5983.35
14110.1
10163.7
5197.44
2001.47
7617.28
2764.95
1628.76
7644.32
3921.18
5592.01
7930.72
8159.13
6612.11
304.644
2599.18
3719.98
13191.9
8108.58
4756.09
8562.5
7707.3
4363.82
3131.03
3680.12
2915.18
1356.23
5582.57
4091.36
4685.06
6751.44
5908.11
3398.71
638.802
4280.54
3474.34
909.664
5823.54
3062.13
3537.25
2988.13
7109.46
5732.05
10497.3
1412.99
7884.04
1277.73
1842.91
5797.77
452.399
0
1050.46
5268.4
1737.71
8651.53
2711.6
2974.8
7936.77
3780.7
4293.65
1377.6
1770.26
3089.54
5046.37
1623.34
7231.88
1075.9
1665.02
2521.45
1819.7
6120.96
4095.21
2366.05
4498.19
1458.12
6255.93
2216.2
3101.39
400.731
4202.5
1539.94
4416.02
2712.12
2161.89
3051.17
1872.3
2384.36
3385.14
5976.35
5061.26
1752.44
4166
1578.01
11039.7
2031.94
4464.82
3049.71
3399.77
1463.67
1999.65
1494.81
411.539
1228.67
6887.47
9517.56
5391.15
4817.27
876.216
2439.12
3241.11
3042.11
6283.76
725.342
7947.77
4277.49
4693.69
5097.31
3539.35
5002.69
2702.62
813.022
1056.79
2924.92
1581.73
1789.97
4506.46
4606.8
5317.64
856.005
1591.86
1666.94
2423.03
3368.16
3799.88
1493.45
1022.61
2404.22
2209.23
2366.78
2127.46
5801.64
2856.98
1444.62
1531.09
6557.66
4853.57
2365.61
383.635
1561.08
2261.04
768.173
332.015
3656.9
1111.22
854.385
3169.06
882.388
1693.46
2335.96
3144.46
1427.36
2007.99
2478.33
7998.8
1319.02
169.331
2282.82
6099.02
1464.33
3326.21
1514.96
6575.5
3112.82
2427.28
2954.51
2234.08
2681.39
808.392
