8164653
105245
539542
234006
215752
411405
389133
1.44465e+06
523303
985201
911406
565861
914570
3.08575e+06
1.73755e+06
1.13606e+06
449402
69125.7
255589
295960
1.97628e+06
281113
879230
252832
469975
433966
339137
452784
508392
642075
432854
247269
200011
155687
621595
740647
334780
337940
207302
68924.5
261374
470832
292836
144921
457263
44348.1
400050
464574
53169.4
313530
50577.3
183564
197181
321614
472091
160764
225272
439550
298681
58532.5
295629
340055
83361.4
371071
189332
284555
465521
347891
145511
208348
182224
112157
130569
86456.6
262092
98777.3
128222
219594
57784
242258
87815.8
194998
261378
64638.6
207519
260942
225432
150330
83202.3
143844
229988
128240
148540
219554
97773.6
46865.4
143620
129294
173014
83069
84244.3
120167
36157.6
137827
8980.67
47726.8
271003
82938.4
17796.6
107247
164107
104780
217211
96299.8
153887
165627
85108.7
123907
45862.9
286375
220676
182076
23924.5
52071.3
24654.8
164078
40393.7
75867.1
118142
30400.7
214763
110882
62712.3
152781
182068
87374.3
146846
132217
91217.9
167270
45366.2
77631.1
77155.4
65866.5
93504.4
96669.2
4847.46
55681.2
9507.88
49013.4
121999
82789.9
47349.3
194044
122116
295396
81893.7
78021.9
78204.4
113396
138557
191983
116736
121668
47023.3
77042.7
149333
224799
41926.8
45346.8
113878
49732.9
115512
66768.8
39205.6
55160.5
102643
159671
38553
36401
22750.2
47180.9
129548
88830.1
74381.1
2322.96
44227.8
56845.9
21860.6
186015
62955
204807
4913.64
170254
91507.5
52680.8
61819.7
63923.8
58967.8
62662.6
99945.6
71915
47984.6
62939.2
21872.1
119609
105310
30594.2
21795.9
142040
53374
105071
70808.1
108921
43058.9
172775
25576.3
63221.2
142414
91701.2
96907
97804
140133
56744.7
174606
35756.8
57199
59206.2
40326.8
45167.5
34125.5
74690.7
80622.4
93670.8
26192.2
68183.8
82845.6
8971.7
121390
41117.5
73275.5
58116.5
100064
140881
113481
67737.4
149503
144528
14374.8
45483.6
58110.1
23390.1
150718
34582.2
136756
125348
