7717881
89723.4
529654
321464
619852
5.08655e+06
658722
59287.4
524147
298106
605282
161271
421758
568831
449933
1.23535e+06
501470
191587
407061
376460
379673
196045
310320
576810
222178
423467
270543
234324
354036
382791
222613
128968
289268
426007
261770
156104
91967.6
146521
327130
228360
161083
95362.7
295526
189345
327794
115391
70024.8
53201.5
254380
95015.8
144396
227562
171125
74665.4
256390
120510
86646.4
97080.3
172044
70060.4
174241
241023
89267.1
106348
139401
53405.3
124098
125509
127839
49647.3
189578
169696
163550
77160.4
60964.6
36329.6
145093
161556
88959.9
94717.9
108183
94565.5
157253
32925.7
53254.6
107398
95360.3
168545
109451
85412.6
33739.8
87583.9
110448
42074.2
75587.1
134023
45200.5
144849
139881
36004
119410
52056.1
76908.4
44020.2
75988.4
99964.8
34573.8
99610.5
103752
77346.8
142952
40732.5
62673.5
75072.1
42795.8
64982.7
61919.5
68414.7
55778.6
123428
116929
63314.2
40432.7
72324.3
50289
62479.8
90465.7
48609.1
73358.2
111086
72955.4
39166
50238.8
65575.5
80629
56005.9
92077
90027.9
91445.4
65547.2
50407.4
16508.3
23653.4
59581.5
89098.7
67072.4
58507.7
114510
69091
58433.3
74737.5
29952.3
26063
53678.8
87464.1
33480.5
62623.9
98344.1
28240.4
59082.7
96396.3
22070.4
51324.4
51410.7
95414.7
20538.3
77503.8
39894.6
31708
48467.5
92575.3
9585.09
44367.5
49612.9
100018
68319.7
65040.2
36649.4
13453.4
44900.8
63979
26674.1
8411.52
46537.9
123411
72076.3
28127.3
60855.9
15081.3
29867.1
43961.8
26255.4
23586.9
54675.6
137443
33926
2474.57
50834.8
32027.7
51144.4
39513.6
31553.4
30070.7
95797.2
98016.1
31066.9
16034.4
47689.6
26989.7
71767.6
20237.6
37794.7
44318.1
96114.3
37893.5
58220.9
50435.7
58548.7
33937.1
66034.6
14634.7
28431.9
51397.6
74440.2
14436.3
47552.8
76282.2
80625.8
42954.8
49659.4
31125
41987.8
31578.2
53410.6
26405.1
28940.5
75491.5
97634.1
23257.4
34084
61904.9
61982.4
25127.7
61369.4
11064.4
31469.2
46052.7
90229.4
7291.35
30942.7
88882.5
21356.1
75649.5
46029.2
9963.15
58787.9
