9174319
818238
475768
655487
3.87731e+06
604790
980768
411247
962745
1.53064e+06
992073
923157
822718
1.63717e+06
472559
555461
350589
1.06139e+06
376405
273531
171195
929576
282685
788256
225869
342130
326170
290579
371353
160389
232812
261314
346564
179724
566973
143075
292444
261558
6211.25
151800
300138
147359
219651
328136
198794
114404
224847
189232
58989.6
126480
126664
211326
220757
462605
151109
180425
207536
140130
134645
98645.8
79362.9
236692
95166.2
67405.4
101344
121387
129617
162189
186089
139802
127403
180286
190888
121501
209354
92851.4
99388
189684
100627
89938.2
139473
121900
185237
193448
52204.8
7827.29
136957
175585
82748.6
105219
222210
36608.4
9333.59
71775.7
16965.8
89696.6
71214.1
89391.3
91043.4
38647.4
108713
113462
118744
151471
59960.8
118262
117117
13090.4
51566
113880
120982
179355
33573.6
93854.8
15818.9
85756.1
101421
112983
123330
48086.3
98504.3
89437.1
76378.3
63106
106902
41899.9
63632.1
45971.6
46344.5
78229.3
122354
129410
102766
97671
51626.5
142495
34481
55416.1
22264.4
127951
56593.3
79941.7
34786.6
40119.3
84334.3
178885
110354
75250.1
40724.6
57936.5
28461.7
67758.4
69452.7
50918.7
109997
44681.8
35826
30603.3
64894.8
21368.1
97615.2
31665.2
103581
31768.9
58001.3
15342.8
11638.7
69318.8
36875.1
79753.3
29754.9
62796.9
60703
103845
18175.5
208122
44694.9
51560.4
41950.3
138745
34049.5
20683.4
64743.5
54079.4
18050.3
98409.4
64660.5
54607.9
56289.5
73821.3
20872
38334.6
80383.6
20197.3
115936
19976.3
63751.5
46365.2
21348.3
11729.4
48126.4
53947.3
92291.8
70608.4
88845.2
45643
40589.9
59447.1
45382.8
56927.1
31607.1
107221
40086.9
75822.6
73981.9
115188
30787.6
60498.6
955.837
124381
9580.02
5562.76
44960.9
27585.4
101936
16108.4
65485.1
42110.3
36445.8
51104.8
35055.7
91292.7
93729.9
56397.5
48322.7
63436
44371.9
79462.8
35190.9
43844.6
53582.5
111058
44730.4
62123.1
115324
36194.6
12396.5
28030.9
91686.7
43067.7
5486.75
94440.9
51117.5
36092.2
55443.6
30594.3
