5880786
102957
757680
1.71992e+06
621957
2.77974e+06
1.06987e+06
1.08051e+06
1.50162e+06
677229
1.00642e+06
836638
1.29787e+06
1.37441e+06
807332
489588
506851
963962
299239
222190
171345
615289
598785
597204
462337
173960
439578
220146
326313
441013
80816.3
554176
160729
343581
192766
230091
663551
274348
153097
135651
73998.4
63830.9
56419.9
106224
249556
127977
84039.1
152302
156842
214291
268959
145117
89715.6
131384
506837
90268.6
34796.9
51541
228730
128515
127850
151014
93150.6
128372
212824
89513.4
169479
159993
5391.75
163723
49007.9
134141
267677
156127
192112
89525.9
67845.6
264186
117800
185949
145767
123136
38734.9
93877.6
91744.1
131247
113868
31565.1
43103
173807
76021.9
153952
104800
82775.9
62934.4
116892
130026
103304
158546
112686
45567.3
25482.3
85060.4
97689.1
67729.9
129348
60706.6
97391.6
92032.1
133147
52240.9
135576
116796
160572
97474.4
75189.7
110547
47554.1
112272
42568.5
66065.6
116229
27932
98458.6
33896.5
160201
79758.6
31374.4
65435.1
73814.6
55315.1
31975.9
87445.9
43223.9
168100
52004.5
64835.9
72950.4
33237.4
98303.6
122523
109034
72510.5
35463.3
97314.4
36862.8
80724.3
42496.6
122248
45593.1
36081.4
112522
69713.7
67297.2
84744.7
74075.6
72524.4
78356.6
83059.2
68713.3
40259.1
55385.2
94216.5
24212.6
67204.5
32781.6
58390
84797.1
67485.7
43500.3
91702.4
64479.2
28654
21204.1
68097.5
93959.5
123124
30693.5
49439.9
99933.2
108393
60093.2
114573
33377.6
67643.2
63226.5
27323.7
114624
65888.6
70578.2
53516.2
8001.07
16085.6
34561.6
40110.4
80971.2
79252.9
21125.5
54574.5
153470
47762
76303.5
37362.1
34644.6
34348.5
96673.8
13589.6
70042.6
53994.3
38302.6
57327.2
27227.8
39677.3
39894.6
22403.2
98765.9
52664.9
97249.9
24198.8
41969
25531.7
17256.5
76689.2
92640
109998
24932.5
97303.5
37143.7
67178
34159.2
26981.9
68013.5
60171.4
67370.4
37254.9
75413.1
80225.9
80102.1
88857.7
48509.3
65903.9
55387.5
101946
78071.5
36181.2
61776
99463
45080.7
56541.5
31344.6
18116.6
72421.7
37748.6
24237.3
55052.1
30748.6
