7826762
131028
86463.4
191627
305855
5.01077e+06
268896
168618
71240.5
34199.3
580630
221270
112225
177271
254531
1.43864e+06
256168
139562
64548.1
45561.6
631907
267843
138902
165588
237087
752068
211325
126229
87559.4
84274.8
458373
327033
178437
135486
162124
397668
146205
93561.3
99892.7
103273
374044
365105
158637
69883.9
145147
190383
72320.4
59285.6
104083
101276
273649
387049
138364
28494.6
113814
78447.2
54083
27370.2
92086.7
92027.6
172223
351430
107972
13276.2
107388
36471.2
110361
14389.7
74820.3
69449.6
107177
304369
75750.8
51714.1
120767
15168
162215
25348.6
41010.9
22007.1
49100.7
242310
44752.2
75283.6
116532
20838.7
196350
32247.6
8935.63
26071.9
37695.5
170553
26204.2
84134.8
107524
29593.9
208509
41858.1
29765.1
37876.4
35638.6
112968
42628.3
77640.4
92045.8
56471.9
189241
51206.2
51245.2
55768.9
47106.1
60327.4
62487.9
59774
70289.1
70552.8
168655
70254.8
69486.2
59182.3
66293.2
34081.3
75076.9
37136.1
51681.4
70022
133005
78232.8
72893.7
60332.9
85274.7
23940.9
90212.5
26068
26819.3
62783.5
99603.3
81052.7
63112.8
53870.4
106181
16119.4
102095
22271.7
14341.2
52742.5
73409
67631.2
43307.1
54871.3
115790
22455.1
108010
25092.9
13508.6
63038.3
55052.3
54433
36061.6
56070.5
109442
27781.8
105703
16338.5
25891.8
85457.5
33026.3
34433.9
31219.7
51085.1
92986.3
43784.6
103947
6936.04
34774.8
101006
8348
22712.3
43238
46607.9
61100.7
42880
99214.7
12049.6
44316.4
112244
24645.8
11297.1
53953.7
41050.8
28906.3
43230.4
84759.2
27923.2
51169.8
106250
50812.4
16294.2
55834.6
35665.7
18159
30604.5
67417
44310.1
52876.2
91955
77578
14931.6
54391.9
25109.3
34375.7
33254.7
64044.9
51592.3
51329.1
65604.7
89934.4
19612.6
49450
20561.1
48822.1
57029.1
59252.9
60680.3
41913.7
36114.1
83875.9
25561.5
43332.3
16205.6
51042.9
92605.5
49501.7
61620.3
34623.9
12470.6
66681.4
30790.8
39783
17611.1
47893.2
109657
40729.3
48819.6
28710.8
15605
47144.5
34066.1
35861
26293
35526
129082
31683
37075.6
31869.8
31752.7
