0
14370.7
5852.23
12744.3
37276.6
140808
14736.6
9327.43
14871
18782.4
15317.6
10615.2
17144
23611.7
2365.05
7907.86
24767.4
21921.8
13654.8
8118.27
15746.1
29002.6
22857.5
26031.7
3311.12
14875.2
11545.8
13462
19666.6
18032.2
3457.69
21643.1
16109.8
14461.3
14585.7
7457.35
11593.6
8504.65
9678.42
13730.8
8340.62
6103.51
9659.9
6799.41
3495.94
6738.22
4706.32
6144.64
8184.76
10359.2
1101.8
6676.28
7998.41
2592.13
3921.04
7536.95
12445.1
5339.88
4438.78
2400.39
10883.8
6574.55
7809.57
4724.17
12264.2
7229.4
7121.92
5181.66
13330.7
2897.56
3082.03
1968.61
12737
8144.13
10491.6
5109.42
4256.82
1657.71
5983.35
12190.5
9780.4
4221.92
2001.47
6730.64
2764.95
1629.05
7158.72
3921.18
5592.01
6858.57
7122.51
5929.22
304.644
2601.75
3053.84
12340.9
8108.58
4064.89
7513.89
6557.66
4363.82
2948.38
3680.12
2391.69
1356.23
4719
4091.36
3843.47
5300.84
5061.81
3287.8
633.881
4280.54
2851.44
909.664
4793.02
3062.13
2943.94
2988.13
6027.65
5732.05
9624.17
1412.99
6737.36
1277.73
1755.62
5493.46
460.831
0
1037.12
5263.34
1550.24
8529.45
2403.42
2740.83
7221.17
3780.7
3625.53
1382
1448.51
3089.54
4166.12
1623.34
5978.29
1075.9
1663.01
2521.45
1567.85
4738.75
3361.28
2366.05
3832.76
1458.12
5227.5
2216.2
2891.23
400.731
3599.11
1539.94
3766.38
2712.12
2121.79
2463.52
1872.3
2384.36
3164.54
5190.75
4358.92
1752.44
4054.03
1578.01
9496.13
2031.94
3887.88
3049.71
2806.96
1463.67
1999.65
1494.81
411.655
1228.67
5298.04
8455.15
4558.86
4817.27
876.216
2439.12
3241.11
3042.11
5352.52
725.342
6880.85
4277.49
4111.28
4456.24
3007.17
5002.69
2702.62
813.022
1054.42
2924.92
1425.18
1789.97
3471.55
4606.8
4704.38
856.005
1587.48
1666.94
1927.39
3368.16
3269.11
1493.45
1022.61
2404.22
2209.23
2366.78
2112.19
5053.24
2730.52
1444.62
1531.09
5389.12
4530.74
2365.61
384.47
1561.08
1886.35
768.173
333.492
3656.9
1107.94
854.385
2696.09
882.388
1459.37
2335.96
2691.8
1427.36
2000.22
2478.33
6618.65
1319.02
167.92
2282.82
5116.29
1464.33
2788.93
1514.96
6046.72
3112.82
2062.01
2920.36
1936.94
2654.11
797.605
