8003072
130055
338435
596429
575688
5.12654e+06
568176
515809
464646
95295.1
355993
196086
323857
599439
429262
1.31457e+06
534770
345831
538270
88165.8
224469
221546
296138
418446
275561
440018
393113
168794
567627
62641
90666.5
226364
312909
250090
141674
228578
171351
83882.1
472634
132294
81594.5
151688
284290
106301
44370.1
293805
31213.1
106770
313113
212245
120709
48519.9
217614
48073.9
16402.1
298068
120039
113938
125112
210733
115964
73140.8
162005
79714
36960
247119
170667
68238.2
64010.8
157023
38459.3
159318
112542
66244.4
49239.8
212506
145921
7332.32
132424
112444
46325
170971
49509.6
66589.7
27433.5
148004
103362
40221.7
154303
123266
109269
140404
9458.29
59191.8
28868.8
106808
48756.8
45419.9
122137
180448
103278
70258.7
5417.19
42496.4
62987.3
80567.3
23225.7
40950.5
88921.1
198770
63873.4
34843.2
6887.96
23981
87928.6
88699.6
34667
26728.2
65985.5
168924
21911.5
68353.9
53117.2
59861.1
82549.3
86400.9
82008
28513.7
46321.2
118663
19127
64610
106551
70545.7
50925.1
78689.9
105211
19568.2
16749.7
68731.6
38525.9
69938.3
121963
67402.9
21920.1
68333.5
99608.7
20855.7
36631.6
68243.9
24968.8
79645.7
111322
32905.1
57136.1
45403
78000.8
30957.4
50679.7
95283.6
12098.5
83939.4
73764.2
27680.1
67028.9
11664.7
66436.2
27774.6
52796
125504
14158
75971.3
23212.6
52807.8
50609.3
31434.1
66673.3
26816.7
36896.7
138261
11193.1
21807.6
45426.5
58013.8
29333.1
51890.5
68035.1
40531.2
21111.6
120815
7200.18
14625.6
57608.5
35666.9
49033.9
53947.2
45367.3
58562
20392.7
103842
19832.5
46103.9
70567.4
20718
73366
41027.5
29272.4
48700.2
39149.7
98430.9
13999.7
44742.4
77235.6
35845.2
60935.9
38373.4
20256
12340.1
54183.6
106719
24002.6
27135.4
79317.3
49154.3
43978
36035.9
17697
35114.5
57670.5
103587
49036.9
10000.6
58925.4
49636.5
36517.8
22744.8
34797.7
69904.9
43608.6
83976
66652.2
14109.7
31671.3
47192.7
39098.8
35488.9
55246.6
81201.6
19443.3
64888.1
65422.1
33368.3
42826.4
46030.5
25565.7
68177.6
