7728911
563711
227254
1.14481e+06
201746
4.63512e+06
303099
1.15529e+06
470053
537512
329447
482292
353429
614572
296088
617876
461118
707455
457587
481955
279123
406878
465159
216689
413185
132880
386602
113440
214903
261606
675684
389008
166782
191074
366102
49440
253270
193977
290114
116333
534165
204378
253290
227623
188278
72806.2
271117
145980
247907
175783
192123
110969
371726
178846
88345.1
50251.6
136378
28833.8
52569.9
183799
85354.9
144389
211878
112350
207526
166479
94050.4
37744.5
97701
143919
99127.5
112778
63211.9
192257
147876
179995
141840
98575.1
222275
50781
27607.6
179352
92473
152287
110019
98098.9
72738.7
144351
222545
57495.6
92055.1
131936
109979
86124.6
166729
52850.6
34403.7
75230.3
94555.7
130603
173877
47886.8
106381
77317.6
145905
45012.4
99178.3
12266.4
92711.4
144798
133393
35373.8
108633
50356.3
54015.7
53132.2
154147
46572.5
69430.9
101260
55897.9
110136
85011.5
60366.4
65234.5
22139
104663
71843.9
64437.1
68882.3
48219.7
139408
30910.9
54639.5
74075.2
63164.7
51584.9
104358
99767.6
90525.6
72004.9
140776
29241.1
108633
45983.3
75127.9
74971.1
120240
162095
128281
73199.4
160410
87724.4
65964.2
30502
133766
94289
74040.1
188957
165482
42478.7
130887
134734
96536.8
13575
121129
118387
13200.1
112766
154031
126444
59847.4
105474
132865
36723.2
42552.2
72400.4
67429.1
18036
105510
145405
31894.1
33758.5
88595.1
40849.6
35595.1
44374.8
67306.7
37795.2
81484.8
107985
24258.1
31964.5
42538.5
24239.9
54255.8
54572.2
54937.3
7165.87
83713.6
77258.4
34619.3
59912.1
16254.2
53110.6
74414.1
55990.6
87196.1
50768.9
33377.2
55109.8
81141.4
23148.3
26073
109407
83223.3
13895.6
87571.3
98824.8
75440.8
46155.3
81319.2
55560.6
46900.7
78971.4
90812
106068
55850.6
92829.6
130932
42546.7
22308.5
83243.4
84461.9
56757.2
100202
116895
56907
40791.7
87514.2
67714.7
69917.5
67038.1
90465
76515.6
76217
49075.5
57471.5
17866.9
52975.7
75578.9
51014.2
61628.4
77196.7
45105.4
51513.8
