7642637
330314
113726
1.4353e+06
318175
4.54532e+06
215167
1.17797e+06
258728
543452
608089
296207
220254
1.20896e+06
380692
639202
306602
599766
404510
399398
319312
500137
142509
586583
331705
211100
456473
187787
290519
97983.6
274033
466956
70441.7
154585
296373
243780
352008
177440
120804
149302
199482
196257
122921
244300
385595
183189
98867.8
40344.9
78360
98465.1
84158.3
164428
27364
222756
320133
187731
150183
100859
41060.6
94874
19768
166062
171165
141500
88601.3
120295
192398
96656.4
94993.8
193244
54155.1
86762.3
122273
115028
179156
79484.6
84403.9
25888.3
88519.8
154022
115680
19036.4
72313.2
75073
210465
84252.2
113134
4863.45
61916.4
89823
103233
37610.8
176152
30197.5
137383
53765.3
60792.1
21441.7
89527.9
37910
153213
55186.8
150057
17710.4
130990
58269.9
78537.5
22923.8
9595.36
66910.4
156142
21669.3
55164.9
34084.3
73792.4
62784.8
131367
53815.5
114560
65025.4
77460.4
30575.5
8671.75
106457
29029.8
52456.3
76503.7
61036.2
135181
24837.5
13253.2
14269.4
58015.5
133739
79214
111313
25392.5
48901.7
67394.6
30291
45419.4
71750.4
85045
76446.9
49917.7
94834.9
46445.2
82473
55517.8
78225.8
68783.3
65337.1
80478.2
59427.8
5073.17
41018.4
36247.7
53506.1
82972.2
97174.3
60903
35213.4
56024.9
45303.2
46125.2
100944
21075.5
39746.3
98335.8
51262.8
16413.4
75149.7
36248.1
41066.3
68135.2
78094.7
25019.1
77146.5
75800.3
38886.9
29733
48241.9
40032.6
97087.7
81349.4
22267.8
35221.3
45972.8
27860.5
65164.1
35984
57123.2
16698.7
65962.5
71982
78391
69543.7
67359.6
6773.33
49238.3
31355.5
68297.4
32331.4
12032.3
7932.59
62064.1
85687.4
91803.1
10962.7
68882.5
50167.3
40031.2
23653.2
61883.4
75675.6
4730.18
40471.5
74562.6
18803.2
34236.2
58638.9
66694.1
35237.9
60450.2
81279.2
29380.2
12424.5
61003.8
47879.9
42926.2
33076
63749.9
101187
43964.7
23705.4
36128.9
50.8035
35139.4
61147.8
83640.4
24328.4
15636.1
87494.9
16398.7
73863.3
48083.6
61235
52133.1
21756.4
67679.3
46271.2
4174.37
13204.8
28345.8
66126.3
61796.4
