3184506
488944
383172
257733
197408
895742
2.13983e+06
802675
602169
532626
315446
1.40648e+06
1.08784e+06
635479
496501
551344
697936
1.40595e+06
391987
509528
457472
570766
1.1152e+06
506740
129378
102894
65042.2
47201.1
661149
159849
81477.5
25795.8
89045.6
202508
249505
110882
107484
153919
104238
94481.9
179045
73420.2
74857.9
130782
166395
393799
246223
225282
154800
157591
333263
496886
306776
289760
257498
204880
454296
169468
64801.7
96935.3
134736
261430
201028
160622
166790
201854
184115
62949.5
310282
231100
232074
143729
61649.6
69187.8
121721
73471.9
74371.2
62055
65517.3
159963
82213.8
79627.9
13065.9
35397.1
252783
206166
181235
146026
173744
223607
178759
67190
71471
88587.7
87121.3
206243
140381
52101.8
66972.6
37122.6
82096.6
153116
24588.4
51497.3
110898
117704
160201
98715.6
76253.5
34968.5
38436.2
36725.4
93964.7
190241
141059
81927.6
105704
145644
188724
44298.6
63540.1
67280.3
60467.7
124829
164954
60216.1
89499.1
60609.2
73400.9
173713
109732
73972.5
97146
74241.7
89523.3
221137
79182.7
110170
45515.7
16610.4
114585
180381
114905
122343
99539.2
83874.2
68804.3
118157
101620
52914.6
62519.5
90670
170185
79329.1
86152.4
40622.4
28738.9
123504
122044
109336
86111.3
89775.2
123296
157168
73305.4
81126.7
64937.6
53805.4
101906
108769
5636.72
44290.2
48322.4
110796
37022.2
90004.9
26622.5
84433.8
70114
96613.7
102271
80684.1
57910.5
75957.6
91491.3
37011.6
80320.1
43731.1
37167.9
28684.7
82694.8
137292
28403.1
76012.1
84103.6
97484.8
92425.3
104534
67883.5
97352.1
76078
87308.8
141525
72664.1
80489
47475.5
21085.5
79406.4
123549
47187.1
108691
95959.4
97044.2
149325
129203
119065
79738.8
88142.8
123203
100857
104224
102711
50084.6
28515.4
75929
119153
47412.4
55562.5
51606.2
68378.2
115828
19180.4
96318
66840.1
64433.2
78830.6
85127.9
45286
64387.5
16436.1
31923.4
71367
94846.8
48616.2
14207.2
30292.4
109792
61074.6
110239
33579.3
89512.1
88155.7
24638.3
52339.5
40845.5
69319.4
