6717486
316369
442335
781711
917982
1.88444e+06
4.22202e+06
750102
385486
449862
186270
775501
914643
295968
327769
446591
392096
1.24624e+06
250349
208899
501111
260134
285269
998152
118902
247316
374410
104005
118992
268390
135618
313765
69109.9
172401
613020
343551
88988.6
95425
219173
148487
118920
58068
65160.5
327373
264675
172136
319600
85142.7
26848.8
237058
142312
355946
74607.2
147474
273848
179404
73036.8
71258
164144
27383.8
282182
157185
218451
157903
143782
43377.2
138117
121031
138327
89705.7
39119.1
204549
62570.5
146937
165079
97650
131612
79645.9
112843
68324.5
138330
36355.5
68256.4
189338
100126
110976
125548
100096
165814
31629.9
40614.2
203341
65345.5
111411
59417
76460.1
125638
121955
17830.7
141550
117384
46487.7
140202
39082.1
55454.3
153493
74722.3
74869.3
74180.3
56905
12276.3
120529
22239.1
82015.4
37074.9
70323.7
145332
126325
104270
73385.1
91808.5
52372.3
12364.3
10341.5
66476.7
35042.4
69340
26677.5
231074
65144.4
38993.7
55280.8
11219.1
75758.1
90392.7
82982.5
11648.6
63435.1
50345.3
127581
55500.2
30525.8
47350.1
22282.1
52009.6
174998
13512.2
44199.8
40459.9
28365.6
12662.1
53620.7
27073.5
64278.7
40319.3
25986.8
150427
112336
65897.6
45263.5
42043.2
36419.1
68829.8
41396.2
42158.9
106944
38449.4
56992
128572
30732.5
31445.6
36114.4
53454.1
113632
68610.6
20381.3
90102.9
50338.6
18155.1
52670.2
32671.7
24642.8
84954.5
17232.5
27681.1
140100
22223
17669.1
79775.5
16435.6
14974.2
20369.6
10204.9
54033.8
102780
69739.8
127763
41888
25005.9
40740.5
12557
7284.17
90276.6
24692.5
28856
149850
28005.4
41533.5
70299
13280.5
39276.6
43649.6
30087.9
92110.4
47789.4
38745.6
64085.1
80946.5
38493.8
46398.7
23759.6
13271.2
102679
25397.7
47386.4
59122
52539.4
27697.8
68725.9
21600.5
38662
60437.7
59617.6
97323.5
73799.2
28244.1
37247.4
81459.2
28013.8
76205.2
56007.3
45083.1
71326
65606.9
10906.2
68777.4
56587.8
26502.5
78058.8
15475.1
103258
26961.7
26744.9
61420.1
19343.2
66271
