0
14419.3
5926.58
13116.5
37439.7
145584
15034.3
9495.24
15199.9
19448.8
15422
11091
17704.7
24637.9
2365.05
8242.81
24767.4
21955.6
14058.6
8398.58
16633.3
30335.7
22962.9
26973.8
3311.12
15519.8
11755.7
13787.7
19821.5
18669.7
3457.69
22459.9
16109.8
14674.8
15278.8
7519.27
12075.7
8738.91
9952.35
14147
8340.62
6103.51
9792.94
7034.5
3495.94
6919.66
4850.44
6432.91
8184.76
10707.9
1101.8
6861.35
7998.41
2739.87
3977.25
7802.53
12445.1
5339.88
4438.78
2400.39
11376.5
6838.27
8076.56
4844.36
12264.2
7423.69
7330.32
5377.14
13907.5
2897.56
3082.03
1968.61
12737
8463.93
10798.1
5420.09
4256.82
1657.71
5983.35
12580.4
9780.4
4432.12
2001.47
6942.58
2764.95
1629.82
7243.77
3921.18
5592.01
7075.99
7341.8
6074.41
304.644
2601.75
3228.28
12534.9
8108.58
4169.06
7770.25
6784.95
4363.82
2948.38
3680.12
2503.57
1356.23
4870.09
4091.36
4023.09
5574.81
5230.04
3287.8
638.036
4280.54
3012.47
909.664
5013.98
3062.13
3060.86
2988.13
6230.28
5732.05
9805.82
1412.99
6990.88
1282.59
1755.62
5567.8
460.831
0
1039.13
5263.34
1601.73
8522.3
2447.82
2795.07
7352.32
3780.7
3782.02
1382.61
1502.88
3089.54
4343.96
1623.34
6235.67
1075.9
1663.01
2521.45
1604.4
5019.23
3487.34
2366.05
3970.9
1458.12
5429.8
2216.2
2932.96
400.731
3733
1539.94
3898.68
2712.12
2118.72
2570.56
1872.3
2384.36
3164.54
5345.89
4506.23
1752.44
4054.03
1578.01
9810.56
2031.94
4018.43
3049.71
2930.54
1463.67
1999.65
1494.81
415.64
1228.67
5625.15
8686.11
4742.08
4817.27
876.216
2439.12
3241.11
3042.11
5565.88
725.342
7108.62
4277.49
4236.47
4528.66
3116.21
5002.69
2702.62
813.022
1058.12
2924.92
1425.18
1789.97
3688.62
4606.8
4840.24
856.005
1587.48
1666.94
2029.88
3368.16
3369.79
1493.45
1022.61
2404.22
2209.23
2366.78
2112.19
5230.01
2730.52
1444.62
1531.09
5630.45
4610.98
2365.61
384.038
1561.08
1959.67
768.173
335.574
3656.9
1107.94
854.385
2806.53
882.388
1459.37
2335.96
2788.67
1427.36
2001.42
2478.33
6883.04
1319.02
167.529
2282.82
5310.03
1464.33
2902.17
1514.96
6155.86
3112.82
2144.48
2920.36
1988.06
2654.11
794.273
