8001114
67088.7
645497
328678
540885
5.07764e+06
587314
145430
673777
182568
326848
184138
523473
485006
386410
1.2272e+06
450177
152585
605158
307542
198990
236891
283876
545665
294328
370829
248203
159794
426997
307653
81391
223820
83808.7
456597
416773
93308.9
116938
111966
321931
297057
49262.8
239905
99833.2
285095
425384
40617.8
97547.4
41729.9
255778
204521
30714.1
351116
76786.9
202948
341057
83818.2
61848.5
111700
172383
183351
85421.3
393660
63097.9
182513
184307
97925.9
14451.9
120426
78824.2
204334
142731
333615
111252
99648.3
105224
81738.6
64403
83028.7
52669.3
232854
113063
225698
82001.9
34194.8
117381
66473
69611
70429.6
29591.7
218694
36721.6
119510
58856.9
86829.8
101419
69583.8
56046.3
96431.4
13134.2
180151
77866.6
66213.7
124223
83612.8
55918.1
31004.6
59569.8
97471.5
10217.5
95624.6
128740
81193
165633
47132.7
27164.1
47421
50116.7
96809
45021.1
74417.8
111602
111082
145659
57313.8
45153.6
95020.9
18856.4
95880.6
103508
69793
67405.2
108479
96216.8
63423.4
78032
116432
26285.1
99154.1
129864
27563.1
27836.6
56995.1
47983.1
49713.6
85647.2
109203
50239.9
114994
96935.4
27212.5
32118.5
24560.7
41375.5
53814.9
63335.3
100061
67701.6
101485
50270.9
57789.9
38995.8
37796
63161.3
72353.6
22948.4
82239.7
90246.9
46846.2
49907.3
46872.1
51438.5
20769.6
91107.9
75634.4
14138.3
80130.2
88954.5
13213.3
63652.4
7677.33
48161.3
45024.9
77139
60183.6
34164.5
81697.2
79949.1
49292.6
44252.9
45801.9
19350.1
78168.2
47478.8
59468.1
47173.5
78803.5
79051
41215.9
14087.5
56212.3
25739.5
85994
2213.41
71561.9
59668
71300.5
66271.2
12018.4
25623.2
51272.4
28932.3
55206.7
31683.9
87072.1
33594.6
85738.5
35341.3
49893.7
16011.4
48434.2
3935.94
34846.9
42416.7
79473.3
13539.4
99990
42712.6
61494.5
32514.4
37302.2
60649.7
24693.3
49039.4
51791.6
44933.6
96088.2
71048.9
45357.4
61202.1
3918.35
102929
18393.5
66618.6
41716.7
53226.9
86841.6
74726
41182.8
62951.5
39327.8
113731
29221
88811.9
50542.8
58392.7
71971.4
