7740538
272090
555523
623829
1.95038e+06
2.37067e+06
744286
444157
376936
2.36246e+06
627406
383989
430786
1.11394e+06
776568
140541
189145
172926
1.93256e+06
159720
373940
313949
567112
493699
342439
120612
435064
87855.2
345899
190023
102331
799923
892988
294212
379260
148409
484281
251050
36165.6
62920.2
99813.5
430637
208876
114098
42543.8
437953
23256.4
70898.8
326839
176337
123523
324252
44127.5
209463
192075
188845
242952
87673
196940
193482
240378
125588
223309
440433
276834
165791
150456
132830
155313
242251
146118
85356
192280
204383
133851
33873
221562
232584
194436
52167.1
149977
212796
71357.3
143703
96227.8
206128
159217
145795
211235
33233.4
37149.7
99275.5
54712.1
140190
179163
136463
17208.2
74453.3
170073
298290
74031.1
178767
70145.7
32167.1
160023
49266.3
41909.4
14039.2
44955.6
202626
65865.8
94974.2
76162.6
134203
194853
35069.5
48731.6
55478.1
262898
57895.5
78005
38282.3
104391
302904
82891.4
21368.5
33263.3
105615
32103.1
65739.4
101170
99256.7
49392.5
80194.5
103221
79392.3
64850.8
189913
83091.6
25822
68022.1
57359.6
21001.7
76189.7
99669
51066.1
135475
52019.8
38447.3
113119
82082.6
50979.7
55295.5
73458
103495
86939.5
31105.9
107487
93480.8
61185.7
127925
25317.2
55277.1
96069
26781.4
19087.1
117461
40547.7
144068
151642
28322.6
13918
161113
61992.2
23004.8
57974
31240.9
110397
19603
49520.1
30008.9
132843
119922
45928.2
36007.8
73144.6
104330
44855.4
57178.4
99248.5
17272.7
141266
85342.6
67260.9
55479.9
46385.3
91886.3
3867.43
58263.8
118572
98644
23254.6
28338.2
51324.2
87105.1
29772.5
52259.3
52957.2
99722
72632.7
51959.1
64370.8
72115.1
38256.8
169610
20563.3
35139.2
98944.5
87713.2
74547.4
99088
53102
74547.9
100163
18681.4
67020
79431.8
85857.1
52083.2
49330
21855.5
85026
114539
45682.5
44169.7
157890
5008.69
33223.9
45986.5
45457.7
52452.3
66410.8
40810.9
54345.3
20784.1
24117.7
53435
61208.3
99693.3
141334
124444
39969
69565.3
81467.1
128868
55137.2
