5829345
1.0625e+06
685661
829518
307284
2.83712e+06
1.12884e+06
731309
2.07598e+06
662514
1.07689e+06
881105
255626
1.81207e+06
320304
1.15417e+06
169366
672591
662511
581157
248872
68498.5
199403
165635
498243
306030
502367
382236
131943
596366
180370
195901
623049
148498
199938
16710.9
219870
417950
212951
362609
160494
163895
112814
155148
149451
195679
79221.1
170614
114445
32717.2
250605
55418.7
520218
147948
297883
144723
232864
171252
148875
146462
105271
195614
116414
103380
243859
146931
93634.2
73531.7
141794
185335
49166.3
143976
111674
154955
114010
132279
348176
7722.48
47470
55976.1
87268.3
85611.6
11903
75954.2
69240.4
95092.3
55891.9
52810.1
28955.4
143656
174410
213943
97963.3
67328
100126
129598
164993
152188
177547
44936.3
171998
120703
92472.1
82255
67332.8
16965.9
65127.7
101830
46024.4
78465.2
97442.9
116471
66380.6
145911
48279.5
75684.7
144019
87072.3
49126.7
51457.4
54925
97840.4
100949
91433.9
38879.4
36446.9
84092.3
127557
46061.7
120329
85771.5
39735.5
70462.4
136695
149228
156603
41445.1
95510.2
27019.7
38687.4
52198.2
47735
96380.5
55675.2
75800.9
28453.6
88219.9
54513.7
95191.7
7469.42
24804.8
26074.4
20054.9
142097
82917.1
71778.2
100954
95350.5
80975.2
59790.6
114234
63665.2
30666.5
37853.1
64543.4
65274.5
39000.5
54224
50879.5
70133.8
24651.6
98949.7
153968
44379.6
57152.3
43980.6
37898.3
77699
48498.8
50266.4
70547.4
148614
61559.2
53499.4
28831.6
17733.6
56519.7
40675.8
46809.3
59816.7
34940.9
46643.2
103005
99367.1
22994
36494.2
54853.5
97041.1
89962
24934.8
63849.3
30075.4
39787.3
62656.2
89074.3
59651.7
93528.9
69782.5
35443.7
43818.8
24297.2
110379
65148.6
44773.8
41806.2
43842.7
52305.8
66163.9
121867
73737.7
68019.6
9865.19
9200.77
89656.1
70052.1
60525.5
34738.5
77935.9
57372.6
15076.5
61643.9
57806.3
59802
49844.4
35478.5
76237.8
42866.4
77601.8
41335.6
27767.4
52384.3
59442
114542
104631
33394
39598.3
56925.5
53624.4
101009
34342.1
83535.2
51063.1
53980.8
59227.4
33968.3
34465.5
