7545220
738450
892678
1.04524e+06
2.99974e+06
2.22822e+06
935567
794844
423655
1.66679e+06
168940
56217.1
181059
183590
737285
260878
93626.3
668281
1.89892e+06
298675
323463
223932
164997
218779
171111
96850
39230.3
604960
532473
365340
146707
154037
334946
212851
119081
253448
132427
256829
95729.9
356533
643674
769310
295551
235158
175763
153649
149961
42499.7
148878
258065
167242
312781
158068
105824
118868
375884
195207
209437
244594
157458
182151
75552.5
290884
461839
103526
185448
185292
118632
199946
47549.7
124515
152082
261219
55879.5
105956
137990
62451.5
119116
300287
161037
184369
146251
77954.5
47209.1
115825
148307
125667
164478
59480.7
86532.6
145904
108734
167196
131669
84045.5
101332
16283.4
174736
253364
116010
147157
157827
126283
112394
48322.5
18258.9
59624.2
206766
117820
122964
87984.1
73076.3
52009.6
84423.3
60750.9
135476
58830.9
76057.9
42509
86067.4
116953
139133
85330.3
111255
109604
94637.3
61418.6
80945.1
33196.5
139969
132113
77803.4
108732
65331.8
125940
89170.4
28453.6
141956
30776.3
11550.9
48809.3
89017.9
98847.3
80001.7
59726.6
103184
100118
35364.8
46172.1
88292.2
35827.1
29578.8
126933
55195.7
19170.9
107776
120658
129861
97685.8
71808.2
119512
28731.5
44755.4
36306.6
90015.9
43155.8
28453.8
92991.2
134361
38981.2
35458.3
42124.2
46811
69445.3
80354
51521
108438
13064.6
132986
146132
62372.1
90984.9
142405
67201
32056
37437.6
87285.2
76260.3
113013
42917.4
29651.6
74288.2
39572.9
44003.8
64057.2
77278.6
86352.3
57644.1
100810
58763.1
25096.1
62066.7
68162
35834.2
28375.3
150584
33413
49829.8
23466
77129.3
104998
94529.9
26009.7
48221.6
68729
37559.8
39259.2
73652.5
129977
71807.5
39079.5
80208.4
40986.2
36861.4
54616.5
78717.1
89143.6
119356
48950
39074.7
25176
54181.9
39475.3
102307
58893.1
40793
49369.4
63902.2
49010.7
52978.1
82602.7
137016
49544.1
46450.9
19896.3
80454.1
35901.1
40502.5
150667
91354.4
131719
48698.4
9144.85
24727
74977.2
86213.1
