0
14362.3
5862.21
12812.6
37307.7
141592
14786.5
9352.6
14935.3
18901.3
15335.8
10697
17235.2
23787
2365.05
7961.72
24767.4
21930.8
13731
8162.33
15889.3
29226.7
22879.3
26188.3
3311.12
14982.9
11578.6
13515.3
19695.6
18140.4
3457.69
21771.9
16109.8
14487.6
14699.2
7457.35
11667.3
8542.48
9730.63
13794.7
8340.62
6103.51
9672.21
6833.89
3495.94
6763.37
4730.97
6197.72
8184.76
10422.5
1101.8
6712.48
7998.41
2618.38
3921.04
7583.85
12445.1
5339.88
4438.78
2400.39
10952.2
6615.33
7852.17
4744.37
12264.2
7261.29
7155.79
5212.1
13417.8
2897.56
3082.03
1968.61
12737
8195
10538.9
5156.38
4256.82
1657.71
5987.99
12245.8
9780.4
4254.93
2001.47
6759.59
2764.95
1630.78
7175.52
3921.18
5592.01
6896.91
7158.47
5951.01
304.644
2599.18
3085.33
12373.5
8108.58
4074.52
7551.91
6591.66
4363.82
2948.38
3680.12
2400.63
1356.23
4745.77
4091.36
3879.61
5345.44
5093
3287.8
636.149
4280.54
2872.62
909.664
4831.15
3062.13
2965.86
2988.13
6062.09
5732.05
9653.28
1412.99
6772.98
1280.55
1755.62
5496.07
459.07
0
1037.2
5263.34
1554.56
8520.72
2403.42
2745.79
7237.95
3780.7
3654.08
1382.61
1458.78
3089.54
4202.66
1623.34
6020.47
1075.9
1665.02
2521.45
1574.86
4784.08
3384.21
2366.05
3865.01
1458.12
5260.15
2216.2
2907.53
400.731
3624.07
1539.94
3796.93
2712.12
2114.89
2474.94
1872.3
2384.36
3164.54
5221.48
4376.99
1752.44
4054.03
1578.01
9548.46
2031.94
3921.52
3049.71
2830.8
1463.67
1999.65
1494.81
411.024
1228.67
5351.29
8489.44
4588.19
4817.27
876.216
2439.12
3241.11
3042.11
5392.14
725.342
6909.68
4275.76
4142.74
4456.24
3024.73
5002.69
2702.62
813.022
1053.65
2924.92
1425.18
1789.97
3510.63
4606.8
4724.61
856.005
1591.86
1666.94
1942.45
3368.16
3285.74
1493.45
1022.61
2404.22
2209.23
2366.78
2112.19
5077.26
2730.52
1444.62
1531.09
5434.29
4542.62
2365.61
384.688
1561.08
1903.18
768.173
333.546
3656.9
1111.22
854.385
2716.41
882.388
1459.37
2335.96
2699.86
1427.36
2003.94
2478.33
6658.85
1319.02
166.4
2282.82
5148.8
1464.33
2802.17
1514.96
6077.53
3112.82
2077
2920.36
1944.64
2654.33
797.12
