8170256
440944
652496
705708
2.94612e+06
1.29945e+06
463895
1.27695e+06
1.54284e+06
786521
521392
185563
541074
208480
711528
87532.4
1.20377e+06
1.88166e+06
460003
430308
1.70348e+06
508154
585631
389005
760988
130315
64480.3
398276
1.13359e+06
591539
450762
237081
154655
341315
142908
162080
361852
227837
330576
257293
234064
114855
561202
56912.1
47751.5
229318
201800
235709
415843
500125
248005
135317
183783
228777
208736
190947
88393.5
112044
209377
84594.6
187168
54568.3
118401
171752
146267
200869
227355
156172
251602
182758
202184
96516.4
253208
353557
153638
250694
290584
104862
163258
122787
75213.2
61517.5
136363
110570
254347
71329.9
29707.9
149024
183709
257298
266629
80239.5
223496
169591
184265
137507
63802.8
232475
185719
186019
84502.7
98450.9
85909.1
222768
212204
66625.8
80378.7
43503.3
134472
80029.1
94089.5
33288
132226
89900.5
87157
79368.4
113561
139262
210997
66611.5
100224
71264.7
37383.6
157599
92110.6
41607.2
93515.3
27417.4
229190
44735.1
131722
72573
89344.3
65075.8
79631.8
151316
157275
165707
84877.9
241316
14370.7
109735
80380.5
131448
123449
219282
54028.3
130612
24372.5
89356.6
115415
76497.2
22252.7
34070.9
73476.3
128173
75885.8
147016
127098
153609
72452.6
59562.4
82396.2
32467.5
29567.9
80245.8
42312.2
42403.6
85113.8
10614.6
61684.9
96743.2
113631
84605.2
156626
107059
118736
42383.3
95532.2
34048
28171.8
72544.9
153678
183859
18286
78588.3
51153.4
112018
91494.4
93555.7
78538.8
51322.2
104402
35271.7
83720.3
157721
47725
76594.2
42662.2
35494.2
21313.8
48695.7
73321.9
53001.9
149302
8619.02
112487
110872
68937
20339.5
44433.3
64035.8
160805
87717.1
20695.4
112479
113718
52571.6
30543
25795.1
88100.9
57612.3
91754
92409.1
32929.4
41196.7
79288
87513.3
94646.1
141818
119676
101047
62146.8
21076.5
50223
98654.1
32716.2
7178.55
36105.9
14440.2
42192.9
68011
35974.2
34901.3
144629
97597.4
37819.6
22065
109119
47902
51532.6
101867
171079
23790.4
25487
56692.9
