0
14441.4
5950.62
13232.8
37502.3
147211
15129.7
9556.84
15311.5
19669.9
15457.9
11256.1
17896.1
24997.9
2365.05
8363.46
24767.4
21972.9
14196.3
8480.23
16947.6
30804.3
22980.6
27294.6
3311.12
15731.6
11845.6
13886
19880.1
18901.8
3457.69
22736.4
16109.8
14756.9
15516.1
7556.2
12242.6
8801.13
10050.2
14298.9
8340.62
6103.51
9830.13
7134.25
3495.94
6980.92
4896.81
6511.61
8184.76
10828.6
1101.8
6934.04
7998.41
2804.14
4003.37
7896.73
12445.1
5339.88
4438.78
2400.39
11561.7
6919.14
8167.19
4896.76
12264.2
7499.16
7411.23
5434.06
14101.9
2897.56
3082.03
1968.61
12737
8564.51
10890.7
5495.82
4256.82
1657.71
5988.49
12723.6
9780.4
4490.89
2001.47
6989.51
2764.95
1632.35
7276.41
3921.18
5592.01
7151.01
7405.01
6116.15
304.644
2601.75
3259.37
12603.1
8108.58
4213.76
7847.76
6869.38
4363.82
2963.93
3680.12
2544.41
1356.23
4932.73
4091.36
4074.11
5666.28
5290.43
3287.8
638.661
4280.54
3051.16
909.664
5087.98
3062.13
3091.59
2988.13
6310.41
5732.05
9855.68
1412.99
7061.34
1275.55
1755.62
5588.71
459.837
0
1034.72
5263.34
1619.93
8536.47
2482.85
2774.51
7415.99
3780.7
3835.89
1380.91
1520.8
3089.54
4405.02
1623.34
6335.27
1075.9
1663.01
2521.45
1629.41
5109.04
3557.25
2366.05
4014.51
1458.12
5502.17
2216.2
2948.84
400.731
3770.03
1539.94
3930.85
2712.12
2116.51
2616.63
1872.3
2384.36
3164.54
5395.75
4551.66
1752.44
4054.03
1578.01
9928
2031.94
4057.54
3049.71
2966.67
1463.67
1999.65
1494.81
412.167
1228.67
5732.72
8765.81
4791.66
4817.27
876.216
2439.12
3241.11
3042.11
5639.01
725.342
7189.73
4275.63
4284.41
4593.82
3162.41
5002.69
2702.62
813.022
1058.06
2924.92
1425.18
1789.97
3756.16
4606.8
4902.33
856.005
1587.48
1666.94
2055.42
3368.16
3415.12
1493.45
1022.61
2404.22
2209.23
2366.78
2112.19
5281.91
2730.52
1444.62
1531.09
5729.55
4643.02
2365.61
385.052
1561.08
1995.67
768.173
334.356
3656.9
1107.94
854.385
2861.25
882.388
1459.37
2335.96
2808.41
1427.36
2012.52
2478.33
6980.63
1319.02
167.003
2282.82
5383.22
1464.33
2945.42
1514.96
6184.47
3112.82
2154.91
2920.36
2005.14
2654.11
793.6
