0
14397.8
5892.78
12993.4
37383.5
143974
14954.6
9441.34
15082.5
19232.3
15395.3
10940.6
17513.9
24293.9
2365.05
8133.33
24767.4
21940.7
13925.8
8310.92
16334.8
29893.9
22933.9
26648.6
3311.12
15312
11685
13682.8
19758.9
18466
3457.69
22175.8
16109.8
14593.1
15043.6
7476.92
11915
8660.02
9855.01
14019.5
8340.62
6103.51
9748.37
6950.11
3495.94
6861.48
4793.05
6347.23
8184.76
10574.4
1101.8
6797.66
7998.41
2697.22
3936.57
7709.37
12445.1
5339.88
4438.78
2400.39
11191.7
6743.89
7983.81
4795.05
12264.2
7367.99
7266.71
5313.14
13697.6
2897.56
3082.03
1968.61
12737
8354.34
10681.5
5325.7
4256.82
1657.71
5987.99
12444
9780.4
4373.47
2001.47
6878.08
2764.95
1631.89
7223.29
3921.18
5592.01
7003.92
7269.42
6029.19
304.644
2601.75
3165.73
12471.3
8108.58
4138.43
7675.96
6702.97
4363.82
2948.38
3680.12
2455.01
1356.23
4826.63
4091.36
3973.54
5477.24
5179.13
3287.8
639.144
4280.54
2952.84
909.664
4941.73
3062.13
3026.02
2988.13
6161.16
5732.05
9745.16
1412.99
6907.65
1278.37
1755.62
5543.25
459.07
0
1038.3
5263.34
1583.17
8525.09
2416.39
2751.86
7306.76
3780.7
3728.18
1386.64
1482.47
3089.54
4287.46
1623.34
6154.78
1075.9
1663.01
2521.45
1598.22
4927.01
3443.23
2366.05
3927.87
1458.12
5370.39
2216.2
2923.8
400.731
3680.38
1539.94
3857.6
2712.12
2120.2
2528.72
1872.3
2384.36
3164.54
5291.29
4453.02
1752.44
4054.03
1578.01
9704.92
2031.94
3984.78
3049.71
2884.06
1463.67
1999.65
1494.81
415.562
1228.67
5515.37
8601.92
4675.66
4817.27
876.216
2439.12
3241.11
3042.11
5505.73
725.342
7025.06
4275.76
4195.36
4463.8
3083.07
5002.69
2702.62
813.022
1057.48
2924.92
1425.18
1789.97
3625.18
4606.8
4788.05
856.005
1587.48
1666.94
1992.06
3368.16
3324.33
1493.45
1022.61
2404.22
2209.23
2366.78
2112.19
5168.27
2730.52
1444.62
1531.09
5553.93
4579.06
2365.61
385.753
1561.08
1938.9
768.173
333.305
3656.9
1107.94
854.385
2772.12
882.388
1459.37
2335.96
2766.04
1427.36
2005.84
2478.33
6809.52
1319.02
167.967
2282.82
5253.28
1464.33
2856.24
1514.96
6122.38
3112.82
2125.71
2920.36
1977.92
2654.11
796.092
