6432584
162644
716814
2.00806e+06
851385
1.88995e+06
590158
2.26189e+06
1.32755e+06
752120
2.20722e+06
492052
368065
891461
463772
1.14678e+06
307579
915172
428615
600917
669128
132656
371137
1.17263e+06
426288
197092
319835
64935.8
277634
291820
196097
184025
365732
383191
126324
523091
271432
284944
316887
296122
331359
509478
120481
296367
233952
405326
247755
34392.5
326471
313808
122311
72474.4
66871.8
122272
83457.1
33705.1
162086
100525
152192
150805
127767
104901
183669
78932.4
82693.3
198444
263055
180309
237908
93110.6
111369
77614.5
54072.7
96415.9
99537.2
167744
105418
163243
297736
225695
107060
136099
156813
14985.2
151970
44535
29354.6
62980.3
37305.5
117894
110081
127029
125261
153394
89789.1
187086
140052
226013
110805
125554
89533.1
209783
31105.6
170940
27269.9
54941.2
114401
40911.5
45118.3
98956.1
27629.8
44974.8
207167
54071
88909.5
33698.3
25168.6
50579
130648
64773
151930
29486.5
100198
41384.7
124489
90201.1
71371.3
83782.7
73285.8
72513.7
135775
45520.6
18096.3
80466
158783
105770
133876
99016
58533
50769.2
86228.8
34769.8
110612
18458.2
71406.9
101061
21232.7
16570.5
63511.9
78432.3
96264.6
100990
178980
74239.7
99531.7
93605.4
54998.1
75746.6
34085.2
116071
100213
75508.7
37082.2
37596.3
81506.4
71468.9
26180.3
130050
86749
57610.4
82854.1
60457
69849.9
94349.4
32302.5
44437.1
69471.3
77952
87308
23331.2
71013.3
23398.3
30242
110291
53091
100074
93221.8
59191.9
55166.9
16746.2
43179.7
82378.4
118034
44509.5
31801.7
67285.9
48042.8
67699.4
65954.7
41915.2
116476
74849.9
81382.8
41368.2
62110
12548.5
68718.5
33075.5
74076.7
33597.7
162262
60151
42477
78123.6
2244.81
45754.5
52992.7
68037.2
48325.7
119521
63003.7
13919.8
87479.2
61896.1
66769.8
93161.4
23143.3
99082.2
44812.8
28991.1
53585
56672.4
53747.4
22951.1
120387
76689.4
40707.9
56015.4
50292.7
97906.2
47677.5
33079.6
38578.9
74050.1
106628
76324.2
71062.3
69989
41804
28006.8
64321.6
38184.7
23823.9
35871.7
66022.6
105379
