0
14539.3
6185.77
14004.6
37828.7
157398
15805.7
9912.56
16029
21060.8
15730.3
12234.9
19106.1
27257.3
2365.05
9092.57
24767.4
22096.4
15042.8
9043.68
18952.8
33746.1
23181.1
29343
3311.12
17127.9
12321.8
14505.6
20221
20290.3
3457.69
24457.4
16109.8
15185.1
16966.7
7778.35
13284.2
9223.21
10618.1
15293.8
8340.62
6103.51
10123.8
7636.6
3495.94
7396.12
5198.73
7141.51
8184.76
11522.5
1101.8
7364.76
7998.41
3122.14
4246
8520.78
12445.1
5339.88
4438.78
2400.39
12606.4
7446.87
8702.45
5202.86
12264.2
7996.52
7886.84
5830.14
15302.7
2897.56
3082.03
1968.61
13135.1
9272.09
11484.3
6175.84
4256.82
1657.71
5988.49
13575.9
9809.07
4913.54
2001.47
7404.91
2764.95
1634.06
7511.29
3921.18
5592.01
7632.19
7874.55
6436.64
304.644
2601.75
3532.71
12977
8108.58
4526.95
8287.74
7364.26
4363.82
3082.71
3680.12
2754.81
1356.23
5353.25
4091.36
4449.99
6342.95
5677.55
3296.79
638.132
4280.54
3303.16
909.664
5528.01
3062.13
3374.32
2988.13
6804.87
5732.05
10256.3
1412.99
7600.08
1282.73
1802.42
5702.48
459.837
0
1037.9
5263.34
1702.74
8612.61
2628.02
2888.99
7746.84
3780.7
4119.4
1382
1684.7
3089.54
4814.91
1623.34
6886.63
1075.9
1663.01
2521.45
1760.45
5724.39
3903.36
2366.05
4295.14
1458.12
5972.31
2216.2
3049.57
400.731
4045.96
1539.94
4230.01
2712.12
2125.57
2862.34
1872.3
2384.36
3266.22
5737.09
4886.84
1752.44
4093.83
1578.01
10615.7
2031.94
4313.05
3049.71
3223.72
1463.67
1999.65
1494.81
412.866
1228.67
6445.63
9222.64
5170.95
4817.27
876.216
2439.12
3241.11
3042.11
6032.05
725.342
7683.29
4275.63
4538.11
4909.14
3413.06
5002.69
2702.62
813.022
1058.46
2924.92
1504.53
1789.97
4221.5
4606.8
5187.7
856.005
1587.48
1666.94
2289.58
3368.16
3639.86
1493.45
1022.61
2404.22
2209.23
2366.78
2112.19
5605.79
2770.21
1444.62
1531.09
6225.91
4766.6
2365.61
383.266
1561.08
2175.8
768.173
335.476
3656.9
1107.94
854.385
3030.36
882.388
1581.98
2335.96
3011.87
1427.36
2012.45
2478.33
7597.6
1319.02
169.499
2282.82
5810.97
1464.33
3194.37
1514.96
6438.4
3112.82
2307.45
2920.36
2115.81
2654.11
798.911
