12465222
235138
269864
177585
225751
132504
1.02793e+06
860527
431145
481959
555730
820354
1.50263e+06
2.96964e+06
607174
237032
272215
179745
251926
910222
490570
182571
223378
367103
612434
1.56208e+06
1.07414e+06
344290
73464.1
104260
70422.4
155356
902469
39367.3
79624.9
36028
65534.5
202002
638440
358586
83934.7
72263.9
121876
214830
419650
570809
95212.6
56004.4
130610
135753
426445
681572
210510
101157
82230.7
53340.1
64549.9
372823
181951
62134
60471.1
155741
157648
568556
195897
137950
102696
67717
73641.9
71143.7
142697
155911
37642.9
86452.2
49338.5
38689.4
141172
196111
83291.7
60082
106837
101887
295110
101000
178421
69573.4
37741.5
100126
103772
433541
120625
59027.5
144549
9105.58
98992.1
252660
186106
85965.6
42011.5
96619.3
121488
213056
257611
80057.1
44932.7
72920.7
37189.2
64133.1
176580
159883
52614.6
29651
26468.6
66097.2
163235
91934.3
126875
43332.4
48193.7
116566
150357
193911
101441
52704.6
90007.8
67914.5
120036
352287
73250
98152
36469.4
48308.8
110798
173431
56197.5
109634
85130.9
150633
47420.1
167230
195012
95751
72886.3
64712.6
83358.7
23771.3
91988.2
24588.5
100979
82511.3
106112
57131.8
16433.8
36233.1
84188
83189.1
126103
66821.8
142648
115053
59405.5
65465.3
41386.7
113715
63862.3
194461
44398.6
94862.3
131546
47366.4
89989.2
145671
78037.6
16198.1
66198
69214.7
87105.4
58207.1
135177
25751.8
78881.4
82661.3
36968.9
84342.1
103551
90350.8
65007.4
45365.5
17066.7
105077
63375.4
120595
45816.1
75806.5
34713.5
63805.8
72437.3
176518
14738
67022.5
76170.8
124258
119753
164036
114046
11832
101029
51417.8
66218.3
67616.8
78699.7
30104.5
66342
142877
71939.3
101076
100955
18293.3
25959.8
65343.4
112494
44717.1
116388
49508.8
39102.9
47272.2
132268
53319.1
12154.5
45589
39447.7
56894.1
98425.5
119130
129403
165537
81191
14250.2
44802.9
126449
52124.1
50969.8
79117.6
31210.3
94766.3
71376.3
97995.1
145251
59271.7
51058
10719.3
80396.4
65371.7
44836.7
36827.6
75812.2
