2788905
137547
200831
259942
473577
1.29274e+06
2.08241e+06
558828
241497
175220
262166
1.94275e+06
789089
436999
268163
224351
380748
1.67611e+06
227509
136424
140800
72814.8
619347
802029
348101
250814
249660
278435
391372
145615
114296
134666
156400
254586
228898
73977.6
133040
128508
175800
429581
142104
7435.83
105494
73007.4
81695.8
608513
52395.5
56840.3
151846
150830
337448
416450
110153
60835
133308
141976
426841
57363.7
21849.2
17604.5
56566.5
128107
237012
90776.8
127090
98422.7
84394.6
53207.7
74659.4
53980.1
98464.2
88977.3
96461.2
189692
89078.8
94125.7
66425.2
59801.2
174948
212495
35994.2
54791.4
38068.8
33868.5
266732
122158
48092.9
56309.9
42099.4
139702
203632
43929.8
23901.6
40774.1
3332.37
143674
118312
7692.37
64727.3
58116.2
78536.2
50358.1
111199
53082.8
47557.9
55604.8
84595.3
165137
44349.6
39334.7
47585.5
53056.6
150340
134941
51313.6
18445.1
56563
89534.5
209721
17074
41458.7
50728.5
48122.5
112875
143168
47139.3
88400.6
104615
118001
48148.2
72375.3
39595.7
60261.8
79611.8
136435
85029.5
35375.9
94116.7
43575.6
27379.2
98766.5
94562.9
9448.66
90284
50696.4
19300.2
145179
27581.4
8013.08
68324.8
38578
93563.6
106875
51839.7
22758.3
66490.6
68814.1
115694
57745.6
58882.4
11560.6
42057.4
99838.7
51055.3
79118.9
87650.4
20377.5
17570.4
68613.5
82860.2
37841.5
78648.9
30956.2
41737.5
41085.6
79522.7
53136.8
35696.6
39250.1
55939.5
87348.6
19159.5
37068.8
37701.6
69013.4
83612.1
72320.5
36674.5
10588.1
49539.2
118602
53272.3
60444.4
52970.1
15520.1
28448.8
112634
87668
26369
80841.5
53002.6
31744.8
29144.9
86481.7
32085.4
74156.5
77509.6
41489.2
84069.6
7044.84
24798.7
50628.7
73950.3
43375
82652.2
71142.2
35670.4
51271
81521.4
78351.2
26254.4
80950.1
46764.6
39926.8
88017
65065.9
58116.7
79158.3
65389
58364.3
38497.9
56151.3
53846.1
61201.5
57426.6
75195.3
57787.6
26949.4
69213.5
19640.9
48286.2
24870.5
70098.3
36721.7
60334.1
21826.2
59032.2
67648.1
31425.3
54737.3
40464.4
32748.2
79419.1
53365.6
81956.8
33515.4
