0
14597.5
6299.13
14341.6
37969.2
161824
16068
10065.4
16349.8
21696.8
15833.8
12678
19618.7
28264
2365.05
9432.29
24767.4
22167.2
15397.4
9279.47
19844.4
35058
23278.1
30240.9
3311.12
17739.2
12526.1
14782.4
20339.1
20908.7
3457.69
25184.7
16109.8
15362.9
17615.7
7865.28
13721.8
9449.86
10856.6
15722.1
8340.62
6103.51
10234.3
7848
3495.94
7611.64
5294.6
7393.43
8184.76
11841.1
1101.8
7557.54
7998.41
3274.16
4325.82
8802.18
12445.1
5354.81
4438.78
2400.39
13052.1
7680.21
8939.38
5337.72
12264.2
8172.3
8116.32
6007.18
15842.7
2916.15
3082.03
1968.61
13350.3
9559.75
11719.9
6475.95
4256.82
1657.71
5987.99
13959.3
10060.6
5114.45
2001.47
7552.49
2764.95
1629.47
7626.37
3921.18
5592.01
7835.05
8088.09
6570.01
304.644
2599.18
3647.05
13130.5
8108.58
4696.94
8484.59
7607.6
4363.82
3117.57
3680.12
2866.79
1356.23
5520.85
4091.36
4618.32
6622.01
5844.97
3369.62
636.201
4280.54
3419.02
909.664
5731.91
3062.13
3484.28
2988.13
7020.79
5732.05
10423.7
1412.99
7798.41
1282.81
1832.07
5771.48
454.676
0
1045.46
5264.31
1730.98
8650.1
2709.03
2965.04
7892.08
3780.7
4249.44
1382
1744.19
3089.54
4970.09
1623.34
7129.6
1075.9
1665.02
2521.45
1806.12
6006.29
4039.62
2366.05
4436.9
1458.12
6158.5
2216.2
3093.47
400.731
4165.9
1539.94
4365.67
2712.12
2152.99
2986.78
1872.3
2384.36
3353.82
5914.65
5005.6
1752.44
4147.84
1578.01
10910
2031.94
4434
3049.71
3345.32
1463.67
1999.65
1494.81
413.087
1228.67
6753.79
9451.13
5341.57
4817.27
876.216
2439.12
3241.11
3042.11
6203.58
725.342
7871.21
4275.76
4647.34
5043.08
3492.87
5002.69
2702.62
813.022
1057.22
2924.92
1569.06
1789.97
4430.6
4606.8
5295.32
856.005
1591.86
1666.94
2386.68
3368.16
3738.38
1493.45
1022.61
2404.22
2209.23
2366.78
2112.19
5740.34
2836.6
1444.62
1531.09
6456.62
4824.67
2365.61
385.523
1561.08
2226
768.173
331.76
3656.9
1111.22
854.385
3125.22
882.388
1679.23
2335.96
3100.31
1427.36
2006.84
2478.33
7884.44
1319.02
168.012
2282.82
6019.12
1464.33
3303.91
1514.96
6538.72
3112.82
2401.65
2948.68
2179.66
2660.96
806.551
