0
14551.6
6416.59
15011.6
38248.6
170577
16615.4
10352.2
16962.5
22926.3
16038.3
13562.3
20642.4
30272.5
2365.05
10096.4
24767.4
22249
16087.4
9790.92
21647.7
37683.4
23460.9
32023.1
3311.12
18973.2
12907.1
15346.8
20600.4
22122.6
3457.69
26677.1
16109.8
15727.5
18892
8032.67
14611
9838.5
11376.2
16541.8
8673.23
6164.54
10476.5
8250.82
3495.94
7986.65
5517.61
7957.75
8184.76
12453.4
1101.8
7922.02
7998.41
3591.24
4494.89
9356.15
12679.4
5411.27
4438.78
2402.51
13977
8124.58
9426.49
5606.46
12264.2
8547.06
8518.2
6356.01
16934.1
3019.92
3082.03
1970.77
13733.3
10128.4
12188.2
7105.97
4256.82
1658.19
5983.35
14685.5
10519.7
5493.82
2001.47
7933.26
2764.95
1667.41
7769.24
3917.2
5592.01
8254.18
8484.74
6841.02
304.644
2594.96
3945.1
13393.1
8108.58
4987.69
8878.84
8043.44
4363.82
3197.85
3717.83
3081.55
1356.23
5812.8
4091.36
4975.71
7290.51
6197.85
3551.02
640.888
4280.54
3680.14
909.249
6131.49
3062.13
3741.74
2991.41
7382.32
5751.02
10744.3
1412.99
8210.47
1274.37
1892.99
5923.37
448.219
0
1057.84
5339.31
1822.19
8702.54
2791.24
3043.81
8138.04
3780.7
4526.24
1377.6
1872
3089.54
5320.04
1623.34
7630.76
1075.9
1664.02
2521.45
1939.16
6565.91
4350.64
2370.88
4718.36
1458.12
6601.67
2216.2
3196.18
400.731
4389.34
1539.94
4640.3
2712.12
2196.8
3269.77
1879.92
2384.36
3497.66
6199.07
5325.31
1752.44
4297.95
1578.01
11544.9
2031.94
4625.37
3049.71
3587.32
1463.67
2000.98
1494.81
413.295
1228.67
7416.06
9818.51
5667.46
4817.27
873.916
2439.12
3310.21
3042.11
6590.79
725.342
8261.14
4277.49
4833.87
5313.84
3692.31
5002.69
2700.01
813.022
1057.46
2924.92
1658.54
1796.32
4831.55
4667.03
5510.84
858.625
1584.32
1666.94
2588.01
3411.47
3922.58
1493.45
1027.82
2404.22
2205.13
2366.78
2221.21
6027.49
2966.94
1444.62
1520.2
6936.92
4950.38
2365.61
388.202
1561.08
2397.87
768.173
332.71
3656.9
1108.69
854.385
3277.46
882.388
1798.42
2335.96
3310.52
1427.36
2009.62
2478.33
8438.78
1319.02
167.92
2282.82
6452.82
1441.78
3458.91
1514.96
6721.59
3193.24
2516.12
2965.99
2288.24
2707.85
814.03
