0
14681.2
6429.64
15159.3
38334.1
172947
16779.2
10425.7
17126.4
23263.5
16102.8
13800.8
20925.6
30807.6
2363.31
10237
24767.4
22268.6
16290.5
9921.05
22118.6
38420.3
23526.9
32494.5
3311.12
19314.1
13004
15496.7
20662.1
22442.2
3457.69
27084.9
16109.8
15829
19261
8057.37
14861.7
9957.42
11522.6
16774.9
8810.61
6207.83
10546.9
8364.89
3495.94
8098.61
5575.41
8091.59
8184.76
12629
1101.8
8002.57
7998.41
3679.01
4541.12
9504.64
12784.1
5418.2
4438.78
2400.39
14227
8262.97
9544.39
5667.89
12264.2
8658.75
8638.73
6461.62
17235.1
3036.4
3089.04
1968.61
13849.4
10292.5
12323.7
7267.69
4256.82
1657.71
5987.99
14889.2
10635.9
5599.93
2001.47
8038.23
2764.95
1699.9
7811.76
3921.18
5592.01
8374.02
8590.54
6908.51
304.644
2599.18
4014.01
13456.7
8108.58
5052.28
8990.71
8157.03
4363.82
3222.87
3753.87
3132.99
1356.23
5901.07
4091.36
5077.25
7469.83
6287.74
3602.02
640.238
4280.54
3755.95
913.697
6232.67
3062.13
3809.02
2982.45
7499.91
5813.19
10828
1412.99
8313.78
1271.96
1919.41
5938.75
444.222
0
1068.95
5380.93
1827.07
8709.05
2826.48
3068.44
8200.43
3780.7
4573.91
1393.48
1912.11
3089.54
5408.33
1623.34
7766.38
1075.9
1665.02
2521.45
1970.09
6723.12
4442.52
2366.05
4775.92
1458.12
6718.22
2216.2
3248.06
400.731
4446.4
1539.94
4704.9
2712.12
2197.06
3335.04
1872.3
2384.36
3516.29
6276.45
5402.25
1752.44
4326.89
1578.01
11723.2
2031.94
4672.24
3049.71
3651.31
1463.67
1999.65
1494.81
412.68
1228.67
7601.89
9905.44
5750.9
4817.27
876.216
2439.12
3342.12
3042.11
6687.12
725.342
8369.53
4429.99
4899.14
5382.91
3751
5002.69
2700.45
813.022
1059.2
2924.92
1703.5
1789.97
4932
4706.16
5547.1
856.005
1591.86
1666.94
2626.59
3456.32
3985.54
1493.45
1022.61
2404.22
2209.23
2366.78
2239.37
6103.68
2994.74
1444.62
1531.09
7069.97
4962.77
2365.61
383.763
1561.08
2424.39
768.173
333.708
3656.9
1111.22
854.385
3332.89
885.856
1837.21
2335.96
3375.76
1427.36
2008.24
2478.33
8604.07
1319.02
167.359
2282.82
6559.29
1456.44
3511.47
1514.96
6781.21
3218.42
2543.51
2965.9
2298.7
2718.27
818.125
