8263203
199994
368811
707530
1.92615e+06
2.58379e+06
514042
505870
344764
2.26794e+06
185874
125175
209386
813702
846565
318704
95831.7
351862
2.52552e+06
447444
212281
325052
951557
152997
201172
172208
280818
336625
182293
211937
340018
574725
370493
79025.9
338863
182446
74879.3
372201
291769
118606
143134
705970
263248
199150
151734
282709
181628
91573.4
242161
416222
113247
72808.5
151683
133485
474374
321114
116953
182374
233491
17815.2
129548
208489
392871
37059.7
278045
271449
222695
176176
213438
46774.3
298528
57874.4
310629
128608
215275
142391
214846
129072
146221
75522.5
97440.8
104590
164555
192876
64135.6
103552
70549.2
48304.6
172654
185821
84197.6
148634
176248
236072
235408
217819
229247
71283.8
225762
163133
173596
113601
99274.2
141200
7339.99
189899
35833.1
77074
44178.9
77706.2
191688
74784.1
49008
60530.7
19446.8
110507
38115.8
195056
162062
79239.5
61631.6
89198.1
42392.3
123405
197100
189396
92209.8
161652
130727
46564.2
90495.6
191322
47832.2
193657
174148
27938.4
148583
41543.2
86213.8
11068.2
98941.1
103747
63147.3
57570.4
110148
88273.9
129122
41849.6
146740
76031.1
50859.9
94391.9
29344.8
134864
86159.1
77626
81026.8
70111.5
67781.7
57474
60437.9
139066
127228
44339.3
57470.7
72733.5
112081
80948.9
86939.6
51157.2
139123
57034.3
42116.8
122216
48836.2
42114.5
139030
78848.5
102933
21391.2
128609
59099.3
108548
93733.4
121333
107826
70592.9
62679.8
94895.3
148891
79619.2
63092.5
93223.3
109237
68031
44679.1
67165.1
168393
25315.5
59292
74712.3
62393.1
36622.2
72719
76013.3
56804.3
136546
188460
81387.9
33320
95939.2
98304.7
69880.3
89757.7
42696.9
70253.5
62409.9
34416
47013.2
77594.6
104277
50138.1
84489.3
28762.7
37474.5
31685.1
110294
37762.2
58077.7
96553.4
130962
48928.9
65413
161060
96761.9
48824.1
35030
61493.1
84912.5
81994.1
42726.7
96474
83887.3
145829
114257
77302.8
141094
53556.6
67611.4
27488.9
124064
49360.9
123641
90498.9
58336.9
76973.8
