4607441
444662
573299
613426
737639
1.91259e+06
2.56804e+06
686483
155354
82241
116369
1.22923e+06
518314
220292
264180
235427
210737
1.77783e+06
240396
252166
243456
329582
544681
1.23188e+06
280889
85231.8
122506
237619
728272
534021
234657
154635
101646
211588
1.40764e+06
134357
92391.5
208876
118266
489480
637863
144482
126932
107263
136136
184528
415283
94867
54647.5
104140
126232
441295
316091
19981.1
83793.5
206484
283948
195803
175577
74890.8
80543.9
148602
596176
215678
97725.4
55307
101704
228995
350612
142189
117199
98025.6
154485
52107.2
104684
107129
113194
132503
155862
114210
110505
71189.6
167216
165632
76331
115714
160462
94503.8
240140
157757
295595
141226
151667
38878.2
176610
171414
259655
146355
34112.2
47232.3
96852.6
215895
149745
138984
52371.1
154856
44476.8
174755
188710
105900
131803
234117
102059
134064
30120.4
64601.1
134234
189351
149499
145518
33989.8
21562.5
159774
119617
96582.2
64902.8
59308.7
48489.9
103537
182848
144569
87622.9
62518.2
12818.5
83185.1
147485
176737
21926.5
149737
10066.7
111241
39107.8
16810.2
61120.4
137734
23729.6
39464.8
209225
12394.8
82294.9
70931.6
26896.1
115652
80073.4
44577.2
20991.4
78605.9
67545.1
90547.9
92863.8
43864.5
50261.3
92789.9
121667
194238
33903.3
70407.7
65022.5
44333.9
65883
49450.9
31988.8
140570
80029.8
110794
108428
41959.7
91068.6
42560
92528.8
139643
154064
55833.4
78378.6
95663.7
173306
96617.8
89623
75824.4
49278.1
42123.9
175576
109582
33175.1
72235.7
89047.4
65908.4
119872
20321.9
77078.7
72947.8
77474.3
35613.3
161558
101568
60723.3
73683.2
53331
54579.3
139353
8816.94
103402
92658.7
59273.9
109805
82657.4
40699.1
92301.9
45874.7
95461.3
88037
87770.5
81544.4
131278
77262.4
85131.6
19160.6
46799.9
62224.2
10192.5
45182
81845.9
104270
71239.9
57292.1
133148
54081
134559
75105.3
146201
82950.7
34434.3
13947.3
98391.7
60507.3
134311
79547
81536.4
49953.8
68703.1
95333
60118.8
140314
72446.9
92694.2
58542.5
