7672673
128560
304161
289685
327612
4.32283e+06
590833
901439
1.01301e+06
640155
1.03268e+06
202722
646053
733406
690917
702193
363213
1.1973e+06
770184
751866
625963
255286
606836
490806
733919
404895
202443
541413
233020
206775
182117
165231
159938
221254
298687
79640
317739
524190
65067.6
94869.8
148420
192938
71960.7
130081
218694
38264.7
196827
269135
178766
217821
101503
182171
264661
76895.2
391198
94397.1
149619
32100.1
135197
411895
142775
217813
173039
107827
204516
88597.2
184346
12991.2
191362
205946
119081
130983
100411
64841.9
60221.1
87183.9
114518
44332
269492
129157
38339.6
142224
67060.5
114673
38340.9
44214.2
157002
70638.1
130941
109015
51971.2
84240.2
71543.4
126088
140143
114806
258000
121065
39212.1
87502.7
53658
150310
61978.3
94472.5
75241.7
79517.8
137530
141560
127911
58125.4
83968.3
69117.6
109864
141159
38089.5
45236.6
89598.8
61713.1
124083
71943.4
117079
89772.9
60036.3
102099
77445.6
39402.1
9168.81
75410.7
65219.7
90344.5
50800.8
115884
102987
33783.8
81765.7
73915.4
50996.6
122958
115322
137747
50225.4
90025.5
98471.3
28331.4
61185.2
22497.7
55849
47507.9
109172
121734
139321
51368.4
24542.3
20042.1
122548
75029
7602.31
28024.9
88731.4
48789.4
108664
83786.8
24583.1
55616.9
57639.7
11276.5
59428.3
39533.3
40994.4
92102.2
1337.18
66060.4
107446
91010.7
87459
38685.8
59405.4
42903.9
47753.1
87866.2
69765.3
105468
76833.2
115233
67779.1
51906.5
58502.7
46156.6
51177.9
22634.8
105813
104519
84796.2
36897.7
35457.1
15729.9
110015
65925.1
17636.4
14881.3
82648.1
31961.1
44573
48875.7
74831.1
38472.4
29373.6
62402
54795.9
55921.3
92155.8
52827.5
25502.7
18274.2
109177
117541
39508.1
27381.8
71377.5
14808.9
87672
11659.6
72381.9
58553.4
68459.3
152999
23943.6
15576
13016.4
53177.7
30026.3
57394
54506.7
94411
26139.8
86635.3
10776.3
46145.5
40779.5
85194.5
15655.9
36405.7
50634.3
28482.6
10160.6
118419
55615.1
25811.1
28325.1
64665.6
89608.1
38385.8
101573
8262.53
24526.1
94524.3
