8794458
535947
531228
550950
1.67579e+06
359041
302683
802061
410854
1.22262e+06
2.04878e+06
601545
1.04635e+06
3.62911e+06
206170
318035
486693
767422
250090
613268
385787
125862
541168
248975
249981
359366
275974
361917
296940
288462
512629
450643
575740
166917
479904
178234
522918
270890
327997
138430
443078
335954
193732
484143
233515
407278
81396.1
50002.3
150424
347017
263427
252737
124896
186105
4705.09
195689
133771
564627
151233
191024
76533.8
134579
137959
224544
235449
128310
84855.9
307739
105565
206350
197949
53104.3
451684
175571
251266
190648
51322.5
73317.5
153052
65512.2
243978
112181
128259
85738.8
152090
125681
166918
135044
78797.1
109676
64659.9
123349
95773.5
244014
192064
362753
197392
184360
74432.3
84328.9
61481.9
158410
25597.1
180942
63769.8
76427.1
18378.9
133163
134650
71911.9
58233
67696.1
109953
155960
104746
92414.4
263364
74557.4
117141
195171
131041
85757.5
83188.4
47506.1
236641
81202.6
133316
137336
103120
116296
92277.8
82258.5
49799.5
191518
79940.5
74625.3
113042
150381
81072.9
133778
30228.4
54346.5
48896.3
76004.2
128050
14238.4
67761.4
159415
55938.8
71794.9
111688
134131
131043
44897
49686.3
74935.8
200868
189778
65961.5
67625
100470
108345
86410.6
58525.8
150331
4850.02
57488.9
99593.9
109713
75493.8
13069.4
38323.2
38150
76968.1
56296.9
202027
108148
85917.5
39880.2
141008
147512
43977.5
69790.2
9492.81
26987.4
63664.7
72907.7
94924.3
124791
45580.6
40402.9
91635.7
25815.1
58093.9
98766.8
86105.5
143640
71955.8
38084.7
83490.2
112588
105437
150676
43263.6
86631.6
72335.1
29914.5
28964.1
75699
81876.2
67078.6
102903
73416.2
87417.3
34896.4
97481.9
100146
34035.2
50656.4
149479
139690
62369.9
69346.7
99502.8
60044.6
34943.4
17069
22753.3
56833.4
106269
58664
82572.4
77381.8
25200.1
48184.4
75287.9
106386
64848
82317.3
72539.6
71850.2
46266.7
83402.3
88386.6
48035.5
110514
129849
139763
13872.8
51613
33147.2
101086
52221.9
46481.2
49867.8
91302.4
