8304635
812213
1.38867e+06
1.3696e+06
792588
3.97612e+06
692590
1.20361e+06
1.22224e+06
663662
1.30052e+06
314937
511251
458816
348847
496417
198071
327229
367993
692485
840150
265450
228364
419294
413957
150301
245347
200681
138628
416305
214409
139582
156065
235677
497798
243393
299280
152506
66845.1
98056
172821
125663
190570
174095
389935
126199
250023
147074
99956.7
168623
151847
127640
157845
115910
161292
130788
94747.3
176422
265035
182427
115089
148249
74999.5
117588
51173
175994
91040.9
28766.9
62512.6
144776
188720
86874.3
97658.5
247769
52177.6
139555
95828.3
77306.3
70170
64754.6
102469
124632
44506.2
69344.7
125341
203921
121554
37246.4
99535.3
62706.5
43181.4
73246.9
111839
156159
95499.2
46168.4
51722.8
72338.4
37206.5
149400
111628
75572.4
52326.2
20176.4
91237.9
123141
71388.9
32606.9
139571
94230.4
48828.3
28998.9
67668.2
39508.8
149283
26608
16693.6
28760.7
95803.9
4953.71
124302
85124
33098.3
138482
93281.1
33865.5
81624.4
13480.7
32989.7
57519.9
28181.2
45493.4
78057.2
137955
102540
59235
33284.6
37460.6
124668
48052.4
41624.9
67101.4
28964.1
36775.3
59348.3
56719.9
80934.6
72943.2
93999.6
97736.3
21753.6
15672.5
45045.3
102727
50594.4
56576.3
12569
75942.8
29267.7
50120.6
50384.4
93567.3
85992.2
77185.5
42510
48456.7
23045.6
60774.4
41226.2
55524
73195.8
33963.9
95512.4
91915.5
41731.5
36639.4
43606.3
60613
66448.3
39762.4
30943.5
28610.5
72910.7
51210.4
42872
97826.4
78541.3
50705.9
70520.3
47268
46107.8
19197.7
54564.8
75000.6
29807.4
15632.6
54742.6
40749.9
65310.3
57220
78606
93622.4
69101.3
39116.3
27632.3
30847.9
48731.7
36261.9
61947.8
28452.7
15946
58834.4
64007.6
78194.5
89638.3
9771.32
53374.1
62101.6
27488
27288.8
56776.8
77675.3
19135.1
34919.1
75461.8
22367.3
9300.54
74128.5
53919.5
64990.6
27488.7
82283.1
45296.6
16718.2
59715.1
51411.6
71436.7
32021.4
32646.7
62585.4
22890.9
35252.8
87943.2
47513.7
17050.3
18675.8
80158
15884.3
49457.2
70435.9
29878.2
69442
55551.5
57148.1
38846.5
46384.5
