6935791
39204.3
29534.9
63693.2
97601.7
4.80329e+06
73505.2
43302.4
60249.8
43887
1.39795e+06
90174.6
56341.6
57992.2
87522.5
1.17057e+06
54059.7
58867.1
62300.5
107991
1.11565e+06
94469.8
58945.4
28681
60943.2
146289
29090.7
46900.5
42239.8
113140
875427
87265.4
51921.2
45915.9
38110.9
292371
69370.1
47457.5
40093.3
105583
502119
64524
54964.5
64886.8
62241
477170
103898
50613.6
21910.7
64646.3
160989
5234.05
55089.9
46529.5
94560.1
466939
107342
58990.8
36040.1
22675.3
96555
50973
41577.8
38812.4
109090
327250
87751.8
53557.5
45678.5
41988.2
251370
93186
56845
16822
79083.8
135237
30657.7
51000.3
50335.8
75508.8
285695
111113
50093.1
24401.7
36498
30895.7
33502.2
58381.6
31622.7
101754
231550
88300.3
63227.9
41837
27615.7
160089
85479.7
58496.4
11383.3
81320.5
129635
53361.8
60034.2
47917.1
73064.8
186833
107437
49467.2
12247.2
50194.8
32197.3
13445.4
56792.8
34441.7
97502.7
175001
99889
51542
39240.4
15599.1
94176.4
57615
58239.6
20069.3
92068.6
108126
68690.6
53629.6
46314.1
58760.6
133810
97825.4
55623.5
19002
62671.6
45342.6
19774.3
61263.6
35128.9
80211.8
125276
108004
46581.7
34978.1
19375.6
62304.6
43549.3
64816.7
20406
89877.6
89430
85660.9
48482.8
48094.5
43513.9
92902
84156.4
56812.7
13425.7
62459.6
46594.3
36794.8
55456.3
38417.2
78568.3
91453.8
97934.6
43841.9
35177.8
26403.5
52586.8
16356.8
65584.6
17632.5
85020.7
69664.3
91681.8
37984.6
47107.3
29626
69620.2
66430.2
55930.4
15537.9
73861.3
43528.5
55875.9
51507.6
36418.9
62421
68371.5
95588.1
44223.2
39333.6
34302.6
55871.8
5525.7
67948.8
16687.4
79490.1
41019.2
95389.9
24751.2
52771.8
14329
63354.5
46111.1
66137
16903.5
74934.4
35035.3
71910.4
43849
41188
52124.6
55004.9
82733.1
44723.9
46471.2
40973.7
54381.6
28408.2
63649.6
20164.9
74164.6
28261.5
96540.4
12782.4
58202.3
4618.94
62696.3
26777.4
65984.9
16132.9
69136
25514.3
84911
31389.4
52887.5
39177.1
51825.4
72660.5
47801.5
45054.8
42101.7
56501.3
50565.4
55745.8
28656.2
64082.3
24860.1
93263.7
14343.1
62601
8431.87
65236.2
