0
14504
6138.83
13805
37749.2
154783
15641.2
9799.16
15850.9
20719.1
15655.9
11986
18793.6
26659.5
2365.05
8899.62
24767.4
22065
14831.7
8904.44
18427.4
32987.1
23113
28844.7
3311.12
16754.1
12188.7
14377.6
20119.3
19936.2
3457.69
24027.9
16109.8
15085.1
16604.9
7724.19
13005.7
9120.66
10475.5
15040.7
8340.62
6103.51
10052.4
7496.91
3495.94
7282.52
5123.16
6983.93
8184.76
11343.4
1101.8
7256.53
7998.41
3032.95
4189.86
8379.43
12445.1
5339.88
4438.78
2400.39
12341.9
7312.88
8573.77
5107.61
12264.2
7862.57
7770.65
5712.21
14998.3
2897.56
3082.03
1968.61
13015.9
9091.82
11326.8
6003.36
4256.82
1657.71
5988.49
13359.4
9780.4
4802.55
2001.47
7293.39
2764.95
1633.42
7448.84
3921.18
5592.01
7517.85
7746.87
6365.94
304.644
2599.18
3474.4
12882.6
8108.58
4443.36
8169.61
7223.3
4363.82
3052.28
3680.12
2697.75
1356.23
5245.14
4091.36
4360.04
6153.04
5560.1
3287.8
632.914
4280.54
3226.26
909.664
5426.7
3062.13
3295.88
2988.13
6672.02
5732.05
10151.1
1412.99
7466.19
1275.55
1767.45
5661.96
459.837
0
1037.98
5263.34
1677.05
8591.4
2590.34
2856.3
7662.26
3780.7
4037.52
1377.6
1645
3089.54
4702.82
1623.34
6742.08
1075.9
1665.02
2521.45
1723.56
5567.79
3809.55
2366.05
4218.03
1458.12
5848.27
2216.2
3030.87
400.731
3960.21
1539.94
4158.33
2712.12
2115.79
2780.24
1872.3
2384.36
3227.46
5641.27
4781.13
1752.44
4058.59
1578.01
10433.6
2031.94
4248.72
3049.71
3157.3
1463.67
1999.65
1494.81
414.609
1228.67
6275.9
9113.18
5055.42
4817.27
876.216
2439.12
3241.11
3042.11
5936.87
725.342
7556.51
4275.63
4474.9
4831.71
3377.1
5002.69
2702.62
813.022
1055.07
2924.92
1467.45
1789.97
4119.44
4606.8
5101.28
856.005
1591.86
1666.94
2228.25
3368.16
3586.12
1493.45
1022.61
2404.22
2209.23
2366.78
2112.19
5515.51
2730.52
1444.62
1531.09
6089.65
4738.59
2365.61
384.213
1561.08
2149.19
768.173
333.054
3656.9
1111.22
854.385
2987.65
882.388
1515.46
2335.96
2952.29
1427.36
2005.01
2478.33
7441.17
1319.02
167.657
2282.82
5704.59
1464.33
3131.77
1514.96
6385.16
3112.82
2255.75
2920.36
2084.52
2654.33
798.447
