0
14329.8
5951.2
13232.8
37484.3
146815
15106
9551.43
15277
19612.5
15447.5
11204.9
17850.8
24909.5
2365.05
8336.08
24767.4
21977.5
14159.5
8465.92
16870.3
30688.3
22973.7
27223.5
3311.12
15666.9
11818.7
13849.5
19856
18850.5
3457.69
22676
16109.8
14740.1
15448.1
7544.41
12201.8
8781.66
10027.6
14263.3
8340.62
6099.68
9820.7
7115.66
3495.94
6971.49
4887.51
6494.05
8184.76
10794.7
1101.8
6917.46
7998.41
2789.24
3996.01
7869.21
12445.1
5339.62
4438.78
2402.51
11514.3
6894.5
8146.25
4884.36
12264.2
7475.32
7391.1
5419.29
14055.4
2900.23
3082.03
1970.77
12737
8536.95
10866.5
5478.59
4256.82
1658.19
5983.35
12688.3
9780.4
4477.99
2001.47
6974.47
2764.95
1628.88
7272.8
3917.2
5592.01
7133.53
7385
6100.23
304.644
2598.11
3246
12589.1
8108.58
4201.06
7824.15
6848.02
4363.82
2957.15
3680.12
2538.48
1356.23
4913.07
4091.36
4067.86
5645.01
5276.82
3287.8
638.806
4280.54
3037.47
909.249
5074.86
3062.13
3088.03
2987.75
6290.42
5732.05
9842.17
1412.99
7049.27
1274.37
1757.83
5582.44
460.943
0
1036.96
5266.4
1622.15
8533.47
2474.77
2776.63
7403.97
3780.7
3829.95
1382
1517.18
3089.54
4387.47
1623.34
6315.32
1075.9
1665.04
2521.45
1621
5084.11
3542.1
2370.88
4006.29
1458.12
5482.2
2216.2
2942.82
400.731
3759.2
1539.94
3924.54
2712.12
2124.37
2603.12
1879.92
2384.36
3165.94
5382.51
4546.39
1752.44
4048.66
1578.01
9899.03
2031.94
4041.22
3049.71
2958.1
1463.67
2000.98
1494.81
414.513
1228.67
5707.48
8742.6
4775.56
4817.27
873.916
2439.12
3239.96
3042.11
5622.32
725.342
7177.5
4277.49
4272.85
4578.83
3156.64
5002.69
2700.01
813.022
1058.33
2924.92
1428.77
1796.32
3739.8
4606.8
4887.82
858.625
1590.9
1666.94
2055.42
3368.16
3404.47
1493.45
1027.82
2404.22
2205.13
2366.78
2113.17
5268.41
2730.55
1444.62
1520.2
5697.37
4639.81
2365.61
387.331
1561.08
1989.71
768.173
333.654
3656.9
1108.13
854.385
2841.32
882.388
1458.37
2335.96
2806.29
1427.36
2001.81
2478.33
6954.36
1319.02
168.19
2282.82
5360.41
1464.33
2939.08
1514.96
6174.09
3112.82
2145.43
2920.36
1997.98
2655.22
794.675
