6906475
597867
1.38517e+06
524351
1.06895e+06
3.96989e+06
414943
527526
870058
620564
1.46913e+06
363411
900978
97924.5
582716
314880
445111
375156
472711
373100
692188
614944
213598
275150
404556
427210
312825
567355
333188
624815
180039
73263.6
105017
54812.9
136139
224597
360139
327999
260926
254548
123227
252332
49249.6
157715
208243
373052
34027.7
112814
189476
195400
319084
362797
87142.9
202339
36087.1
138285
202732
37788
32487.7
324486
307572
215611
62669.2
121839
72854.5
128906
59579.4
120442
132516
128985
123265
75375.2
214647
115631
67868.8
70829
88340.9
108254
106321
80367.9
110617
104179
205605
195958
77432.5
106373
136398
88052.7
12547.4
25261
68699.1
112196
101792
175626
130063
31041.4
57784
101415
55136.3
101502
117249
118517
18761.5
38949.4
62360.4
82000.4
136705
15762.1
104578
155801
30174.9
21935.4
64259.2
41688.4
102830
94422.3
54884.6
51946.8
49604.7
52281.3
30899.9
92102.5
141044
84328.9
109953
92667.3
47159.6
91596.7
73308.6
89140.3
39358.6
66474.7
48039.4
125243
7881.33
83307.1
103358
123872
104544
88576.2
97588.2
42406.6
37362
66924.8
76934.6
58283.5
13641.2
56619
91433.8
73750.7
76204.8
57399.2
53026.7
22702.1
70801.7
111431
41092.8
103164
84052.6
47957.1
158968
72167.3
31528.2
26371.3
71133.5
75364.9
52869.3
35877.4
19930.6
74090.3
148803
65672.3
54647.6
59538.3
75751.5
53000.6
28677.5
46028.7
24362.8
54024.6
62384.5
42591
81594.4
48956.3
14792.8
59528.9
75828.5
43927.2
28784.2
64607.8
58426.9
63670
101211
41509.6
54857.2
73615.9
49510.6
54154
46818.6
47050.4
32388.6
94509.7
21476.2
24328.9
68052.3
34238.6
23191.6
69126.3
24571.9
32933.5
132556
40352.7
32818.8
39235.6
72947.9
41405.6
63497.9
24726.3
17903.6
23178.9
65096.7
35503.2
28070.5
77383.4
55643.6
99035.1
27417.4
23890.2
34468.1
54592.4
15611.9
58771.8
89906.5
61411.7
37310.3
31912.1
36423.6
59331.3
89567
63985.7
52052.2
64222.7
99515.3
40485.6
77573.4
54564.1
77437.1
49636
87769.5
25705.9
39239.1
54883
13998.5
63029.6
83548.3
37084.4
