8612836
349937
826280
387051
317085
4.83016e+06
445327
331686
998238
329331
209576
309637
643011
304051
225680
1.03042e+06
355957
380972
938841
206736
255309
84000
308479
400045
229619
251802
320297
284931
621341
118909
151137
209029
121773
310344
336276
230279
150993
217025
295521
264431
77462.9
240354
83731.8
230367
243320
206673
124593
95996.4
92098.2
230741
168280
271106
58359.3
254701
141698
114372
32181.4
210416
139693
167532
145604
163332
66152.2
117312
123874
47234.5
78759.5
220573
170973
103007
197445
141925
81916.3
59603.8
113324
56074.2
139861
196647
12348.3
68061.3
122974
216359
47318.4
68966.9
60651.2
29959.8
58235.4
47987.8
83622.8
146588
166721
167699
72900.9
120419
98644.9
62653.4
78790.6
40718.4
70344.5
169968
70649.3
31620.1
38490.3
114997
120841
37810
45604.9
84643.7
132179
138699
9596.05
63469.9
113020
136206
37071.4
80913.6
17627
26532.9
71338.4
122767
103308
121672
75890.8
29602.2
33112.4
104407
55802.8
44975.7
72651.5
28734.9
127555
52321.3
146699
59361.4
96622.3
116071
6948.86
18386.7
48023.7
39715.9
35507.6
44574.2
57759.9
140384
54015.4
56973.6
54437.9
113257
53400.3
85702.5
46143.2
111046
57507.5
94487
15460.6
52224.8
44750.8
128635
7862.03
11257.3
48114.1
42620.8
46885.1
123500
74807.1
61792.7
47955.7
68256.4
68008.8
34028.6
93796.4
89705.1
34842.6
77797.2
127077
7893.68
61780.5
59203.8
31112.7
54465.2
65253.8
40221
61203.2
18749.9
62029.8
85919.6
65768.7
113305
70754.2
7958
117421
30053.1
38193.3
37989.9
78443.6
15831.2
41242.4
102702
28747.9
50403.5
52599.5
97550.4
49288.3
49398.9
26264.1
53046.4
21668.6
142655
40337.7
71693.5
43749.1
52936.6
67670.3
81339.7
27277.8
29941.8
41090.6
79415.1
68624.4
49242.4
78475
66886.6
21596.1
21421.4
54045
76991.8
75585.9
12353.6
50494.2
115778
102059
46274
64678.5
32463.2
11635.8
29042.4
69699.3
56681
42552.5
68670.6
14900.4
37690.6
39892.5
110431
68655.4
100374
73253.1
73095.2
31239.3
26076.6
15102.4
48619.1
85738.8
52585.7
27269.8
62722.1
