0
14385.6
6073.86
13685
37678
152648
15488.6
9725.18
15694.6
20418.3
15602.1
11763.8
18534.3
26187.5
2365.05
8734.42
24767.4
22055.7
14664.8
8782.59
18002.6
32361.3
23077.8
28393.2
3311.12
16467.6
12084.1
14234.9
20048.6
19651.5
3457.69
23661.8
16109.8
14988.4
16300.2
7663.93
12795.5
9026.99
10358
14835.3
8340.62
6099.68
9994.76
7405.3
3495.94
7206.24
5068.03
6852.36
8184.76
11196.8
1101.8
7163.98
7998.41
2970.34
4131.54
8241
12445.1
5339.62
4438.78
2402.51
12102.9
7196.88
8458.83
5047.11
12264.2
7747.91
7677.68
5634.21
14743.9
2900.23
3082.03
1970.77
12917.9
8949.38
11213.1
5867.48
4256.82
1658.19
5987.99
13191.6
9780.4
4722.17
2001.47
7197.23
2764.95
1630.03
7386.2
3917.2
5592.01
7404.75
7635.26
6292.24
304.644
2594.96
3408.55
12790.9
8108.58
4371.39
8083.71
7127.39
4363.82
3024.66
3680.12
2677.51
1356.23
5153.6
4091.36
4278.21
6015.05
5478.08
3287.8
636.381
4280.54
3170.01
909.249
5329.6
3062.13
3239.16
2987.75
6555.36
5732.05
10085.5
1412.99
7345.4
1280.55
1754.82
5624.83
460.831
0
1037.73
5266.4
1664.95
8573.66
2562.02
2816.67
7593.77
3780.7
3981.66
1377.6
1607.29
3089.54
4609.36
1623.34
6631.89
1075.9
1664.02
2521.45
1683.25
5433.75
3732.08
2370.88
4168.64
1458.12
5745.21
2216.2
2996.34
400.731
3914.22
1539.94
4090.19
2712.12
2121.17
2737.01
1879.92
2384.36
3175.12
5572.75
4710.08
1752.44
4058.24
1578.01
10292.3
2031.94
4209.9
3049.71
3112.92
1463.67
2000.98
1494.81
411.461
1228.67
6125.63
9012.73
4978.5
4817.27
873.916
2439.12
3239.96
3042.11
5859.51
725.342
7449.63
4275.76
4430.66
4755.34
3304.29
5002.69
2700.01
813.022
1052.76
2924.92
1459.77
1796.32
4027.56
4606.8
5039.18
858.625
1584.32
1666.94
2178.29
3368.16
3524.92
1493.45
1027.82
2404.22
2205.13
2366.78
2113.17
5443.96
2730.55
1444.62
1520.2
5994.29
4712.47
2365.61
386.598
1561.08
2114.95
768.173
337.013
3656.9
1108.69
854.385
2946.14
882.388
1499.36
2335.96
2922.16
1427.36
2009.01
2478.33
7312.43
1319.02
167.8
2282.82
5622.55
1464.33
3077.73
1514.96
6331.48
3112.82
2235.49
2920.36
2069.47
2653.23
796.161
