6829868
419234
965330
1.32088e+06
648412
2.1872e+06
914925
1.40266e+06
554116
372065
1.34332e+06
523311
875573
2.06196e+06
481536
1.36866e+06
146621
389948
1.74665e+06
648849
797342
102169
65620.6
687060
531457
621467
61955.4
219558
207405
510328
693981
475483
458322
701360
305224
298649
161618
161958
232326
57776.3
403362
196680
246016
154178
284322
322777
277567
245951
329735
164207
487274
161875
362246
405320
103702
365683
180069
170668
185339
79794
118980
13229
48007
243332
281907
261298
175247
163272
161119
150143
139149
101034
60252.8
113388
76607.8
233194
86363.9
75145.9
110038
91291.5
226174
144687
100205
46428.3
128197
216468
120220
206398
337416
191224
62051.1
2643.31
109768
153938
136937
44607.8
81432.9
218667
106894
102785
118588
257335
101885
230071
43727.2
119000
111368
118844
86127.7
48113.6
232575
133660
140624
46893.3
39785.2
184220
153007
83854.3
52633.7
53997
145403
113366
87225.2
89324.7
105758
226337
98580.1
47419.3
73099.8
91592.4
55722.8
89572.1
48751.4
48968.3
66848.7
61741
75585.1
10253
96114.9
113379
45867.1
96247.2
25860.2
172240
143508
58078.8
27422.9
82000.8
165979
56306.6
168399
160705
107820
68870.8
100599
40578.6
122106
45630.7
20850.1
52644.9
135566
148133
41369.2
7312.14
25695.6
78817.7
31109.2
72957.1
33816.3
142511
120902
165296
32111.5
79256
110879
50888.3
95410.5
21300.1
29553.1
67504.3
121531
107823
113117
134540
20733.3
111612
94177.3
167243
48587.3
60373.2
61107.4
108901
16735.3
88478.2
65003.4
66618.7
52755.5
49555.6
27436.7
73199.4
42455.1
116970
87536.4
74017.6
40044
70732
87538.3
77821
88672.9
31931.8
68841.1
79121.4
27859.9
127520
13913.3
80920.6
13159.9
23331.5
176229
23698.1
55991.9
46916
65073.9
172579
132006
107888
65823.5
25464.5
29204.7
9023.3
44204.7
103507
82730.5
126776
71803
6803.02
55499.8
21244.9
99660.8
46788.8
96011.6
21909
67533.4
110825
30851
77896.7
15997.6
89880.6
76145.8
89201.9
34314.8
16634.4
92579.8
113089
60894
127356
