7058769
354891
657781
442761
665262
4.19727e+06
1.05016e+06
764850
814858
667874
789504
393246
165895
273145
121965
699758
606177
601429
470485
341228
625484
539586
365929
261436
162904
167746
183249
72680.3
231254
263823
602948
241089
192975
325131
96634.2
242334
123159
171399
274543
194529
217086
178846
86606.8
262402
212090
95894.2
185364
41354.6
294289
82318.4
23503.5
167823
48008.4
66370.5
41176.1
320504
214584
122042
225422
116458
231037
114367
9243.39
160341
115398
103865
37366.7
207863
152968
99016.6
107663
53470.8
162031
163662
103313
139732
108415
49991.5
148181
99650
236101
123806
97080.2
142800
48755.5
90466.6
170819
94161.1
115851
31670.9
163463
64747
144579
58830.7
127978
121067
98173.7
112322
113123
99472.8
146575
159867
44075.7
116423
159380
47716.4
73030.6
119769
76344.9
55261.5
97088.1
228151
63389.5
81235.9
51192.2
148566
128135
15667.9
66558.3
66662.7
77592
147084
44275.1
176963
91270.9
77843.7
64584
72260.9
46618.3
77611.8
66520.6
84975.6
90794.3
106847
5890
127961
146771
54466
51041.4
107172
102384
61076.2
91842.5
99044.4
69089.1
126420
105090
141756
91521.6
98775.4
76643.4
24675.7
124286
31542.8
124314
48355.1
76318.8
53143.9
101723
82049
56687.7
3339.59
9470.23
37792.7
45503.8
35787.9
55390.3
101599
109650
16698.4
53617.9
61114.1
121211
11037.6
132295
48219.4
80912.1
72353.8
44083
164231
34584.7
45169.5
71044.1
106121
44853.4
51171.5
73671.6
29542.3
129274
58709.1
84258.5
54286.6
42420.7
97151.9
63237.9
65559
90929
42006.2
16172.9
64100.1
28028.7
100997
41959.2
28309.2
39816.4
84823.4
94422.5
16443.2
93789
28003
104318
73055.9
124221
127135
23145.1
72257.7
46769.9
163496
36237
35553
102748
72154
70307.1
51346.4
70255
69560.1
16813.8
63312
51523.8
59974
27967.5
122144
145450
16420.7
17023.3
9207.35
99664.6
135081
71294.2
110144
36309.2
39443.5
88693.5
66077.3
111411
75736.6
36242.8
22047.4
124192
69496.8
40241.8
91463.1
102797
61096.1
34392.9
124766
