7060855
329844
296497
601187
1.93055e+06
2.57424e+06
874424
591238
567782
2.7175e+06
287651
541602
677780
1.59858e+06
1.29007e+06
622605
280962
343724
1.51819e+06
67510.2
228083
156736
925311
1.00226e+06
439474
265038
537122
365849
149115
189036
122832
302750
178837
72576.5
62907.6
173419
485265
248178
19819.8
99314.1
254638
422478
16131.2
65734.8
157269
526502
211507
98378.6
125543
381729
177623
118304
52587.7
106828
584915
163179
58528.9
105705
240205
195702
72206.9
135584
297257
196707
56299.5
136970
140706
184438
247859
57455.6
130548
129258
296366
144555
67356
154227
92563.8
66924.3
127070
105946
136781
127733
128062
69846
100964
228011
177942
145822
81031.5
151744
94433.2
158763
38019.4
50081.7
227282
108435
135509
136035
100286
171265
123273
78873.2
66109.5
164756
195081
100424
188190
49850.4
17517.8
32361.4
68754.5
75781.2
96129.4
43917.2
62762.4
171169
39332.6
171854
58535.9
102560
24923.8
28428.1
149462
88848.9
143263
147012
11625.9
118394
65287.5
100199
42989.8
163748
115374
84511.7
91067.1
129949
8759.43
43162.6
134753
69502.6
50656.8
99332.7
97034.3
80023.8
37997.1
73434.2
69955.7
108954
47136.6
117188
89380.7
102868
72037.3
106259
59614.2
99554.8
104462
98945
113709
69429.7
58184.6
67276
98360.8
107880
34273.5
141859
10107.2
71224.7
39999.9
83753.4
39056.5
31867.8
24539.3
17722.2
166034
84222.3
80523.7
46487.8
35727.2
22444.1
70910.2
117897
74289.1
99837.6
1087.59
80965.1
70056.1
117187
64986.9
4930.85
117227
66611.1
68668.1
55348.4
117981
62124.6
46174.5
85241.9
61058.8
64240
10121.8
52415.7
66043.2
29361.9
44604
154592
26015.2
49956.8
123156
13623.7
83147.7
41609.4
123187
70006.5
58906.8
66180.9
54727.8
44250.9
78864.4
12030.1
66120.4
66035.1
83770.2
99123.9
8742.61
28893.1
127587
42167
38525.3
40369.1
47785.2
63193.3
33730
62349.1
8970.87
96409.5
96551
119335
70120.5
84149
75977.2
80003.6
37624.9
30329.3
162504
59078.3
60989.6
34502.7
37648.6
26036
18006.9
73084.6
39894.8
44333
90395.5
69026.6
