6810698
546590
715048
1.20406e+06
1.08099e+06
1.12314e+06
1.20511e+06
691709
413903
533434
510610
507920
664702
319987
261551
375470
333332
2.45526e+06
633614
632260
401601
350574
1.52237e+06
1.45329e+06
254040
741458
556754
311189
1.23313e+06
387036
557948
476226
570808
215249
686938
301682
666388
680543
437153
125646
310072
303345
295350
70123.8
300235
646029
333543
166154
103993
331468
393279
87709.1
367653
232231
181391
321826
363905
387728
265986
212725
130493
222274
332989
40372.5
152748
344042
69999.8
171664
240440
209703
256350
426694
142368
246424
155817
241694
348099
302980
228438
364379
268331
267779
28433.6
239274
117923
151363
64944.2
282771
146529
91948.1
172138
78679.7
209846
255204
156159
126087
132263
79084.8
136018
408408
169869
111976
82535.6
117807
373933
84644.5
111049
325499
88899.6
127814
238821
273502
59982.4
135470
164580
186355
57367
100811
147153
49066.2
66974.1
169223
153809
46317.5
177013
16736
147321
152984
73048
92469.6
103661
221860
177409
215764
166613
181567
119522
174997
144230
58834
102239
148509
175348
78610.2
123778
135157
33626.9
135009
110951
74027.4
99482.7
97765.3
6705.12
143562
238685
64393.5
25228.1
115704
168260
241845
212205
72945.2
154936
53790
206333
29569.6
114906
61030.7
57848.6
70970.8
107145
238753
28506.4
156601
82999.2
104046
97811.6
34055.1
34024.6
38181.9
103820
149403
78486.5
66392
29431.4
116043
74744.5
55704.8
128182
164637
98698.6
51614.7
139570
62502.3
74252.5
103539
140477
99470.9
81043.2
47652.1
155352
88626.8
78793.2
139429
77435.3
91700.2
92235.6
109241
20069.8
98842.7
70750.1
154432
23750.5
122706
236576
83878.9
165305
65049.6
37521.2
120177
76033.7
44425.9
63289.3
222600
86743.8
122896
131026
193415
70240.9
48202.7
34124.7
144625
50221
57127.3
93735.9
46186.2
30185
128681
66186.5
154407
86440.5
9378.09
33922.7
118594
87938.7
81075.1
47861.5
21609.2
105868
138186
28517.5
98944
70393.3
92816.3
23807
143454
