0
14496.2
6069.84
13623.8
37659
152210
15468.2
9717.8
15669.5
20359.3
15589.8
11730.2
18487.1
26091
2365.05
8700.72
24767.4
22045
14614.6
8750.42
17916.1
32247.5
23072
28312.8
3311.12
16410.6
12063.9
14212.1
20040.8
19591
3457.69
23585.1
16109.8
14970.1
16238.5
7650.69
12748.4
9014.5
10328.3
14792.7
8340.62
6103.51
9989.02
7384.27
3495.94
7187.88
5059.09
6825.46
8184.76
11168.7
1101.8
7149.9
7998.41
2961.51
4113.71
8223.64
12445.1
5339.88
4438.78
2400.39
12062
7174.03
8438.86
5033.76
12264.2
7730.61
7656.56
5615.7
14703.3
2897.56
3082.03
1968.61
12896.8
8916.68
11181.7
5839.05
4256.82
1657.71
5988.49
13151.5
9780.4
4706.7
2001.47
7180.2
2764.95
1632.91
7368.6
3921.18
5592.01
7380.45
7610.7
6278.86
304.644
2601.75
3395.51
12770
8108.58
4351.82
8066.97
7110.81
4363.82
3012.95
3680.12
2667.72
1356.23
5135.71
4091.36
4254.82
5978.32
5460.62
3287.8
637.553
4280.54
3154.23
909.664
5312.33
3062.13
3231.78
2988.13
6534.26
5732.05
10068.2
1412.99
7321.92
1278.51
1755.42
5624.1
459.837
0
1033.68
5263.34
1659.53
8569.05
2552.31
2804.12
7582.65
3780.7
3973.01
1386.64
1598.26
3089.54
4598.03
1623.34
6614.14
1075.9
1663.01
2521.45
1681.01
5402.82
3720.55
2366.05
4154.38
1458.12
5733.41
2216.2
2992.04
400.731
3900.22
1539.94
4076.43
2712.12
2119.45
2725.37
1872.3
2384.36
3163.92
5555.15
4697.26
1752.44
4053.48
1578.01
10262.5
2031.94
4198.43
3049.71
3100.91
1463.67
1999.65
1494.81
410.669
1228.67
6096.8
8992.66
4964.8
4817.27
876.216
2439.12
3241.11
3042.11
5842.67
725.342
7427.39
4275.63
4425.79
4735.19
3293.93
5002.69
2702.62
813.022
1056.52
2924.92
1457.48
1789.97
4002.21
4606.8
5020.8
856.005
1587.48
1666.94
2166.31
3368.16
3512.73
1493.45
1022.61
2404.22
2209.23
2366.78
2112.19
5433.25
2730.52
1444.62
1531.09
5970.37
4706.08
2365.61
383.021
1561.08
2108.64
768.173
330.409
3656.9
1107.94
854.385
2940.73
882.388
1493.3
2335.96
2906.92
1427.36
2012.84
2478.33
7291.04
1319.02
167.908
2282.82
5597.05
1464.33
3066.04
1514.96
6330.64
3112.82
2226.14
2920.36
2063.63
2654.11
796.164
