7682759
614601
479984
692958
1.08594e+06
1.97142e+06
3.92691e+06
1.18418e+06
575665
499490
630087
875270
63012.5
158247
112217
108452
93562.2
1.68545e+06
161432
297604
348667
287849
559806
837134
117777
282226
295054
247770
363792
141003
299420
213176
59664
276039
714838
219412
77844.5
189984
62801.2
194277
289745
40556.2
227144
135554
186809
619328
289928
83341.8
122903
234767
29667.9
181178
110871
182781
132850
128700
219411
335623
179607
104847
210758
144782
226718
56664.4
101716
165912
83778.8
27257.9
300868
52641.5
181472
95443.3
113499
145494
182398
30806.6
60588.9
150221
28160.4
100995
109537
114254
63691.6
51795.8
95539.3
254042
78944.6
40574.2
173441
54817.6
40650.4
74164.6
64118.6
145441
20936.2
85750.2
197796
134988
33414.5
112028
120936
88758.4
56287.2
54020.4
149341
137941
85098.1
35106.2
108932
52014.2
124473
119707
116768
62059
11591.6
37851
102205
58315.2
44703.6
140086
90226.9
100364
103753
13544
103855
105197
89311.8
116098
191652
35851.4
23008.6
12640.1
156541
123349
52608.9
87502.7
49501.4
32397
99449.6
120832
54326.8
43640.6
70160.5
30315.2
110655
29453.8
35813.9
86974.5
103266
56673.5
90817.9
90393.3
37422.7
25391
74465.4
96212.1
143096
53249.4
11333.6
47967.8
43511.6
91817.3
78501.1
77972.6
28814.6
45771
19193.7
156557
49598.4
3972.23
48509.4
25083.1
124879
38231.6
43711.1
28742
24028.3
30140.3
96283.8
100386
31759.6
43459.6
16907
70739.4
101045
23627.7
29963.4
38170.2
59866.4
55908.1
130025
22685.1
43863.8
6217.42
84854.5
123425
47748.8
64579.8
26782.1
48396.4
82932.2
59593.4
14460
54869.1
65272.1
50291.9
94520.1
132951
20923.6
39754.4
60323.3
45651.9
72663.7
77518.7
44610.9
103438
58767
43089
118838
44670.3
55491.5
34445.3
52356.2
71243.9
16687.1
41990.7
64711.6
26378.6
12441.5
111823
72281.3
13306.3
52394.4
46436.4
50361.9
129424
27835.5
65472.4
70323.9
42719.6
61778.7
64924.7
24357.4
110142
20836.5
53538.2
108536
24800.9
34518.5
43023.1
23335.3
46565.9
18549.9
13736.7
77607.8
66021.7
