7470060
390979
715932
364923
185249
5.03186e+06
483562
565174
914103
384005
753009
106464
387993
336850
136588
1.09236e+06
493172
599697
781606
144813
385632
192770
259537
447926
190904
357231
267885
353743
494587
151102
75280.4
311778
282043
343625
173853
263801
109169
228929
331440
219691
82548.5
255192
154592
72425.2
273645
240730
236387
152482
240566
59514.4
40685.3
192371
40331.9
88985.3
267385
165136
172985
51578.2
238914
120203
59222.3
199242
55543.5
64948.8
129580
130220
120597
37981.8
236467
154934
31745.3
158619
144362
17027
69593.1
106921
105596
82765.6
143664
137991
103675
174783
117803
9763.03
40830.6
47132.4
87271.4
151108
71843.3
150454
90275.9
160602
2652.48
59543.6
20817.7
104176
80117.5
152317
62062.6
120593
38249.7
108454
114059
79329.8
24638.5
101502
25172
78523.6
90680.7
100669
71922.2
95149.2
138114
16884.1
34456.3
106222
20018.7
73013.4
56674.7
68019
36559.5
129545
103718
60390
80518.1
96500.9
8434.82
62320.1
32904.2
16601.5
26100.2
138454
90076.9
72818
84134
44175.6
58272
43212.9
94670.5
13457
36644.3
79061.9
97739.2
39386.2
107966
21056.3
76664.7
47214.2
74462.1
22477.6
10170.6
37306.9
111135
49551.7
118200
10146.3
30388.5
57111.5
31569
52762.1
38368.3
79435.6
98739.3
23015.3
101633
54758.5
24848.6
66282.5
10990.5
21934.7
30660.9
62280.6
109909
40944.7
75571.3
72772.4
40426.5
37299.6
28453.4
51964.9
39437.7
48777.5
105950
40692.2
37945.7
48068.6
17435.5
65099.3
53811.6
74933.6
31292.9
68322.5
71408.8
32919.2
75031
52598.6
23113.9
63298.6
40556.5
47513.7
46687.7
86796
35159.4
44620.9
74752.1
75441.3
32035.7
13294.2
20538.3
16597.9
71456.3
86128.9
5417.55
45089.4
55061
99434.4
48742.2
29166.8
43705.7
10036.2
41769
62667.2
28323.8
59257.5
57818
90516.8
26808.8
23954
95450.6
11341.5
3994.17
51800.1
51914.1
34251.1
55429.2
43731.2
21215.1
12445
133502
7939.65
8955.8
50376.7
45620.8
28093.4
43288.3
30968.3
44208.8
9408.43
110247
34448.8
37191.7
62959.7
51064.6
54626.3
61737.4
23381.8
