3605332
302258
369282
590564
537021
1.34943e+06
2.07939e+06
669217
333651
218553
593015
2.00964e+06
928628
301073
451215
257974
62438.5
2.0583e+06
355993
276314
357671
313780
689554
446297
172854
271758
159636
86702.7
242467
254753
54004.2
191801
186365
112413
197628
48949
121292
250214
39583.4
381091
604351
197148
283487
282340
126631
757162
108718
88692.2
211676
173078
142672
451689
69760.3
184012
132590
20290.9
285070
294705
78519.1
62629.2
174279
13531.9
159325
134818
23556.2
250631
118497
117841
294253
160297
84979.9
125683
144395
242672
127585
57061.2
153526
84669.8
42334.5
438770
133643
70611.3
65809.6
58972.4
157664
207203
114137
50661.4
127690
85680.2
56487.3
69405.8
44094.9
122807
67971.1
44903.6
43833.6
66831.6
9968.68
53049.2
61221.6
108606
185665
68801.8
109276
55176.6
48912
269591
78941.7
85862.1
45334
31066.2
70431.4
229725
96038.4
76664.4
44449.1
82104.8
100447
77347.5
39797.1
53184.1
49825.9
36126.5
50810.3
34867.2
15853.8
114619
46358
58414.3
90468.4
32111.6
56620.6
36111.2
32565.2
104810
138073
117941
96575.3
64164.8
87486
242801
104453
40698.5
44530.1
92861.3
63181.1
74151.8
40686.5
40107.8
82616.1
42533.9
33477
77286
55727.1
80564.9
36780.8
48021.6
47760.1
42808.4
48311.1
116616
84227.4
46041
160086
142013
62927
65938.3
110283
143832
27609
30622.4
61960.9
73188
17347.2
141657
80431.4
37982.5
32497
6254.48
60859.3
88969.2
78414.2
65223.6
79250
84846.4
46170.6
52976.1
59219.4
109435
95950.8
41910.7
57535.9
91663.6
12653.4
26250.1
55231.6
63775.1
81501.9
63088.5
85072.5
34911.6
27134.6
155656
89555.4
72912.2
45513
36039.2
69709.7
56270.2
60921.1
68409.6
81401.5
94320.8
13334
37376.4
55797.8
51696.9
20188.6
47883.8
68734.7
13534.7
8367.9
116387
54130.8
52192.5
107275
79552.4
78326.1
27143
41813.3
98436.2
25696.3
92631.7
69023.3
25425.9
67985.6
94707.4
79329.1
37841.6
38785.9
66690.9
17204
72194.8
32228.1
22309.4
79519.2
89344.6
82015.6
33792.4
48950.9
125538
71166.2
44685.7
45553.6
32252.5
