0
14533.2
6376.34
14742.1
38132.4
166837
16364.7
10249.3
16693.3
22397.8
15950.7
13162.2
20207.6
29417.8
2365.05
9830.61
24767.4
22231.5
15801.2
9585.61
20865.2
36557
23388.5
31256.5
3311.12
18433.7
12747.1
15085.1
20471.7
21597.2
3457.69
26031.9
16109.8
15577.8
18356.6
7962.57
14219.9
9674.44
11155.7
16187.7
8477.65
6099.68
10365.7
8064.43
3495.94
7834.51
5402.56
7709.8
8184.76
12193.6
1101.8
7753.97
7998.41
3442.59
4419.42
9114.31
12529.6
5383.22
4438.78
2402.51
13580.2
7951.92
9220.77
5495.22
12264.2
8386.47
8334.98
6201.15
16466.3
2978.3
3082.03
1970.77
13580.8
9897.17
11975.9
6847.01
4256.82
1658.19
5988.49
14365.6
10345.2
5332.61
2001.47
7754.32
2764.95
1635.06
7713.08
3917.2
5592.01
8079.02
8299.56
6721.61
304.644
2594.96
3810.35
13280.4
8108.58
4858.53
8709.42
7852.02
4363.82
3166.56
3685.04
2997.22
1356.23
5681.58
4091.36
4815.39
7001.67
6051.26
3468.88
638.959
4280.54
3575.73
909.249
5975.84
3062.13
3620.87
2991.72
7251.27
5732.05
10605.8
1412.99
8024.31
1275.55
1873.35
5886.46
451.208
0
1067.22
5262.78
1781.64
8671.43
2755.42
3012.14
8043.16
3780.7
4409.4
1380.91
1801.94
3089.54
5161.84
1623.34
7431.85
1075.9
1664.02
2521.45
1854.52
6338.32
4200.54
2370.88
4600.85
1458.12
6419.46
2216.2
3148.17
400.731
4274.15
1539.94
4519.54
2712.12
2177.44
3160.45
1879.92
2384.36
3449.77
6080.81
5168.94
1752.44
4225
1578.01
11278.5
2031.94
4530.88
3049.71
3490.42
1463.67
2000.98
1494.81
416.059
1228.67
7144.32
9663.24
5504.01
4817.27
873.916
2439.12
3288.43
3042.11
6424.89
725.342
8098.66
4275.63
4751.12
5216.58
3597.28
5002.69
2700.01
813.022
1053.41
2924.92
1622.91
1796.32
4672.48
4604.33
5385.21
858.625
1584.32
1666.94
2506.17
3368.16
3864.88
1493.45
1027.82
2404.22
2205.13
2366.78
2170.4
5917.94
2914.31
1444.62
1520.2
6731.34
4883.9
2365.61
385.705
1561.08
2319.88
768.173
333.422
3656.9
1108.69
854.385
3232.33
882.388
1738.94
2335.96
3221.25
1427.36
1998.27
2478.33
8208.39
1319.02
167.263
2282.82
6267.35
1464.33
3388.52
1514.96
6631.73
3128.53
2454.87
2949.25
2230.26
2702.73
810.375
