0
14475.9
6002.84
13437.5
37583.3
149693
15307.4
9639.39
15493.6
20010
15521.2
11478.6
18203.5
25541.6
2365.05
8538.12
24767.4
22016.1
14404.7
8616.43
17446.1
31524.3
23009.9
27781.8
3311.12
16065.5
11945
14049.1
19949
19238.7
3457.69
23148.7
16109.8
14864.6
15865.7
7598.75
12487.3
8917.17
10192.2
14546.2
8340.62
6103.51
9910.55
7261.52
3495.94
7103.5
4974.36
6660.63
8184.76
10997.6
1101.8
7047.36
7998.41
2875.82
4068.67
8064.71
12445.1
5339.88
4438.78
2400.39
11793.2
7042.02
8302.2
4947.41
12264.2
7610.63
7522.4
5511.45
14396.4
2897.56
3082.03
1968.61
12774.2
8756.75
11041
5658.29
4256.82
1657.71
5988.49
12943.8
9780.4
4579.62
2001.47
7074.99
2764.95
1632.85
7330.18
3921.18
5592.01
7261.17
7500.08
6201.23
304.644
2599.18
3342.51
12688.6
8108.58
4293.37
7954.72
7001.49
4363.82
2991.97
3680.12
2597.77
1356.23
5030.98
4091.36
4146.84
5819.5
5366.76
3287.8
638.304
4280.54
3099.93
909.664
5187.86
3062.13
3150.92
2988.13
6426.9
5732.05
9962.77
1412.99
7193.18
1282.73
1755.62
5638.58
459.837
0
1031.52
5263.34
1634.09
8558.18
2511.62
2775.84
7512.14
3780.7
3911.21
1382.61
1570.93
3089.54
4498.83
1623.34
6480.26
1075.9
1665.02
2521.45
1647.21
5254.49
3631.08
2366.05
4078.82
1458.12
5614.56
2216.2
2980.27
400.731
3830.97
1539.94
4014.97
2712.12
2122.65
2657.99
1872.3
2384.36
3164.54
5472.07
4630.2
1752.44
4054.03
1578.01
10096.3
2031.94
4147.28
3049.71
3027.43
1463.67
1999.65
1494.81
413.077
1228.67
5931.24
8882.47
4872.89
4817.27
876.216
2439.12
3241.11
3042.11
5740.73
725.342
7313.35
4275.63
4348.89
4651.36
3221.3
5002.69
2702.62
813.022
1057.58
2924.92
1433.76
1789.97
3881.62
4606.8
4953.45
856.005
1591.86
1666.94
2104.28
3368.16
3467.04
1493.45
1022.61
2404.22
2209.23
2366.78
2112.19
5352.47
2730.52
1444.62
1531.09
5843.41
4680.1
2365.61
385.032
1561.08
2048.33
768.173
331.531
3656.9
1111.22
854.385
2895.84
882.388
1459.37
2335.96
2851.62
1427.36
2005.75
2478.33
7139.67
1319.02
168.003
2282.82
5487.55
1464.33
3006.39
1514.96
6258.63
3112.82
2181.19
2920.36
2035.07
2654.33
794.638
