11430667
245769
117943
95830.3
234083
104365
1.65708e+06
257575
373619
393706
339099
664661
1.40837e+06
2.58833e+06
876067
390378
250985
491422
552293
2.81235e+06
181076
159626
215203
210101
385251
389011
470694
148212
165889
221926
91317.1
556085
1.0056e+06
226427
179685
191359
191892
404587
696741
364960
145399
71399.5
196297
191765
128375
188574
67068.1
102397
102777
316948
568434
231994
78736.2
204896
93014.1
103337
189996
322788
108272
130124
131148
140277
62112.5
420076
268663
160679
60129.3
129715
80978.2
330530
667502
152195
19830.3
150796
191031
114279
60310.8
169435
16332.1
41584.3
186055
150447
288811
82702.1
126565
123433
125882
99219.5
196482
81364.7
104952
133639
88444.7
46565
26991.3
104423
151080
98074
32503.8
50486.2
131065
527821
80260.8
77485.7
90835.2
36874.3
91469.5
218584
125998
100511
118225
22127.8
34817.3
123618
193039
101347
83344.7
100033
57765
50787.8
148672
177918
38020.2
64808.6
124131
109395
5701.78
98923.7
103424
27221.4
49699.2
134096
141622
238330
61852.9
115417
66506.6
115740
53101.6
193129
44536.3
72754
147364
107921
102971
188961
64361.1
107331
98229.4
44017.4
34743.9
94239
274620
57011.6
82075
79023.9
30470.8
93816.3
193339
47225.1
73095.3
44284.6
85969.1
84837.5
98049.2
39582.8
96318.3
72024.9
113221
21611.3
50396.5
14028
76878
101018
101457
62155.1
69113.5
104460
96322.7
115241
69460.8
37493
57106.1
156875
156162
65660.6
54979.7
26152.3
85619.9
85604.3
159854
62655.2
68580.2
56620.5
135983
46389.1
201861
125796
104712
75458
54578.1
51155.4
150716
28478.9
20360.5
53612.8
70699.2
43896.8
106535
137329
65611.7
13744.1
45465.8
41949.6
82748.5
68393.2
135189
16200.5
27925.6
88807.6
61334.5
126245
12770.6
60748.3
111716
110755
54418.3
10666.6
144814
28523.8
128823
105460
33222.1
69133.7
121838
45492.9
122394
46865.2
47766
34690.2
130883
102476
67882.9
41153.1
34657.8
141040
46655.8
63333.3
108940
89279.5
59606.6
55920.5
80374.6
126665
98234.4
44504.9
