5709939
426160
1.08051e+06
877758
1.53975e+06
2.90624e+06
339153
2.09975e+06
879776
661537
1.5826e+06
956616
301147
1.05158e+06
396095
594440
327753
645086
647005
330557
155008
197266
733698
498729
345041
315201
86043.4
375102
154219
287562
518982
282044
433266
41775.1
299519
531096
286606
137802
64424.4
335056
68980.1
150101
33245.7
133935
321287
181601
96813.4
144651
169094
186835
86120.3
189062
268152
229565
247536
88662.4
45099.5
115801
115061
129308
176159
132024
154153
149417
202823
152398
74897.1
236193
6586.76
161565
77676
87535.6
196731
51861
150069
104940
21575.9
174918
174949
198224
122962
173892
63364
39932.2
140478
8180.07
116913
118840
105131
169390
90401.4
105590
131294
61253.6
10452.7
4047.83
74066.3
104741
149003
47274.8
93915.7
47895.9
163083
37347.6
74685.4
107272
120030
40144.2
46351.1
65538.2
121550
77379.9
101435
80528.7
79318.7
34610.3
55756.8
87430.1
92247.6
97873.8
62094.1
100909
122832
36869.2
89988.1
112402
131594
44161.5
98324
97497.6
23626
50841.9
65811.6
50830.1
138698
78256.1
34938.8
76603.8
111238
22936.5
36385.7
106080
67528.7
87060.7
38551.1
76442.7
109207
21283.6
54061.7
49656
29523.6
64892.8
66953.2
60933.6
47039.6
62206.5
82024
85103.3
54469.6
73819.3
41152.7
85591.6
103096
51017.1
36464.4
3803.94
66113.5
34059.4
38195.6
123265
50420.9
28373.1
67362.8
17943.1
102056
53489.9
89089.1
17653.7
96957.9
59782.6
88498.9
103961
44734.3
56618.2
33084.4
34731.9
135000
74631.3
12364.4
17300.9
16028.3
44480.1
46715.9
27400.3
12808.9
111290
46779.5
6214.9
88038.2
99042.6
74895.8
35843
64224.2
67847.8
51110.9
48042
27464.6
23843.2
53292.2
34665.6
30986.2
58444.2
45914.1
29330.7
51044.3
106775
34128
17755.1
60933.3
60004.1
66576.3
34474.3
57756.6
119587
50314.5
35645.6
87028.1
52426.5
10126.2
62748.7
52052.1
67123.6
66016.6
38894.4
46361.6
87634.3
18644.4
45362.6
33200.9
34621.3
78164.1
39059.3
52522.4
134192
50273.4
42758.5
62243.8
15616.5
30166.6
23345.2
36433.1
38000.9
92835.5
29283.5
45700.9
64647.3
