0
14440
6199.21
14075.3
37841
157848
15824.6
9936.98
16058.5
21117.1
15737.2
12274.4
19157.5
27349.4
2365.05
9138.9
24767.4
22100.2
15076.6
9070.36
19040.9
33872.7
23192.6
29424.3
3311.12
17187.5
12344.9
14532.1
20233.8
20360.3
3457.69
24530.2
16109.8
15202.2
17031.5
7790.88
13324.4
9243.4
10649.1
15330.8
8340.62
6099.68
10130.4
7655.97
3495.94
7415.86
5203.62
7162.51
8184.76
11548.4
1101.8
7374.26
7998.41
3141.77
4260.31
8549.52
12445.1
5339.62
4438.78
2402.51
12647.8
7468.74
8726.5
5219.74
12264.2
8011.27
7907.45
5843.3
15352.8
2900.23
3082.03
1970.77
13153.5
9305.24
11512.9
6204.67
4256.82
1658.19
5987.99
13607.7
9842.18
4931.8
2001.47
7417.79
2764.95
1629.82
7517.01
3917.2
5592.01
7641.19
7891.27
6448.66
304.644
2594.96
3549.7
12999.6
8108.58
4539.94
8307.48
7385.49
4363.82
3080.91
3680.12
2766.33
1356.23
5364.42
4091.36
4461.17
6373.09
5692.41
3306.2
637.177
4280.54
3315.77
909.249
5547.25
3062.13
3388.46
2987.75
6822.73
5732.05
10270.2
1412.99
7618.71
1282.81
1803.2
5718.2
461.825
0
1041.91
5266.4
1707.98
8617.35
2644.42
2899.22
7763.63
3780.7
4132.07
1380.91
1701.2
3089.54
4825.61
1623.34
6911.19
1075.9
1664.02
2521.45
1763.41
5754.37
3915.51
2370.88
4308.65
1458.12
5994.86
2216.2
3050
400.731
4062
1539.94
4243.19
2712.12
2137.52
2880.93
1879.92
2384.36
3276.84
5755.85
4884.83
1752.44
4101.45
1578.01
10643.6
2031.94
4327.9
3049.71
3242.1
1463.67
2000.98
1494.81
413.673
1228.67
6478.08
9247.71
5185.76
4817.27
873.916
2439.12
3239.96
3042.11
6052.08
725.342
7707.01
4275.76
4556.83
4923.07
3425.1
5002.69
2700.01
813.022
1057.23
2924.92
1518.63
1796.32
4249.2
4606.8
5200.28
858.625
1584.32
1666.94
2307.55
3368.16
3648.15
1493.45
1027.82
2404.22
2205.13
2366.78
2113.17
5623.62
2769.38
1444.62
1520.2
6250.85
4770.64
2365.61
385.126
1561.08
2182.85
768.173
333.11
3656.9
1108.69
854.385
3040.46
882.388
1591.33
2335.96
3023.69
1427.36
2009.29
2478.33
7627.72
1319.02
168.253
2282.82
5826.46
1464.33
3198.45
1514.96
6438.13
3112.82
2315.45
2920.36
2116.02
2653.23
800.632
