7570051
385508
396652
837095
366565
4.68816e+06
610734
1.11469e+06
711971
312738
665333
254595
233012
351747
393242
696654
828466
649526
648839
396297
284475
348023
311435
96159.3
422452
147839
490911
206062
52992.8
153120
548039
579984
398383
138219
326291
292981
102497
156726
185332
170373
367380
436544
446296
159133
298869
345429
65956
107142
135296
65166.8
161896
229922
220872
319993
184539
41565.4
155697
153054
94491.9
125675
180459
364733
53038.1
82162.8
148353
226300
181040
113202
48698.2
30400.6
50253.7
218889
132963
99187.9
66854.6
145416
155869
232722
206722
144521
144471
216917
215441
80994.7
22918.7
40997.7
46090.7
188243
176892
211995
73810.4
112543
99917.3
124705
142132
144119
37081.8
136283
90249
157546
86549
137587
30853.1
179588
80769
102062
102085
82475.7
164713
152335
26012.4
177930
60137.8
27264.2
19038.8
51166.2
75531.9
106042
48122.7
118720
117736
85462.2
19850.6
139251
92115.9
60612.7
91529.1
104071
33241.4
79634.6
67959.4
128623
102365
57409.1
17417
36235.2
82868.4
119412
116844
26253.1
38644.6
128030
65011.3
59378.4
98642.7
92320.3
77246.8
164627
195940
63140.3
54765.6
136086
66862.3
84095.7
69955.6
151872
49208.2
84854.9
187099
140523
120606
107633
106679
142363
37494.6
123573
85734.7
17210.3
88189.1
128902
188295
33419.3
69417
130786
34847.3
51174.8
74661.2
57259.4
23226.3
97805.6
176608
28789.2
19148.6
49173.8
34782
51433.2
82800.8
32638.3
54190.8
74271.8
81382.7
32435.9
22608.8
53382.8
26111
27510.5
115582
13028.4
13914
93517.2
62356.6
19724.5
19412.5
67900.6
78545.9
51973.4
95924.3
53286.3
60162.3
59469.1
63057.8
77858.1
13080.2
5719.87
106358
80751.1
57949.7
10992.3
106207
78909.4
9177.65
147361
90650.4
21751.1
112677
7154.64
101550
51847
84803.7
115842
50247.9
90179
108965
92349.4
37620.2
48049.2
162545
10537.6
94369.2
52674.8
67716.7
48370.2
39819.3
83299.5
77738.2
53893.9
149761
65252
18357.3
45038.2
132796
12939.9
80963.6
18719.9
54697.4
9094.29
