11653191
204128
212399
221482
216890
281288
802026
309539
192858
288087
341345
643091
1.48573e+06
3.53874e+06
776540
416834
266397
226420
150084
521339
513592
424879
420953
413186
637969
1.88033e+06
1.2383e+06
324421
203788
99906.9
41772.3
132112
451453
155442
118644
97281.7
69294.8
111140
527454
304847
126981
145947
64011.9
159913
471507
390252
91264.9
81525.5
74167.1
155666
262221
485222
226436
191707
95048
91761
37212.5
468379
215804
104787
116823
112333
232423
621520
438641
21353.5
55154.5
29346.2
65915.8
90954.4
150328
151665
82159.7
66882.7
48069.5
115550
252010
312521
47529.8
65891.6
32750.8
85162.5
269628
323760
95419.1
78119.4
70587
75714.5
114371
211875
250408
107141
78003.5
39327.2
37989.3
378706
108944
119755
127126
132970
162665
346908
110528
128100
99518.9
47393
39581.1
130072
99821.8
114317
4177.07
27615.8
34163.5
94064.5
154870
173683
67474
79108
9945.12
127239
185415
188617
84493.8
25759.8
17887.1
26577.6
97958.1
99084
184944
34959.8
22253
68125.2
33398.1
340213
96902.3
154960
73212.4
78754.3
61122.5
204182
46141.1
125000
14905.7
76215.3
95588.4
146174
134168
91935
95356.8
62478.9
86076.5
98982.1
74445.7
69194.6
118794
94120.3
51270.3
76132.2
76906.5
157610
78120.7
25068.8
71740.6
82741.9
140263
50168.9
95005.9
105092
74710.9
26007.4
73447
257720
86439.8
85988.2
30509.3
77583
44367.2
179997
48527.9
70392.2
75146.6
12046.2
77475
145195
170602
88078.7
112561
12078
43106.2
59246.8
73926
9208.71
99591.4
22941.9
20055.5
116980
55494.6
130618
70529.3
81817.8
48268.6
100849
105121
66021.9
46935.1
109566
54405.2
66649
12972.6
193253
51447
22996.2
58857.2
98840.1
87839.9
144149
18471.1
40378.9
82485.5
48584.4
69725.2
184026
115322
84022
75218.9
53048.4
84454.9
78094.1
6521.72
31822.5
73701
87898.4
37355.4
88004.6
88309.7
154106
79933.8
99994.7
41901.5
93891.1
93505.5
55238.8
20083.7
105538
33227.8
12782.4
51382.6
168469
77016.3
33425
63736.4
43794.3
95945.8
136125
83649.1
43171.2
