6928372
587430
287371
452367
998322
3.42917e+06
1.7434e+06
176002
407298
119855
790162
401111
409290
313310
388282
1.60384e+06
478568
683456
255098
621686
1.50597e+06
563459
364110
241095
166280
499562
615034
421669
126924
269500
534324
1.05156e+06
22892.6
134663
166030
256486
344399
223109
236688
116875
306286
145560
381116
110978
115031
495674
323981
142098
18062.3
155865
107599
308375
370954
110786
191268
183491
483444
211062
193377
244930
8880.76
303257
253501
253528
215723
138231
65615.4
225819
235788
68377.4
145747
113511
151331
301361
76166.6
31150.1
137288
110567
55076.9
132767
126968
136782
148910
133512
118074
152511
152893
125543
192778
96996.7
139460
228566
158811
161413
161483
78858.2
140798
102088
107626
122326
209661
178080
129876
82250.2
73690
113923
124882
213084
56391.3
49766.9
148111
58422.6
65504.2
138309
44834.3
149867
84572
165374
195159
25236.3
78421.9
63441.3
52740.5
91238.1
127853
122336
99391.4
138611
45997.3
101255
111301
106890
123284
108444
37328.8
123772
52330.3
62220.7
83061.7
43504
74462.4
130773
39278.3
57508.6
63155.1
101360
95214.5
114480
109220
94565.6
98935.9
42010
96299.1
53535.9
131601
114378
51044
55887.3
28339.8
106932
134945
64271
102315
112934
87599.2
92631.6
128493
78628.3
86568.2
95884.4
68997.4
59854.4
72914
39319.3
104574
109080
63337.3
99707.1
69237.4
91398.8
95765.1
10950.5
65441.6
38177.8
93502.6
106328
51616.3
83871.5
79449.1
74459.1
73264.8
21363.2
28655
7042.09
101877
22553.2
55240
66527.1
51110.1
22459.3
177572
79216
46276.4
28870.4
22621.3
116108
42277
54721
76336.8
65443.4
73405.6
97646.9
98994.6
29556.6
57329.3
43632.9
130058
74601.7
65047.5
36907.5
73237.9
47883.4
28100.8
50741.6
54187.7
121473
69176.2
30971.1
82204.9
25361.6
23373.8
101782
98513.1
115981
30273.3
18777.1
123602
43269.6
64138.8
81309.9
53560.9
110870
144311
96580.1
15897.8
52266.1
83793.6
95573.5
59070.8
60876.9
75509.1
110909
45345.3
62190.5
81401.8
35763.8
