8311199
160474
488159
186328
197499
4.49328e+06
152674
123058
451587
202069
101713
164680
394986
126087
135727
1.60446e+06
150301
87253.1
442478
167434
110636
154849
422371
140239
126809
785844
176238
34510.6
428805
141720
115078
154914
338527
163270
141094
430039
179308
37774.6
408731
107277
106418
170504
284261
171902
117397
203016
162371
52633.8
330649
82028.7
122147
168706
212757
182168
108689
37538.3
140079
58311
259875
50954.8
108878
179087
174336
168337
123774
45693.6
108513
68668.6
194132
25204.9
114114
171886
100213
159758
114930
88687.7
89668.9
90907.2
100413
43910.5
99373.9
166074
77619.4
155085
101489
117573
50799.5
117672
46285.5
51663.7
90668.4
137389
50103.7
138341
90429.3
96868.9
23421.9
116483
46569.6
52473.4
77806.6
127948
39437
114510
86153.7
103783
28713.7
130596
95773
61430.9
46344.6
95146.2
29625.9
93889
74239.1
66250.3
53545
132294
121824
54217.6
26964.8
76638.6
31900.5
74054.1
61515.2
53820
66500.9
117774
135129
49069.4
17646.5
55206.1
35090.8
69342.3
50566.7
51411
64568.7
95149.5
134556
44853
28513.2
61882
30407.9
55348.2
39169.1
62047.8
71735.4
77207.6
114207
41282.9
49893.1
81752.3
36576.1
54111
24337.4
67125.1
62210.7
51757.3
96188.9
60768.5
56228.9
101232
35349.7
45196.5
9647.71
67815.7
43711.7
23675.9
64558.5
68769.3
62525.5
105062
36734.2
51860.8
6993.22
63091.9
33324.5
14986
46205.8
89679.3
60777.3
104432
47092.1
49367.3
16546
53511.7
19332.4
27215.1
36960.4
87494.3
45849.9
95656.2
35668.1
59481.5
34468.3
33915.4
14959.6
40303.6
45377.9
91899.8
27540.2
90583.3
43138.1
66778.6
37040.6
17950.4
26262.9
51479
54497.5
88067.1
11904.3
70632.6
55240.7
75022.4
39794.5
12853.9
34424.2
62758.2
63127.9
68754.3
26500.3
51564.2
66427.9
76923.8
38394.7
30408.4
37917.5
66485.1
54766.1
49766.3
48106
31018.1
80958.4
71446.5
28230.9
45588.8
35952.3
70021.8
40701.6
33326.6
65471.4
13321.1
85920
59848.5
9062.28
56224.8
34155.6
63659.3
29923
32860
79842.5
8634.64
85488.3
42245.3
11441.2
61180.7
