7936285
201837
570321
351168
514149
4.91366e+06
567714
340132
527233
245700
422950
178820
537776
302518
359599
1.25172e+06
628732
292131
479004
271091
390638
95518.9
412889
296585
288036
343733
563765
121334
330950
286191
352561
82690.8
309722
313916
254927
86399.1
387350
74132.4
220618
232814
257726
50014.1
248039
302065
201065
193386
166326
198453
145937
168334
137453
24471.2
200902
249308
110296
163386
79714.5
248551
121869
77242.2
39253.3
30432.1
185434
170319
66993.5
98046.3
173026
226399
138947
23594
72278.5
49952.3
144261
60927.1
151886
60313.8
214936
151508
142833
99826.5
114274
66882.3
73189.7
29701.9
187106
83793.8
181561
79516.9
141034
96773.2
94779.1
63130.6
25680.9
64754.5
166724
118996
120014
96368.3
109674
71006.9
44043.9
75432.6
38571
69063.3
107174
138509
70489.8
122487
55541.5
19359.1
30543.5
68086.6
62880.2
66660.3
35472
149118
43792.2
105025
46830.3
78430.9
83896.1
64732.5
76974.5
65372.1
52414.8
141153
9551.87
79560.7
103532
116266
105452
34044.4
68641.3
66334.6
84787.3
94763.8
38407.1
87206.7
126262
107470
91117.2
15927.5
63410.2
45488.1
93035.4
43945.8
80295
91327.3
106160
64157.8
61563
23761.3
63537.9
29173.4
74248.8
36233.7
91470.4
73371.1
76202
61587.7
41619
34280.4
67605.2
33055.9
51737
79209.1
77577.5
26728.1
97927.6
96003.5
45945.5
23369
57251.2
46162.2
21774.3
116138
29828.7
24283.8
123759
115670
46094.9
11746.9
31091.2
53646.5
12144.8
138657
19727.8
54096.4
114350
93452.5
33778.7
35049.5
24961
58124.3
10665.7
132370
55020.2
54454.2
58160.9
41098.4
39033.2
56195.3
42108.1
53032.1
12918.5
103785
74949.9
38376.7
24240.6
13110.2
45780.5
63999.5
50911
36063.2
9300.26
71763
97670.4
45929.7
86281.8
46644.4
39883
57549.3
47375.6
50204
28134.2
60408.1
112223
69906.6
130724
41377.4
20822.9
30548.7
34710
76760.2
33950.1
72535.1
99358.9
65177.1
123045
8742.87
32448.5
10233.7
47481.4
92207.7
18377.6
62363.2
61414.6
56323.1
83214.6
35515.1
54230.1
27514.3
64342.5
79567.2
28597.2
51757.3
