0
14522
6342.12
14599.8
38072.1
164997
16259.8
10173.7
16554.2
22131.7
15908.8
12982.3
19983.3
28989.1
2365.05
9690.38
24767.4
22221.8
15658.9
9474.04
20486
36003.2
23350.4
30890.6
3311.12
18187.8
12666.7
14971.3
20435.4
21341.4
3457.69
25727.5
16109.8
15501.9
18079.4
7926.81
14028.8
9585.77
11033.7
16024.7
8396.19
6099.68
10315.6
7988.07
3495.94
7758.49
5367.62
7588.63
8184.76
12069.1
1101.8
7671.02
7998.41
3378.51
4387.7
9018.42
12445.1
5388.27
4438.78
2402.51
13385.5
7860.06
9108.46
5441.65
12264.2
8314.64
8247.49
6124.47
16234.2
2945.46
3082.03
1970.77
13505.1
9778.91
11878.5
6712.06
4256.82
1658.19
5983.35
14215.4
10239.5
5249.61
2001.47
7665.37
2764.95
1627.96
7671.68
3917.2
5592.01
7993.31
8215.94
6660.72
304.644
2594.96
3755.43
13226.1
8108.58
4819.73
8633.45
7766.3
4363.82
3151.26
3680.12
2957.11
1356.23
5618.42
4091.36
4752.64
6865.75
5973.85
3424.86
641.069
4280.54
3531.83
909.249
5892.11
3062.13
3591.4
2987.75
7171.7
5732.05
10536.1
1412.99
7941.42
1282.59
1852.12
5830.37
452.028
0
1058.27
5271.25
1752.32
8660.03
2713.29
2994.04
7988.48
3780.7
4345.35
1382.61
1787.02
3089.54
5080.06
1623.34
7319.95
1075.9
1664.02
2521.45
1841.47
6203.92
4134.7
2370.88
4549.51
1458.12
6327.14
2216.2
3125.44
400.731
4232.91
1539.94
4453.21
2712.12
2167.76
3101.88
1879.92
2384.36
3416.93
6009.44
5101.98
1752.44
4203.08
1578.01
11129.6
2031.94
4488.46
3049.71
3438.72
1463.67
2000.98
1494.81
412.412
1228.67
6990.91
9585.24
5439.02
4817.27
873.916
2439.12
3254.06
3042.11
6354.95
725.342
8014.8
4277.49
4720.06
5155.49
3562.69
5002.69
2700.01
813.022
1055.8
2924.92
1605.69
1796.32
4575.9
4606.8
5339.29
858.625
1584.32
1666.94
2457.44
3368.16
3826.35
1493.45
1027.82
2404.22
2205.13
2366.78
2142.9
5840.15
2869.6
1444.62
1520.2
6632.73
4858.95
2365.61
383.63
1561.08
2287.78
768.173
337.179
3656.9
1108.69
854.385
3208.85
882.388
1709.54
2335.96
3174.97
1427.36
2008.89
2478.33
8085.38
1319.02
166.087
2282.82
6167.43
1464.33
3354.3
1514.96
6602.7
3112.82
2445
2940.36
2234.5
2688.63
808.678
