0
14529.1
6396.93
14879.7
38200.2
168697
16488.7
10305.2
16823
22650.2
15992.4
13353.9
20423.3
29843.7
2365.05
9965.76
24767.4
22239.4
15950
9693.04
21262.4
37111.4
23428.4
31639.7
3311.12
18701.9
12814.3
15228.6
20539.2
21863.4
3457.69
26365.2
16109.8
15659.7
18622.5
7998.98
14412.1
9757.03
11263.1
16368.9
8584.07
6111.96
10419.2
8161.31
3495.94
7904.18
5455.04
7843.36
8184.76
12322.7
1101.8
7841.43
7998.41
3512.3
4447.73
9237.38
12603.4
5385.3
4438.78
2402.51
13784.3
8038.85
9313.92
5541.94
12264.2
8473.26
8423.24
6277.63
16702.4
3004.63
3082.03
1970.77
13664.1
10020.4
12077.9
6978.36
4256.82
1658.19
5987.99
14518.5
10433.4
5399.28
2001.47
7847.62
2764.95
1631.3
7742.6
3917.2
5592.01
8148.39
8399.85
6785.86
304.644
2594.96
3882.36
13330.5
8108.58
4915.42
8793.18
7952.53
4363.82
3183.59
3697.59
3032.25
1356.23
5744.29
4091.36
4890.69
7144.7
6118.08
3514.58
637.923
4280.54
3627.87
909.249
6053.85
3062.13
3680.77
2997.61
7313.65
5732.05
10675.7
1412.99
8111.3
1280.55
1879.72
5916.39
448.733
0
1064.35
5317.95
1797.06
8676.65
2773.52
3030.38
8100.31
3780.7
4465.89
1382
1834.4
3089.54
5236.51
1623.34
7525.98
1075.9
1664.02
2521.45
1889.27
6453.8
4272.33
2370.88
4665.24
1458.12
6511.41
2216.2
3174.88
400.731
4328.73
1539.94
4555.05
2712.12
2203.2
3215.42
1879.92
2384.36
3469.45
6142.3
5248.81
1752.44
4260.04
1578.01
11411.7
2031.94
4571.1
3049.71
3538.49
1463.67
2000.98
1494.81
416.062
1228.67
7287.15
9742.69
5587.17
4817.27
873.916
2439.12
3292.84
3042.11
6509.86
725.342
8167.05
4275.76
4794.64
5251.09
3652.52
5002.69
2700.01
813.022
1055.6
2924.92
1639.41
1796.32
4742.45
4644.24
5462.79
858.625
1584.32
1666.94
2551.97
3368.16
3912.02
1493.45
1027.82
2404.22
2205.13
2366.78
2203.95
5960.4
2945.23
1444.62
1520.2
6836.04
4920.15
2365.61
384.303
1561.08
2357.57
768.173
333.377
3656.9
1108.69
854.385
3251.3
882.388
1767.56
2335.96
3278.88
1427.36
2007.74
2478.33
8319.45
1319.02
167.431
2282.82
6364.76
1458.66
3420.23
1514.96
6688.13
3163.2
2482.62
2954.4
2280.8
2688.67
812.69
