7585816
512057
386973
901423
832311
4.49717e+06
749225
704308
384527
772870
641626
306967
347913
678221
634460
431928
423648
359102
215105
764035
365337
218753
598938
218274
429453
453293
334831
221936
87793.1
535894
199284
207411
581194
254909
452644
327739
377268
186647
137992
388753
121083
557834
309200
285371
357004
65673.3
255864
82557.9
119416
253146
31463
625712
71755.7
92132.3
128832
63086.6
111930
74102.2
77549.6
156071
131354
346948
153723
118405
14299.7
176850
122202
41780.7
79583.7
152415
80074.4
42283.1
128932
107841
59473.6
217162
132428
12424.6
180293
114166
58035.7
104236
130409
64730.7
131901
128829
103393
80659.2
112582
178945
130004
45474.6
126056
120624
116870
33104.5
90011.8
147193
78156.3
155094
120543
59796.1
126869
94528.3
72371.6
39503.7
91741.8
116574
185889
140479
108467
59613.6
85833.1
46099.8
70417.1
99249.4
81299
61438.7
150837
187136
66030.5
105482
12502.5
31773.2
121228
69051.3
34172.2
123012
73223.2
119784
27956.4
100090
50529.6
29953.5
134913
36689.2
77114.4
113645
45007
26963
70932.1
35602.9
43535.5
12005.3
54646.8
108641
119186
53496.7
80937.7
42124.1
51139.2
3706.1
34853.4
32714
67572.9
114666
78743.9
38946.9
89859.4
46650.5
64308.8
18645.4
18031.2
39330.6
88293.9
131152
21363.5
49994.8
23175
95924.7
73075.4
42878.9
36858.2
27115.6
63265.9
101810
96126
35488.7
112186
99466
60708.6
59215
28055.7
63589.7
75556.8
45117
131471
28213.1
135577
70101
34020.7
102144
78670.1
64507.5
38452.9
90952.3
120776
49248.4
85724.2
35956.6
44569.8
105898
96357.2
25504.8
56088.4
75274.7
91886.2
32623
32512.6
15826
93019.2
70264.4
32150.5
35076.3
55076.6
48779.5
88998.8
28713.8
26399.1
7922.1
75683.8
52861.4
65549
30307.1
82041.5
46831.6
72884.2
28096.9
72974
28713.8
38411.9
62098.7
85610.5
63632
118737
12129
37190.2
3650.22
87733.3
48157.2
25640.6
86833.3
59475.1
96076.9
63967.7
17118
36091.7
25287.4
95364.6
21618.1
25377.6
73740.4
58896.1
70618.2
58182.5
19264.7
