7969613
313215
153962
714805
891858
628714
504403
833962
1.59527e+06
1.80699e+06
1.82136e+06
492417
1.11806e+06
2.64318e+06
55642.5
477317
257493
2.11122e+06
349157
416391
1.01173e+06
113148
219750
45910.8
396101
311902
849697
663585
429923
311420
608393
513203
448463
415519
133562
506397
393464
210233
458350
92501.7
441797
414402
282886
157543
328541
139607
311546
120339
403985
175406
147284
213532
284228
249638
359291
240298
61829
468387
271173
77309.9
289973
192075
147703
291696
354074
476187
108934
10640.6
192253
221020
83171.6
120633
227804
139073
111173
143964
81505.7
78605.2
186128
206749
118655
100848
221533
191290
53990.9
175713
123200
150194
127959
178791
211714
104230
145446
229957
237455
95339.9
146083
205310
86829.6
65186.6
67700.7
232365
130182
147674
101326
284060
119314
101222
118273
64190.7
84298.7
85010.4
156845
106551
109065
128533
79472.7
80906
32139.2
83342.5
152512
110652
185999
88755.4
40843.6
213367
204465
30870.1
135295
87704.7
67068.7
142236
36710.5
27463.5
73997.6
63492.8
64124.4
137504
14859.1
117934
106116
150621
140656
105325
42163.7
39846.2
233426
132005
134945
118242
118088
106569
67323.3
129434
84622.7
49430.6
66328.3
44450.8
71250
99654
174430
45113.4
60696.3
126289
120573
90064.8
88665.9
78004.5
70510
58049.1
128837
161342
9075.72
166531
38923.9
156523
106883
99194.4
73363.4
115322
6287.87
41757
69618
19596
54674
55396.4
48032.9
165223
145491
86801.1
91164.4
78356.8
71017.9
36754.4
48964
73449.1
102765
79015.2
50424.4
49241.1
62675.9
42174
89017.9
73578.5
84114.9
43793.7
60692.4
65972.6
203075
90958.2
29208.4
22385.6
140725
66086.1
114961
25359.5
70004.5
11307.1
79494.4
87560.7
102778
74702.9
40068.6
165635
24512.3
56212.4
47644.6
82454.4
129001
74642.1
170799
52304.6
84735.7
54740.8
73774.1
92668.9
53670.4
87967.8
54141.8
56259.6
14427.6
94479.6
16773.8
119960
110555
40476.8
10970.4
7789.55
18487.9
97790
170140
35134.5
100796
54329.7
160318
32090.1
