9732557
319764
780922
1.13062e+06
3.00442e+06
1.29814e+06
292126
634652
1.30559e+06
2.00253e+06
1.01562e+06
752268
739234
2.14139e+06
83040
301249
250742
1.12702e+06
523379
138914
141767
1.00474e+06
474811
704592
287444
434755
612845
398756
121198
73468.2
149068
229621
66273.6
137617
377859
142682
321249
181533
101607
372517
406157
283538
153271
389148
209361
241561
207795
122704
209655
137143
160809
234476
309004
360207
146445
241904
183201
176820
85816.1
297674
82623.3
109843
180823
71964.5
17414.7
101408
231740
115561
117747
99506
277462
211546
213233
190776
81307.2
63872.2
117888
161659
88827.1
52180.9
221471
40226.4
222457
151101
65980
86011.9
99527.4
75813.6
97333.5
232376
20583
90596.6
18916.5
32672.8
63062.3
114307
80485.3
31775.7
69177.3
85719
76342.5
171421
233524
180204
78929.4
92704.6
177557
111068
27600.7
95941.6
128833
142197
26791.6
7857.64
132954
39213
146840
64205.4
29198.4
145739
105313
79403.2
66085.5
50383.7
8504.13
128884
41499.4
61026.3
73176.2
98415.9
42899
77963.9
102769
89515.5
57792.7
161351
113156
38170.2
77444.8
112841
55631.4
140544
38755.7
26521.2
96593.9
98275.2
154966
48987.5
99275.2
28386.1
65235.9
88932.3
97562.5
54309.2
71202.2
144764
62741.6
33199.9
66489
90286
29141.5
21143.9
28159.3
95457.9
57799.2
71622.5
107722
34959.3
82755.7
45512.9
65877.1
58598.1
49046.5
56883.3
58691
150621
97097.7
87752.2
107720
37863.4
63768.5
12442.4
105420
24728.4
56440.4
67406.9
56570.4
74465.5
136165
21171.9
23264.6
37985.3
81011.8
75017.3
45511.5
93417.3
87800.8
59316.5
43909.3
15005.8
88688
81181.5
8602.67
71682
113622
51808.9
63596.8
26239.7
76788.4
66005.2
75169.7
77646.4
68565.1
76020.8
90839.2
53844.6
55041.5
41366.6
137504
28937.8
51349.1
73996.8
35385.1
19911.8
75654.8
48809.8
48418.8
31519.3
64039
40969.4
77120.2
124814
32037
31019.7
134183
24062.5
15117.9
31203.2
52515.7
53608.1
17620.9
88659.6
65027.4
50512.2
144584
43646.7
14498.7
22291.1
131636
33659.2
49960.7
104452
23726.9
18604
21648.1
54605.1
