6829708
71612.3
468101
910176
448377
3.97263e+06
132384
594284
730072
644739
1.33198e+06
620110
439672
1.41884e+06
517214
358853
327256
855130
719781
308841
745031
241835
354688
705396
124898
255491
206802
664877
470863
382418
287162
302034
321210
59258.8
42585.4
31597.7
266132
452061
161174
290304
142599
106491
60050.6
110486
238850
54490.4
473673
162319
190108
391972
184414
350294
139415
205560
109571
161525
203956
113358
112373
195975
297886
198258
101192
148630
175073
278663
69895.3
181638
24752.1
143311
78120.5
149216
165284
64769.1
101349
98051.3
29678.6
37306.4
175715
159901
90845.6
107646
209918
197809
73122
127094
55465.4
8022.92
69866.5
119000
125440
192842
145613
46640.9
92950.4
25201
124098
84532.8
121153
88962.5
158788
144859
71927.1
56459.5
66656.4
33703.8
192100
36557.7
47639.5
4244.15
111365
28483.1
58609.9
35321.4
38709.6
37460.2
159238
20270.6
52402
56838.4
50856.9
98965.1
100312
13394.8
146476
80135.1
170289
83053
32471.5
136233
43938.5
55063.4
102627
52625.2
132599
40848.6
143478
52493.6
144660
94122.8
26083.6
35406.3
19356.1
60423.5
72150.5
39390.1
41420.9
61381.2
141496
51718.4
66164.6
60831.8
57632.2
27591.4
63326.3
66626.2
74555.9
109521
58432.7
77195.8
172458
98242
130585
64431.1
44530.6
20583.1
84370.3
37474
38527.1
70874.4
132942
82943.8
72067.4
20220.2
62159.5
54989.4
30793.6
29450.8
55187.4
66085.5
145241
23032.5
35255.5
49081.3
32618.4
19577
52649.9
46180.1
40145.5
92308.1
82825.8
53187.5
53870.5
58139.6
105742
57774.4
99691.9
27596.8
38999.6
15229
69603.4
22066.6
37380.4
93761.2
32075.4
51361.8
64141
109523
26205.3
55137.9
69851.5
77725.7
47729.2
65002
68436.2
48410.2
26164.4
75973.5
5490.41
15699.8
16181.4
131840
53788.2
9420.4
27371.7
34757.1
33644.9
25253.9
5140.86
67656.9
38484.7
80905.9
63312.9
89113.1
31755.8
75214.3
20185.5
82664.2
62533.2
86162.8
100344
64686.7
28239.9
116952
66357.2
62047.5
12610.3
104554
33472.5
78424.4
65020.6
23736.3
27476.4
63714.2
40974.7
65972.2
