8614552
209824
311476
1.1224e+06
725654
2.80568e+06
1.09164e+06
1.91641e+06
1.52155e+06
846940
239715
554536
552024
1.31242e+06
695092
663694
305257
409735
439926
298120
1.94355e+06
465364
95803.2
414866
295161
348704
202816
887429
635588
373530
713828
255970
364700
296013
487070
94853.2
399038
67645.6
350307
438962
268798
380416
361177
263305
201232
597634
122206
361010
195010
212600
109011
304109
453712
126785
186876
98035.7
213861
313467
176361
319424
257408
79305.5
94069
118088
272436
164933
108172
323482
232769
203922
238975
273291
173627
150887
159689
93502.3
178938
118404
34729.6
371655
48231.6
295062
261418
74135.2
77375.6
233019
133556
130739
57792.8
151184
85302
122851
164407
116520
46146.8
99798.6
130518
49715.6
163408
138858
79688.1
56587.3
185156
211946
222015
17892.8
299790
203548
26258.8
27518.5
207031
10523.4
69568.3
127231
161781
71422.9
167024
58371.5
74059.9
92046.9
62287.4
116922
45610
108388
15146.7
87995.2
174788
139293
135282
115547
106457
114849
84108.7
64174.4
28373.9
52602.8
85596.7
200338
132650
201760
34243
57148.9
67064.3
46172.9
46484.7
26799.5
101107
25985.6
90631
135745
77627.6
209926
64229
138673
71124.3
129332
50689
100803
22047.9
78128.7
92984.3
36820.6
82999.7
91202.7
97512.5
90204.6
28371.2
24470.2
50473.7
73006.8
143626
80509.5
123633
59713.4
45703.4
60264.2
51325.8
74342.8
31413.5
64944
118731
26772.4
50055.3
58993
144003
64043.1
175716
106253
19621
88369.2
87619.8
55145.8
38587.8
17502.6
75484.6
138095
167210
143457
88293.8
78933.7
20074.3
17623.1
99759.5
31504.4
117591
107910
27616.5
48038.7
112867
223717
47029.4
107949
62245.8
46326.8
43394.1
48105.3
59298.7
83638.7
17429.3
46413.9
63765.3
40243.9
33745.4
72532.3
95286.2
57589.1
31100.5
31398.7
80318
91299.1
96801.9
108836
103977
149943
150992
46125.5
27743.9
27963.2
63857.5
93046
67029.2
60154.7
70918.8
34345.9
72740.3
76095.9
19782.9
12852
53367.8
38484
81057.6
70127.4
132804
49175.6
102216
112925
