6055566
342232
375724
327554
1.41984e+06
3.4769e+06
912779
417765
381591
521779
2.37699e+06
776902
153096
181452
855141
1.10359e+06
871383
353623
412472
183542
1.02752e+06
439823
294820
76379.3
613401
409670
229405
143540
313212
144067
284525
527606
579449
92035.7
421441
333880
228348
99256.4
246307
331507
103736
66752.3
385255
227154
31647.4
160528
78606
231375
167088
52087.9
248859
278210
256213
66865
168723
95152.4
233501
93927.6
246495
118170
65243
130097
203364
99500.5
92103.4
42653
283159
251862
141615
231857
65104.8
262423
182709
112456
90116.7
87064.2
90352.4
71767.3
168231
76743.2
100844
74655.3
50842.8
129341
173659
92658.8
104437
154343
62433.9
115273
127196
156895
207826
78446.2
125859
42184.2
62014.6
109684
218648
41982.9
53747.7
32944
112016
102884
82651
36198.8
19013.8
120393
67156.6
53844.2
40954.4
21667.3
121866
195741
103210
77464.8
71928.8
77319.3
91635.8
54631.7
103409
125490
23653.5
57706.9
109230
89261.4
67108.8
142402
73309.9
38701.3
35704.1
51619.4
89671.1
97690.3
142317
109821
99961.6
70286.9
90492.4
68458.2
74404.1
115640
79437.5
70146.2
52384.6
34924.5
44056.9
125878
75359.9
43346.5
118420
69150.8
27415.5
32615.8
32092.9
94482.8
108434
26444.9
42865.8
85704.8
81293.3
15228.2
51593.6
19218.5
54002.4
69023.4
81736.3
10342.6
24843.2
56292.8
90653.1
106868
99100
113234
139300
72343
33443.5
62941.7
73942
29859.6
86910.8
11800.8
68287.3
76687.7
55262.4
97251.9
58166.8
65288
18955.2
80423.5
83678.3
51440.8
48970.8
70628.2
61372.2
95983.3
66864
32927.2
41614.7
44151.8
81211
14674.1
88244.1
9480.49
16513.9
73531.5
63682.2
14345.5
56794.5
59690.6
80210.2
53616.9
55474.6
13612.3
8519.12
106528
106194
33176
26863.1
14463.3
145479
56696.7
45688.3
41725.2
70451.6
54261.9
88463.7
16192
35489.6
81651.7
70381.1
47557.2
38389.8
23208.5
90887.2
87222.6
83202.2
56955.6
57838.1
25911.5
103780
57845.3
15327.4
19861.9
47307
24612
28552.1
43329.7
106154
64880.7
50466.7
48883.1
33509.9
34222.5
64404.3
84854
