7567540
1.43953e+06
3.08183e+06
1.15674e+06
1.5067e+06
1.00289e+06
1.08735e+06
1.3737e+06
1.18294e+06
1.27739e+06
1.92099e+06
521130
800846
798710
289744
954639
719312
195548
140754
501022
485070
736170
27863.2
153261
256366
598543
652694
517091
320191
187864
174395
224083
182824
391322
288676
130470
106537
341840
280219
211594
234861
191388
212716
189050
93805.8
289806
227409
145490
90382.2
118766
130809
94667.8
225881
136381
146446
110020
197206
87424.5
201476
159330
126252
145317
266573
301357
85288.6
34243.2
36962.5
212222
93947
132094
67022
138896
197375
159417
174823
29998.8
175236
59208.1
232246
69414.3
111365
64016.9
138037
28431.5
77622.6
82846.9
59154.5
119393
52063.8
72995.6
78277.4
113369
31438.1
70976
47644.6
41126.1
65168.5
145013
102782
194121
128930
24444.6
143609
87204.6
88521.2
131932
43881.3
82985.7
92148.2
74322.8
54922.1
85608.7
93081.3
69299.8
151296
125844
73176.9
50495.5
127532
27038.1
116941
63228.4
70447.6
61945.5
44293.9
157770
92875.3
31625.3
32769
102762
78706.2
8825.19
50879.8
94862.3
66850.4
71043.6
66581
107680
43191.4
32933.1
92828.7
7598.6
57215.3
57964.2
46209.3
73955.8
22978.3
70631.2
19876.7
96262.7
108360
150583
32991.9
60562.1
87850
83347.6
69921.9
35402.4
50583.7
36771.6
53384.2
71274.1
80725.9
66584.1
48405.6
132304
18011.2
96054
85363.3
17688.8
100308
61660.2
51617.5
19920.5
32269.4
45180.7
16298
51654
48371.2
84499.3
23670.3
67020.5
45633.7
71156
83973.3
20707.3
107775
78893.7
98178.8
32588.9
94278.3
32913.1
74860.8
51115
57343.3
20861.1
47054.8
14118.8
74228
54433.2
50045.2
36354.8
85303.5
96114
71106.2
12921.4
83780.1
49075.9
64120.4
14091.2
64166.2
23775.9
81574.5
24429.9
88371
26513.9
49349
126708
44234.4
19525.5
29903.1
77210.3
49795.1
66211.7
44708.4
20026.1
29409.3
14833.5
26360.5
74847.3
65727.5
44469.2
57434.2
55832
31578.6
91553.4
37686.7
72224.9
77917.2
51287.5
61136.8
45077.3
87519.4
47154.3
51594.3
48846
61677.3
47622.9
19984.5
75022.5
22583.6
38185.7
58776.2
88145.3
32244.8
76650.4
