8060101
545493
736415
405698
859355
4.09102e+06
658173
511698
1.00679e+06
526038
651980
532864
202462
1.25001e+06
665991
669383
100619
76851.9
615721
1.12354e+06
917202
129914
391167
1.03894e+06
858008
222271
177624
86448.2
287229
510524
520958
281525
372441
254180
401272
286396
96365.2
576958
342039
259892
180209
336305
120731
71868.1
325645
341240
130093
546821
140840
330054
163472
166598
37937.4
352825
405445
126901
154683
76982.6
152792
142650
129636
309328
114528
75094.1
179408
208092
254652
94237.1
32568.8
180032
88014
166931
220869
131491
89805.5
132078
45290.6
88387.5
162722
179694
40290.7
50866.4
88895.2
148736
105943
233000
138628
72662.7
187187
219101
32140.3
260643
115482
171144
78156.5
61218.1
110022
106610
120747
66711.6
90581.7
108923
81245.3
130783
214115
95882.9
93726.1
55114.7
140010
177709
56779.8
120324
110978
143642
226062
117308
114221
14048.1
72633.4
102278
135890
115098
109150
88192.4
86130.9
25143.8
59381.5
17120.5
65388.2
50144.7
103269
40183.5
86486.5
137257
32152.1
110953
29048.5
44456.1
100602
46837.6
46643
40300.6
56956.7
21072.4
65546.4
164907
94440.9
37659.7
26162.8
79265.7
30120.7
90205.4
11217.6
130899
59085.6
116104
129580
104723
68635.8
52838.3
22632.3
114312
118718
101680
95434.4
57422.5
96407.7
79480.2
53430.4
80170.2
45037.5
55683.3
65813.8
106747
47402.2
81841.1
53975.4
151342
68489.8
43806.8
33486.4
35695.1
152153
60650.4
62716.7
98248.7
50427.6
128645
71881.5
64512.1
79870.8
128142
166583
24436.7
16291.6
89398.9
85456.5
146431
31496.6
77533.7
9513.35
996.382
40777
30096.2
21011.7
30650.3
68424.8
82618.6
20575.2
70378.8
75790.1
33978.7
81461.2
98039
74752.1
66858.9
99005.1
34939
73809.1
86274.6
40629.8
91216.8
37004.1
65525
115980
37737
48864.3
40318
54179.4
110785
17634.9
58633.8
11512.5
89405.1
73310.8
70220.9
51773.9
114253
37798.3
46091.6
21271
65562.3
102886
57774.5
68406.9
16955.8
91588.8
83421.8
65526.1
6651.9
76886.3
24261.9
115232
34444.3
101538
30966.4
