0
14522.5
6377.3
14808.6
38167.4
167761
16422.5
10282.6
16761.8
22523
15969.8
13256.4
20315.9
29625.9
2365.05
9897.82
24767.4
22234.3
15869.2
9641.41
21064.3
36837.9
23417.5
31457.5
3311.12
18565
12784.6
15159.4
20500.1
21734.5
3457.69
26204.2
16109.8
15618.7
18493.7
7975.68
14316.7
9712.5
11213.5
16285.3
8529.92
6099.68
10392.9
8111.09
3495.94
7863.48
5431.26
7777.89
8184.76
12258.5
1101.8
7803.42
7998.41
3476.14
4437.52
9182.76
12569.1
5383.94
4438.78
2402.51
13682.3
7996.54
9267.43
5516.06
12264.2
8440.23
8379.31
6233.42
16577.4
3002.45
3082.03
1970.77
13614.7
9955.98
12029.4
6917.5
4256.82
1658.19
5983.35
14444.8
10388.9
5375.51
2001.47
7801.85
2764.95
1627.08
7727.53
3917.2
5592.01
8114.14
8344.55
6754.3
304.644
2598.11
3846.09
13314.4
8108.58
4888.52
8750.27
7903.51
4363.82
3173.12
3691.76
3013.57
1356.23
5706.18
4091.36
4855.22
7072.69
6082.49
3490.86
637.377
4280.54
3605.14
909.249
6016.67
3062.13
3642.19
2989.61
7273.14
5732.05
10643.5
1412.99
8061.22
1277.73
1878.31
5907.3
451.558
0
1063.66
5296.16
1791.51
8676.24
2760.1
3027.97
8083
3780.7
4440.59
1386.64
1817.54
3089.54
5200.32
1623.34
7470.11
1075.9
1665.04
2521.45
1873.47
6394.46
4232.76
2370.88
4632.67
1458.12
6469.78
2216.2
3159.07
400.731
4296.77
1539.94
4533.13
2712.12
2187.43
3184.42
1879.92
2384.36
3462.42
6114.28
5208.97
1752.44
4237.52
1578.01
11346.3
2031.94
4547.13
3049.71
3519.38
1463.67
2000.98
1494.81
417.138
1228.67
7217.54
9706.15
5552.05
4817.27
873.916
2439.12
3290.77
3042.11
6464.81
725.342
8128.5
4277.49
4773.11
5230.9
3624.38
5002.69
2700.01
813.022
1053.9
2924.92
1625.45
1796.32
4708
4621.28
5426.95
858.625
1590.9
1666.94
2528.6
3368.16
3894.01
1493.45
1027.82
2404.22
2205.13
2366.78
2179.94
5932.72
2933.54
1444.62
1520.2
6783.51
4902.51
2365.61
383.919
1561.08
2343.98
768.173
333.431
3656.9
1108.13
854.385
3243.5
882.388
1751.71
2335.96
3248.76
1427.36
2003.47
2478.33
8267.71
1319.02
167.523
2282.82
6316.32
1457.34
3402.81
1514.96
6669.9
3138.44
2464.81
2942
2260.32
2704.84
810.902
