7137554
379286
183768
198903
343985
4.4095e+06
603438
103568
144076
330755
592887
639234
148670
217626
219318
1.59835e+06
451444
43229.6
188840
254413
416244
510078
78379.9
107335
351976
1.35867e+06
388491
113330
183632
117619
913534
246711
52661.5
164704
155943
275824
387331
150216
61877.4
15574
380578
445302
110260
102022
216268
417501
266465
117305
86173.6
128308
433471
317254
146290
98237.9
160348
193076
123191
95258.4
57640.1
95550.2
385953
121388
125783
154923
105437
152375
70547.3
171553
115061
64775.9
214165
162328
108665
38575.5
180207
137858
135861
152620
89129.4
176184
352611
69801.1
127444
105033
76163.7
152891
35589.4
72307.9
33683.2
96308.5
115437
181030
82895.4
141156
81163.8
116817
194005
27335.8
107235
127271
154901
84982.3
18222.4
114606
97425.9
89868.1
131150
66421.7
149410
173164
77719.2
59567.8
51626.3
62212.8
62931.1
115885
157248
55361
131820
104572
95161.8
63728.2
65119.4
47650.1
41135.9
49159.4
165249
43077.5
46312.5
44005.3
53203.7
88988.3
78505.9
73256.4
23143.3
98756.4
49052.8
35079.6
154404
99905.2
87298
49853.3
98299.4
64792.3
58978
35579
174184
35965.1
142808
110692
70026.6
112645
43569.9
46670.5
89662.3
119802
78073.5
58314
122699
51388.7
88220.8
86685.3
54412.6
72625.1
66606.3
45498.8
93708.4
19252
129422
16124.7
142128
68656.7
78020.1
106226
18786.4
132367
103370
31613.8
57744.7
27033.1
44163.2
129767
67617.2
54279.9
10147.3
95635.2
24665.7
48521.4
85779.8
27222.7
52293.7
42074.6
47154.1
95096.3
20726.6
60740.5
35230.6
65383.4
94739
14766.8
19031.6
68479.9
56904.2
128241
14550.8
64713.9
33029.9
27076.5
59013.9
7919.7
55002.4
9017.27
64327.2
112566
9107.5
74053.9
48495
83413.1
44451
25843.6
10470.5
103917
38008.9
96435.6
47440.2
113329
84791.4
60772.2
22261.8
55309.3
87417.5
90360.2
120385
88391.1
84869.8
37804.6
96285.4
45018.7
44884.9
77031.7
73130
49556.6
70769.9
101668
50332.1
43928
21568.4
86575.9
70634.8
42879.5
85742.9
47048.3
58707
54947.8
31554.3
25049.8
