6557789
481607
712966
479002
826610
1.86669e+06
4.14201e+06
922464
352397
27022.2
25048
805196
884782
419408
564437
250956
229737
1.26657e+06
108188
124295
175905
118060
150506
1.14026e+06
337274
313870
108538
189382
264969
31330.3
59715
282335
169900
114030
698994
224170
237616
168952
130731
79794.9
230030
69070.8
245162
162718
140158
191157
324115
228391
43039.1
74981.1
3692.74
198526
247940
218445
273467
158345
53907.8
215410
124812
105456
95320.9
102708
17006.9
320775
235125
137302
63785.2
49268.6
205315
118939
76483
213906
106822
38377.3
173614
170801
83498.9
35638.2
59238.2
93908.6
181800
100959
141089
54301.1
75181.3
170626
52172.7
99985.2
113087
21201.4
18218.2
62316
168246
122746
72769.6
82633.5
81520.8
138816
69341.3
110714
104005
74585.2
73432.2
129318
154439
66917.1
75021.4
7641.44
140509
88788.6
82548.5
121760
77202.5
43772.1
91805.9
143364
52354.4
129792
27169.1
56919.9
106662
82028.6
27203.9
46437
27488.5
110812
32721.9
49809.1
164071
42326.4
16287.5
7370.64
125027
22321.8
66885.3
47174.4
36363.8
88311.1
32890.4
93460.9
89393.1
66570.4
44896.1
89404.3
80619.4
137713
72838.3
64459.3
58444.2
46280.4
69890.6
36532.5
73970.4
36616.5
80778.9
94837.6
95418.4
126366
63741.2
6965.7
40359.5
67207.6
40723.3
61379.7
45778
19374
73868.8
58181.6
111039
44640.7
48616.3
25404.6
82422.2
23030
82204.3
22159.7
80268.5
65869.7
45981.6
41480.6
47355.8
49975.8
28726.6
96679.2
49632.1
108935
14364.8
115840
15613.9
35187
34724.5
29302
41326.1
101831
92010.4
58396.6
48773
57012.6
98043.2
33315
31937.3
67524.9
60715.1
14270.2
100375
26499.5
86530.6
19834.8
32985.9
64504
61872.2
39484.5
51628.2
10181.2
47550
76228
80360.7
65750.7
52425
32838.4
12615.6
22718.2
59029.5
91462.9
43307.7
28974.8
51904.5
93011.5
34147.6
50289
42892.6
63658.3
22650.2
109555
78413.2
19780.3
24446
17337.9
83534.3
65170.3
33283.8
76020.2
53923.4
40562.7
90503.1
23359.8
76908.7
17336.2
49744
69965.1
63915.4
15746.9
25467.4
44510.7
59688.3
75895.5
