5416601
1.07772e+06
689225
563432
1.13299e+06
1.3221e+06
1.37637e+06
1.33747e+06
569088
795966
1.22715e+06
1.03679e+06
451478
605514
267085
1.15274e+06
875750
903689
299895
258430
728041
260199
951363
461540
241462
563485
356020
430131
236985
445279
667015
683334
634305
483008
194687
286848
355621
108874
58837.6
208596
609441
724865
189767
236681
28161
335699
115278
431436
176523
377076
128226
391131
119674
272231
447436
280963
402975
168276
146311
86022
266453
294265
376005
369629
273981
811414
363887
101208
380000
428250
471988
262211
190470
103186
58944.7
231167
181725
142447
42797.5
266784
183786
55035.4
109503
335315
74944.4
172197
124624
316721
428446
117435
174106
74262.6
202594
59062
153181
324201
131779
231293
248834
221039
119217
284405
286771
156038
192391
33553
321048
163921
81192.5
75359.6
92391.7
47820.8
231084
248967
183390
81903.3
101798
201337
250118
88955.1
132087
85655.7
108474
19048.4
142047
128125
119534
253361
269345
219258
260979
210808
60315.6
79704.5
193596
152408
35579.4
175579
104178
104357
111733
273343
44537.6
104347
48506
131866
108479
199753
190774
99744.9
147905
116504
126407
69153.8
118363
76474.2
101162
111512
215421
163354
131202
126233
25131.4
30013.6
212917
58805.7
155704
118897
50647.8
135024
12596
84743.1
208998
57305.6
73110.9
66002.6
29449.7
226937
240695
46184.3
74770
115574
118474
140239
80299
18966.1
105369
110448
68318.5
234090
179822
33323.5
89678.8
101018
84606.7
101077
72330
138690
189275
219124
103208
114882
183745
209761
151694
164633
169693
40819.6
191000
218509
142994
47050
220498
250837
94255.8
128233
79233.5
55347.4
31206.8
48919.6
111396
137218
171003
83860.3
73974.2
48578.3
104545
81198.2
135695
94567
118971
84395
114423
49933.6
108272
114442
162852
93150.8
200456
139057
162464
19890.1
22908.8
98647.9
43006
80635.1
92160.7
93697.9
55167.6
100588
90391.5
87120.8
196498
81852.3
82157.4
218765
