8198601
706366
422002
1.18481e+06
3.28059e+06
1.02844e+06
1.57174e+06
1.20552e+06
1.78142e+06
1.49407e+06
1.14652e+06
346635
85164.6
1.61126e+06
332795
611386
300873
1.30783e+06
346271
570780
85369.9
507247
281185
380453
591873
634573
381612
69936.6
265251
166448
282095
99161.5
77355.3
142482
540030
303955
320780
163154
317722
291285
320980
124223
164041
210230
250582
309861
81133.2
181619
69376.2
44883.9
213813
283819
229533
225107
298380
177051
105786
224354
81165.5
150148
219402
54422.5
20907.3
113791
195669
267250
183129
146134
103661
209558
151430
114025
85825.5
103366
101888
75869.7
88742.1
115650
199678
277070
104697
60622.6
141211
91848.8
62037.1
54449.9
65390.2
235438
100064
16487.2
86357.1
102195
59471.4
23891.2
60813
168815
191658
56584.2
31195.6
83783.3
139600
118689
37266
70647.3
107914
125725
41904.2
19547.2
128698
199831
122464
102346
66693.9
37366.5
111295
52850.2
94653.2
108742
49533.8
86752
115520
122609
120360
111362
63834.7
28494.5
101544
50255.9
65665.1
23913.1
90718.8
71135.8
8895.38
76830.6
50771.1
121668
66534.5
17165.7
135232
102818
91998.2
48683.6
75341
48171.6
67883.3
20391.3
143519
69960
126044
130223
28229.2
39188.1
59272.2
36466.6
19916.5
95436.9
34924.8
119281
72245.3
54525.3
45238.4
104932
68648.1
49615.8
56580.8
120531
100008
30483
124820
31043.9
53056.1
23552.8
38317.6
79167.2
16322.7
58013.2
58434.9
33205.3
92706.2
72589.4
58133.8
59718.3
11410.1
59989.7
59818.4
41700.7
59388.4
73714.4
11190.2
115021
86711.3
117588
143252
19706
49294.3
38204
59691.1
11633.3
109938
41488.3
59785.6
36367.8
32927.1
81716.9
88352.9
49444.6
12476.8
8387.51
98796.5
38061.3
64788.7
24490.4
12024.6
47442
86382.8
43475.8
55546.6
28107.5
63741.7
109465
8117.28
109824
80094.8
9316.31
85756
49584.9
34039.8
44821.3
86629
26215.2
47779.1
94256.3
33319
53478.6
133223
16391.8
50857.1
29226.3
95197.7
17165.1
44757.3
43105.2
47346.9
58331.3
93836.9
29307.7
29375.4
23506.2
84758.9
29694.6
47512.9
139524
42674.9
54274.6
7574.23
31862.1
