8330737
723364
282672
558543
869188
959585
679957
632966
1.5345e+06
2.06431e+06
2.3432e+06
674832
1.07061e+06
2.59598e+06
514813
402147
422681
1.41068e+06
440551
172943
523302
308988
315763
47601.3
564039
527246
461989
577252
257192
229749
492070
707275
550684
206235
253386
23698
614168
194052
296061
208069
544369
302039
114191
130134
187306
276413
317659
201868
403164
30148
186989
154825
188959
304132
209369
312197
87603.9
335443
152789
195108
221739
249660
162918
181422
198886
383630
189327
53596.6
188859
160880
147678
152882
78140.7
221136
63712.3
154228
76277.1
36408
169223
205559
143066
193980
246051
123166
147574
107648
44291.3
193049
168309
85758.1
202429
251218
118789
158394
147105
95469.5
140320
141195
94034.6
55538.6
89772.5
139063
158457
140536
132946
88633
214266
149993
201056
89843.2
125160
177131
106800
53914.7
146053
163506
41811.1
87529.4
23551.6
75523.8
80426.7
114839
93939.3
41502.6
94816.7
176670
135272
146080
65597
23309.3
101790
54002.4
76521.5
100443
135731
80126.8
85669.6
99976.1
71725.3
104621
119776
187792
83254.1
98909.6
96569
106692
39242.7
34542.8
120217
73923.6
151348
94490
100286
68697
48679.2
112066
51860.7
86752.8
22128.4
142473
167760
122360
46846.5
103596
69952.9
85114.4
113735
21460.6
93030.7
25860
52044.4
42574.2
81945.2
71119
161722
47443.3
72542.5
85011.4
44722.4
30848.4
149583
100489
105910
8447.52
55844.8
11574.4
56341.6
124663
99541.1
119948
121989
36732.4
114685
16756.7
66948.8
25381.4
25662.9
86187.7
32456.7
70862.2
79928.7
133139
50404.6
96901.2
50297.6
56755.3
74105.8
8711.53
133954
76924.5
99827.5
60594.6
68131.6
71926.9
79784.7
108013
26317.1
75754.7
17190.1
78677.5
66953
91216.9
91904.6
122697
6486.88
80196.8
75495.3
27506.1
130789
158996
79448.2
125275
33617.5
15427.8
64679.7
97541.7
61552.2
48198.8
34198.1
39976.7
30011.7
104188
80134.8
59443.9
107776
76153.4
11453.3
7776.44
39214.4
21200.3
176423
14033
74840.3
37048
119803
28352.8
