7605956
545386
665689
665008
743499
301985
1.5109e+06
611403
1.65698e+06
3.06977e+06
2.29518e+06
421538
403108
1.03314e+06
460294
575353
605301
1.67448e+06
60564.7
399120
705494
317848
658491
288023
674303
501431
362481
501207
220110
376438
318156
280642
426321
94343.5
369752
187021
534902
408891
310745
212623
347194
140059
260263
422722
49606.6
306601
38485.2
490474
111179
389057
114464
85044.2
235862
312915
113583
105914
72468.6
278631
172762
104954
180666
175670
260249
138757
256892
88365
210294
108670
201915
159894
282823
111074
116929
175060
216630
179932
27041.1
130025
62805
266692
319632
101758
74108.7
160646
30033.3
81271.8
16692.3
98607.1
101165
116675
137371
113934
58642.4
198197
193480
327137
154123
46445.4
128184
12357.4
192484
47459.6
144055
61098.3
56972.8
55305.7
77690.7
153833
68659
110600
101674
88981.5
30335.5
31296.9
55283.9
160905
52157.4
232139
74173.1
160091
129163
29250.4
146066
74416.9
23867.3
80882.3
72632.8
49169.1
65127.4
66640.6
105119
96579.1
98996.6
172496
59972.3
132443
146820
70848.8
114466
57821.7
160655
100633
95894.9
96104.7
44420.3
82133
74608.4
75705.5
91880
85354.5
117358
110001
97232.4
113103
78539
8624.74
78004.6
135710
114817
83444.9
36272.9
101526
33170.9
111134
34586
142066
8483.15
11545.2
27657.6
117392
87927.6
26500.1
67579.1
93050.5
34930.8
57865.5
8108.51
120149
42474.1
102558
85892.5
98345
47226.1
158577
78561.5
45547.6
38965.5
93777.3
153922
39161.9
65858
38497.7
73597.5
50336.8
23811.9
9395.6
96208.3
51274.6
144556
55796.1
48286.7
17976.9
64051.9
91616.5
68909.7
34452.9
194644
41142.6
47545.6
106709
31148.2
8711.45
73977
90057.6
47173.7
45697.7
49557.3
19109.1
55029.2
99585.6
44879.2
72427.9
72887.3
150139
68042
54952.3
31800.6
119335
109416
42754.3
65790.3
65582.8
44356.1
71102.7
48947.5
52684.5
114061
52913.1
24073.4
62892
24783.9
50213.4
6343.21
66039.1
99898.8
36822.5
75132.7
50895
34820.4
140209
85909
58304.7
30019.8
137858
68386.2
82661.4
