0
14643.4
6377.68
14740.9
38148.3
167286
16394.3
10259
16728.7
22456.5
15958.5
13215.7
20267
29522.1
2365.05
9855.07
24767.4
22230
15838.8
9607.12
20965.3
36703.4
23397.1
31353.9
3311.12
18499.2
12763
15126.3
20483.3
21665.1
3457.69
26116.6
16109.8
15601.8
18424.6
7970.55
14274.8
9693.28
11185
16238
8506.08
6103.51
10385.7
8089.32
3495.94
7846.38
5422.11
7747.99
8184.76
12228.1
1101.8
7774.25
7998.41
3456.58
4429.36
9147.25
12551.8
5381.97
4438.78
2400.39
13629.4
7971.08
9240.86
5504.59
12264.2
8413.68
8354.1
6218.77
16520.6
2987.11
3082.03
1968.61
13600.8
9930.73
12004
6889
4256.82
1657.71
5987.99
14403.6
10358
5348.03
2001.47
7782.82
2764.95
1629.02
7723.1
3921.18
5592.01
8102.12
8324.06
6733.32
304.644
2599.18
3829.99
13300.7
8108.58
4876.89
8730.45
7886.17
4363.82
3173.74
3685.05
3006.44
1356.23
5685.18
4091.36
4829.3
7037.85
6065.83
3479.07
636.211
4280.54
3590.01
909.664
5995.03
3062.13
3635.08
2984.53
7260.23
5732.05
10624.9
1412.99
8043.65
1278.37
1870.96
5897.69
450.868
0
1063.86
5275.97
1787.16
8671.24
2762.99
3018.07
8059.69
3780.7
4419.99
1382.61
1810.39
3089.54
5183.96
1623.34
7455.61
1075.9
1665.02
2521.45
1864.19
6365.41
4222.42
2366.05
4615.91
1458.12
6443.29
2216.2
3155.34
400.731
4288.87
1539.94
4527.22
2712.12
2183.68
3175.88
1872.3
2384.36
3452.71
6093.1
5192.97
1752.44
4230.87
1578.01
11311.2
2031.94
4536.37
3049.71
3500.3
1463.67
1999.65
1494.81
416.347
1228.67
7179.54
9685.44
5530.03
4817.27
876.216
2439.12
3289.64
3042.11
6444.51
725.342
8112.81
4275.76
4757.4
5226.76
3609
5002.69
2702.62
813.022
1054.68
2924.92
1629.15
1789.97
4688.9
4607.65
5406.52
856.005
1591.86
1666.94
2519.1
3368.16
3877.1
1493.45
1022.61
2404.22
2209.23
2366.78
2170.59
5926.7
2916.93
1444.62
1531.09
6757.54
4889.92
2365.61
385.705
1561.08
2330.68
768.173
333.282
3656.9
1111.22
854.385
3239.14
882.388
1751
2335.96
3236.29
1427.36
2008.48
2478.33
8239.78
1319.02
167.574
2282.82
6292.78
1460.07
3393.1
1514.96
6654.57
3136.43
2460.56
2946.69
2240.34
2707.8
810.859
