7740893
257159
599324
866001
531928
5.02905e+06
588163
678890
953707
355183
501296
88446.1
245457
713669
288704
942653
450376
290339
1.05749e+06
252634
226947
168438
99564.9
358261
86164.5
235887
172498
73521.2
846868
29320.6
39792.1
213827
121647
98908.3
67656.3
230477
244355
198028
463583
220326
85173
274685
123971
125090
86365.8
165700
263896
151172
208374
227394
41548.4
303734
10739
74117.1
159837
146375
158499
33397.9
183480
146967
136778
234505
144895
79166.9
138577
99827.3
109531
25713.8
140419
114842
142924
133707
239854
97630.4
118114
26614.4
78767.5
64733.1
115125
88595.9
56984.4
134429
184642
110586
96137.6
116050
88106.2
85205.7
101242
63008.6
47047.6
96649.2
72463.5
97730.7
70997
182818
142527
64437.2
45518.3
53966
35977.9
53458.8
25090
40451.2
99528
178915
123938
28647.4
115673
56607.6
14241
77982.2
38628.9
36107.2
111794
89378.4
50519.5
20483.1
145218
119474
46061.4
39699.6
42079.1
64385.6
59852.8
27129.6
35421.5
69494.3
131061
134940
34422.7
83781.5
28003.9
27559.7
27021.5
52188.6
45437.9
123699
74857.9
65944
35899.5
129799
52951.3
32014.6
32856
55299.4
45102.1
104910
43098.7
29598.9
63073.2
97551.9
94680.3
44370.9
32460.4
63978.5
33877.7
46694.7
43850.1
74140.8
97241.1
47166.1
69043.6
63268.8
80175.8
31328.3
34558.9
35001
37192.5
52111.4
108470
38324.6
2200.05
102520
77026.4
36011
28592.7
24699.8
66388
24267.1
67972.5
45055.4
52309.1
102497
42510.5
66006.8
60507.1
29855.7
67465
18832.8
42906.8
31069.9
61350.9
76219.4
26346.3
40361.3
115401
56169
24038.4
9333.01
46498.7
25779.1
27604.5
44984.4
45553.8
23463.1
131100
38557.6
63121.2
39789.5
31004
49817.4
17682.2
20452
41899.1
44142.4
82529.9
39198.2
65478.9
104589
49591.6
37051.4
6629.67
26377.6
26898.6
25674
13511.8
61159.1
26913.4
131357
45979.1
46084.4
39098.7
25469.8
14058
13991.4
17591.1
67324.9
33667.9
95848.8
42269.3
79198.7
72910
41286.5
22170.4
9451.9
9250.61
53358.7
43994.4
34234
85979.9
45549.7
102099
42783.4
16684.1
29063.3
