8359040
380457
301366
516315
461535
4.34177e+06
480399
127469
454283
205082
651937
299226
607381
172162
251162
601009
176659
411188
343727
1.06444e+06
926710
261702
1.19311e+06
132983
744390
271446
182598
290614
143478
904218
432657
170284
791126
340458
810103
31838.3
430296
453062
74518.5
275444
262874
689733
211887
95547.4
291931
33589
240343
123134
44284.3
335911
96952.9
441172
140012
187922
276684
225900
639796
139792
297486
337842
212738
168131
122151
189990
34564.4
63546.4
428281
58867.3
86803.7
47948.6
129017
154019
89925.8
211002
103503
86546.9
217721
153081
214647
73132.3
114892
56095.1
203709
179225
130969
78615.5
110893
195605
123723
84897.7
77003.1
127531
125407
51856.8
110626
96820.7
137384
100390
70544.5
52969
161195
94010.6
126150
45049.7
118146
103135
117662
228387
39323.2
200917
201347
168981
123643
51074.1
124882
133679
49143.8
82090.9
55513.6
143807
58373.9
172464
88014
92092.8
46546.9
39093.8
132280
19043
73427.2
148139
110072
94628.8
104789
54065.3
207932
20797.5
24370.9
87036.3
151762
145727
141244
146317
15041.1
92410.4
161652
90113.4
59114.6
80603.6
269994
109188
71735.2
115686
5102.98
28982.1
8922.1
67276.7
131166
21255.6
113983
7964.74
63285.8
126387
12020.5
78547.3
60454
48577
93707.8
63053.6
45169.3
46695.8
88149.8
70756.7
25592.9
142481
84046.2
55622.8
26292.6
83612.9
81522.6
58086.1
11391
60750.2
36183.8
129415
93464.4
89258.6
84016.8
92667.9
61987.6
34367.2
29771.8
63376.4
31589.1
85439.6
114827
94741
127076
122670
54339.3
121045
53844.8
136307
91167.5
122742
106286
56258.3
32561.9
90580.3
26505.2
75779.3
50637
39634.1
105791
70105
100759
65005.3
59576.4
109119
82899.6
139511
84149.5
104931
123427
139889
78303.4
44064.7
91325.3
95507.8
25357.6
83626.9
39946.9
31009.5
39025.1
148714
69784.1
85492.7
56192.7
138072
25428.4
18079.8
61864.9
47745.3
24370.6
37203.4
80083.1
28194.9
76167.4
98659.5
45471.5
56468.5
43405.2
63492.5
55320.4
55879.3
72557.7
64722.7
