5918908
477405
742213
1.08608e+06
2.64813e+06
2.66805e+06
587611
444658
717658
2.4016e+06
120832
268042
393251
451819
288469
78311
164101
193566
929443
371826
232442
327694
276231
724719
26741.5
235214
343774
279831
243544
26054.9
228507
431301
437671
168376
160020
215215
325327
207168
184966
201442
266296
48381.8
32440.3
228155
73610.5
280621
279288
148004
165512
171090
204880
158058
118576
90431.2
154557
37383
35044
290044
239557
167816
129263
128263
50882.8
114319
150994
97512
56620.9
15856.7
130168
62526.9
107971
130589
198737
148170
108343
225550
100403
65805.7
111436
33901.1
102631
87794.4
83127.5
44600.1
146336
35173.5
177526
108933
57975.2
117202
68870.5
101769
62191.2
31784.9
99896.4
131906
37160.2
137081
146032
73126.7
115684
109429
73530.7
46737.3
78101.1
74060
51982.7
61540.8
18407.1
44962.6
58812
89152.4
128953
128609
44241.6
134805
59321.7
66793.8
74273.9
47651.8
63353.1
44729
59351
43334.7
145376
69782.7
29037.2
54480.8
72866.9
97733.9
71458.5
79476.7
43807.2
28577.3
99467.5
56739.1
13809
52758.8
126770
61084.7
61286.8
7886.89
126892
16590.9
55768.9
30554.2
90886.4
85437.1
48213.4
29792.7
39658.1
56674.3
125890
27445.5
30652.4
30246.3
81319
15032.4
39149.4
23096.7
79509.9
114799
26386.7
38007.4
118701
63289.8
83231.5
38242.2
27668.9
40528
42404.8
25910.4
21646.2
74453.5
2084.11
57050.6
18918.3
10979.1
113839
109811
26957.3
79982.7
67354.1
13520.9
51146.5
15722.2
57827.2
56855.4
35578.2
22758.8
65410.3
70691.6
46606.8
61310.2
43891.2
80534.5
66737
38604.1
21359.1
33929.7
83090.5
62742.8
31371.4
45710.3
46301
78685.2
43300.5
19761.4
90632.2
71265
14391.7
26460.5
34141.6
93652.8
30945.5
40541.2
24729.7
50542.2
61287.3
81144.3
10937.2
45233
58150.7
55382.1
12151
6762.68
38380.2
120127
39421.3
23751.3
80788.3
38926
10820.7
58167.3
28117.8
52540.4
50528.2
60785
21701.7
35362.1
28661.7
83722.9
10253.1
33259.1
88584.8
77055.4
48885.2
9926.44
71987
16788.5
72089.2
43229.3
16767.7
36463.6
50859.1
69775.4
