5792832
943593
946138
766790
144288
3.05158e+06
318215
531545
481810
1.18889e+06
1.33305e+06
331984
1.0415e+06
775862
635599
1.94828e+06
644769
45263.5
517173
443935
991884
477058
870166
662081
405204
486842
225007
580840
282866
234589
365138
210296
190777
380225
208277
159461
464076
130187
110987
269880
144337
297924
88123.5
335922
159791
286063
179241
298816
112334
90843.3
406985
387643
366428
224093
287170
257448
242843
295854
96694.2
221552
63793.9
67716.1
120603
75862.1
140195
131387
40852.2
212214
242939
183294
94148.1
166791
51473.5
102166
210260
94404.9
103928
108918
113253
305211
39836.6
64074.7
72008.4
69634.5
232241
80868
78796.3
21793.1
111639
126770
129535
40797.8
310819
98825.1
182686
126081
59924.1
261262
125512
89612.4
66961.6
95109.3
53275.8
101742
126555
111871
52595.7
95640.2
12208.5
81413.4
80035.7
58647.6
62559.1
88224.7
109499
27023.4
32705
48820.5
227157
145280
84152.3
84417.6
175223
114074
96784.3
167387
71629.5
246546
92742.7
55202.7
40903.9
41907.1
81883.9
71523.2
20856.4
67739.8
78724.5
46515.6
10549.4
73566.3
92202.5
109974
69256.7
110727
65146.2
115126
41527.9
53076.8
124791
79346.5
36333.4
85630.4
32250.7
74238.5
96305.9
67423.1
144291
67086.9
36055.1
64544.4
46739.2
95058
107087
79412.5
90942.8
91160.6
47513.6
71985.3
77750.1
101354
48858.9
98854.6
89565.9
43859
85669.5
88931.6
142319
55970.5
86921.6
9928.8
38861
59603.1
79877.8
125496
53495.5
53986.6
113549
111652
117735
73260.4
12436.7
19633.2
94117.7
77958.7
96708
41205.8
92457.8
62756.6
80384.8
54777.1
91465.5
107725
27370.8
25079.7
80670.7
19676.5
37116.9
66030.4
16159
13236.6
57372.2
62580.2
53222.9
54522.4
127954
36985
75779.2
43989.6
107188
43390.7
43206.3
83990
115198
64204.5
71141.8
84560.2
50172.9
64845
64674.2
42877.7
111921
87863.6
38262.2
44330.2
63019.9
57121.8
64342.2
45768
98447.4
88443.6
34066
48018.1
70197.1
39327.6
50834
85984.1
79241.3
126424
36851.6
80078.3
63953.7
26493.1
105063
42390.6
32689.7
95938.5
