7922361
245711
642318
556577
258527
4.5805e+06
400478
965497
464998
132315
291887
302547
484832
807446
580521
1.05101e+06
470524
901952
450968
270102
142640
271328
127850
704863
487073
396122
156101
430519
703959
378958
134995
57210.8
152515
154756
43902.6
266927
177359
250306
405659
192767
165687
228169
235166
188373
129954
464730
78299.8
216851
126757
51099.1
316395
133137
95820.4
90385.8
14141.6
303869
36377.6
166621
137594
98618.2
202705
112078
137144
75691.5
73649.5
223224
47533.8
131513
164724
142917
120320
99378
123728
34738.1
32028.6
72010.8
71395
165817
168798
72993.4
82768.3
192920
151111
107652
85363.2
84592.6
15034.9
200039
123855
89269.3
161214
169346
103338
23551.9
83693.5
99596.4
86093.6
136599
154458
100814
102488
127233
82315.7
85210.5
3450.3
29355
24596.1
30105.1
35150
168919
108975
140447
118190
44392.2
100450
90794.3
78506.2
25880.6
57799.1
141140
71266.1
54226.2
102747
32188.3
101119
63302.4
59975.4
38985.4
33085.5
100280
8085.37
105668
117914
17104.4
91844.4
70868.1
57221.9
44407.9
38243.3
37887.1
23355.2
136072
79074.6
50203.3
28949.8
43165.1
40581.5
58766.7
45599.8
62720.9
75556.9
167739
50058.8
18774.1
99793.3
92687.4
99732.6
52577.6
21014.2
42724.9
83586.4
85891.9
59579.9
53785.7
129479
69765
32364.5
26113
59853.1
73551
32780.4
23792.2
56885.4
62632.1
126112
5256.99
58252.7
51092.9
49075.8
57432.3
20576.1
17653.6
108999
43991.3
133241
34361.1
70968.2
8764.18
31823
7086.43
17876.8
49985.7
101472
33309.3
48648.7
25146.8
101114
28222.5
26475
12666.1
38951.4
70154.8
103605
48198.6
20462
30241.8
76691.9
74981.3
58021.7
38318.7
19180.3
69270.8
21766.9
38894.6
86430.7
27421.8
34492.4
83318.2
77371.1
18423.2
59188.1
104975
70824.6
30565.4
146203
24873.8
27488
5222.62
21153.4
61765.8
55384.7
57051.2
44400.1
42311.3
100841
48629.1
66494.4
48064.7
22719.9
43266.8
25864.6
39728.2
68760.1
72860.9
40583.4
33231.9
103989
29940.6
17103
9165.56
59875.5
71297.5
67632.5
33918.5
25212.6
52846.5
