5688586
548374
1.54664e+06
1.07944e+06
232098
2.69005e+06
635564
964550
827415
375995
2.03321e+06
793934
742727
1.29291e+06
143780
1.14282e+06
871621
590683
603855
220391
919329
561063
645919
355738
337024
211194
413435
259996
158804
230150
247158
170154
243371
368115
121366
342710
410662
383591
296894
577871
277880
87691.1
167671
296780
288128
113476
368464
149247
163823
128846
29342.8
312754
41724.5
280240
264344
130972
190363
76202.2
198231
177930
289672
127801
132042
127112
147720
93248.5
177699
155320
269976
185023
262954
152977
137138
177403
236111
35447.8
214040
149827
74239
315485
99756
189367
79017
201031
169464
160546
165980
99099
152014
208874
112156
198906
179375
29954.1
147234
41767.3
147150
95931.2
197961
121489
14664.8
202239
96849.5
248085
140879
58553.9
33839.6
59192.9
43215.2
106362
111508
62760.2
122536
168422
81769.3
108403
93516.8
120334
151927
95212.9
53826.8
112918
53198.7
63503.6
108734
49225.1
130867
147317
32081.5
82826.2
118770
59434.3
37090.3
75335.9
120482
62465.7
27339.4
34557.3
55757.9
110155
107541
86834.2
123964
42131.9
37726.5
141462
18913.7
33138.7
97540.8
101713
22273
30337.7
42727.9
79623.7
62211.6
98953
82283.8
75127.9
82434.3
65168
94277
101837
134390
87656.6
53137.4
19954.2
42862.3
71054.3
34487.8
85059.8
148964
37523.5
64538.3
75876.6
46591.4
98591.3
152472
32992.4
60596.1
45574.6
27082
29894.8
100682
77797.1
48645.7
67749.2
30531.5
95418
60709.1
25103.7
77305.3
13858.7
83395.1
81516.4
94314.5
52279.6
60163.8
22159.5
67124.5
112204
92975.7
24515.5
48023.8
19580.2
27112.5
40429.3
98835.5
53164.6
55724.4
24881.7
78585.6
57415.1
66887.1
25569.1
75708.4
50849
58218.6
36842.1
114647
63304.1
5464.03
54917.9
54359.4
127660
18392
98301.5
16674.2
81786.9
119701
100765
90540.6
151239
56907.1
96793
47463.4
48807.4
88282.6
51750
60806.2
82463.7
59546.6
32422.2
62207.2
72443.6
70459.8
12812.1
102858
24994.8
21270.4
37882.9
5723.18
124495
48991.7
115623
128746
80194.3
