7515729
291189
162247
148359
712435
4.4496e+06
734587
200130
458909
231338
533458
451787
326753
420757
502801
1.03188e+06
464875
132834
220196
299125
532295
542323
278856
539909
150706
503041
291870
145005
192766
326049
346207
587860
124201
137148
131159
247591
55737.9
106067
181746
340613
263970
494992
192387
154225
137667
281243
127865
56852.7
214792
89381.9
116378
260935
198052
132039
225299
295359
68993.8
92506.6
77881.9
247642
87570.4
207120
131469
83286.3
37608.7
143721
224278
17936.4
309805
152093
110239
289108
25524.7
183953
87016.1
278871
253854
126291
153369
155610
294434
92513.1
86617.2
142501
290199
185057
85086
263914
89466.8
111819
125195
145597
88445
126140
158984
143051
63932.8
171217
90036
259206
107808
154053
88964.3
103147
146520
182598
7043.44
50856.4
138708
9821.59
167799
67112.6
271686
72886.9
70560.4
96180.9
124735
114524
77257.6
206716
166161
157769
178333
96806.1
137918
102703
138155
60020.6
101997
225636
118515
115459
47205.5
93257.7
39790.4
135341
39058.1
123566
17805.6
84890
52080.3
112105
58542.1
75697.5
152748
92466.6
40615.5
109288
141391
156958
45360.6
74802.7
35084.5
72345.7
175847
11936.2
35217.3
71789.1
49232.9
133026
43249.2
30050.8
87548.6
160228
128191
54437.1
20033.9
94664.7
70309.6
95487.4
39040.9
14080
170919
166260
34206
30546.7
89619.1
52150.7
25304
143119
91458.5
72564.7
111813
80166.6
77552.1
52592.5
62982.5
97519.9
126606
75185.7
70128.9
51522.5
58628.1
164652
77074.8
21771.8
13357.4
119657
86289.9
37737.2
60224.5
61132.1
81621.3
104743
60257
80945.5
43333.8
165737
107875
52132.4
48892.6
35268.9
187763
37822.1
84020.3
89049.5
79873.2
155155
35527.2
12078.5
80493.4
99090.1
90667.7
31804.4
132705
16142.3
56627
69713.8
46773.4
24397.1
78627.4
83587.7
82263.7
109484
78058.6
76400.3
59012.5
157499
123935
52320
59351.3
67636.8
69896.7
80799.9
66177.5
88944
115623
140126
61218.5
76937.2
83567.3
41624.5
60954.5
13124
109831
46231.9
