6477588
177268
955882
727270
253095
4.07726e+06
403109
823135
1.35582e+06
85164.3
974994
498008
205140
667740
254554
1.11717e+06
354306
471298
318338
289067
579665
591613
117693
285832
477454
285004
653413
512131
557146
398897
341292
103384
207586
419769
180317
155770
277578
271472
289034
247540
119462
181348
149301
312882
62895.1
98569.1
316882
109344
112410
263754
259571
112971
68554.7
135350
140984
181524
192572
204677
56813.4
122134
96113.6
99511.6
307679
22236
144371
44462.2
172267
96144.2
152527
30799.9
153501
120089
115989
94877.2
55379.6
231266
89528.3
123686
41545.9
113203
192568
20319
215045
89794.7
83547.3
78744
79390.1
109940
195410
80598.9
99111.3
19763
105735
72893.5
131570
37690.8
68352.1
131230
126828
23572.8
116019
94971.1
6838.35
122559
163960
72932.1
81471.3
84999.5
112013
142805
108541
28557.4
66732.9
197400
21927.5
16520.2
54323.6
53604.9
65626
68870.9
73101.1
103635
83403.7
114631
86898
9948.31
65582.5
58254.4
73284.5
104803
59269
71778.1
62503.2
96871.1
50562.5
73471.8
10159.2
40719.9
86000
69008.3
24968.9
61142.6
112820
77611
74519.4
100621
18800.8
44392.6
98348.4
38788.9
38845
78835.2
62939.2
52968.3
62568.9
107849
64364.5
69220
51029.3
58933.7
121643
108870
35799.5
132513
7427.56
108550
51153.7
81272.4
83384
18269.3
46799
17351.8
85237
85791.4
35824.8
88377
33703.7
10540.4
1211.77
30425.9
106107
38222.9
81019.3
91371.8
32502
15196.4
19616.6
70841.2
29981.5
7287.11
67757.8
17143.6
22471.4
87131.1
72514.2
35411.3
87197.4
43015.9
41409.5
68105.3
45894.2
55005.7
48115.9
57310.5
64034.9
26706.5
58291.4
88433.1
54986.2
9948.65
47688.5
43714.2
83351.2
12385.4
115849
74093.3
91452
51457.8
26119
79212.9
56386.8
94580.7
71891.3
5597.26
35248.3
17280.6
64288.4
81954.5
38824.5
39983.3
35220.4
99628.2
36870.8
13057.9
49751.1
7000.52
39895.4
82909.9
90731.1
31577.9
38417
81868
62313.7
60521
50738.4
25557
40478.9
58914.3
29625.4
75473.7
90710.3
41009.2
69353.7
16836.4
54190.8
49493.1
