13870318
376573
262850
407441
345008
362407
1.61032e+06
927656
214213
137207
192483
299886
1.11217e+06
1.52716e+06
453100
174973
86860
184073
60594.6
1.88507e+06
356256
125795
406165
336711
254758
1.31015e+06
243598
112854
104071
147799
159654
459745
930925
375334
216031
284019
137248
196504
271209
180020
204703
75956.1
162924
59513.1
339232
308198
108051
16717
230732
92469.5
254104
544840
244132
127776
197427
239615
338109
343379
281893
235708
88328.9
154141
95273.5
308475
43005
92650
169768
123696
56864.7
388833
432457
161874
125848
201730
195565
37306
198615
162570
97219.1
80796.9
138883
126525
152164
143515
114761
109748
132580
95683.6
126333
249589
105047
114066
92107.9
144676
278288
204606
129587
150813
47588.5
106901
108404
90156.1
77005.8
100329
170790
110630
3894.66
236495
260798
177191
64783.9
97010.1
181102
126539
205891
153407
102240
88563.4
58031.4
127576
82640.9
47760.7
32653
83851.4
87860.4
129193
105710
79125.3
103884
81606.8
41266.4
93585.7
97919
139168
118013
86689.3
14755.3
112140
118351
51918.2
42743.2
132339
78094.1
107730
67823
116826
102747
78476.5
181634
58006.6
114646
109019
185135
87700.7
140162
14251
53171.3
79265
99437.1
67896.8
44828.4
113893
117569
60986.7
32802.7
84778.7
115120
159940
32296.6
175689
107716
35137.2
170854
152231
52957.1
85236.8
83581.4
62189.8
144538
44431.8
119473
65888.3
112327
77244.8
75550
81179
165306
68202.5
102323
140913
59320.3
33920.5
104706
35578.2
85227.1
17207.9
146499
37524.6
14682.4
172813
119572
68830.7
107757
30255.2
80511.3
90778.3
29478.1
183147
93771.4
66433.4
135064
65012
48289
9019.14
61142.6
47265.1
125921
46773.8
140613
47256.7
114877
88250.3
112679
136460
75414.8
22709.9
115500
90820
72272
30361.3
17073
35697.2
8542.17
94198.3
78810.2
45027.5
64508
168948
13704.9
58745.1
78595.4
93859.3
118125
38520.6
53627.1
95945.5
111694
45050.8
41930.1
20036.2
211.021
101610
89539.5
100101
97412.1
36740.4
