6707122
551691
1.1501e+06
1.58503e+06
517080
3.34474e+06
491242
1.11406e+06
667361
435143
2.26883e+06
565393
231924
703530
143288
768659
68809.4
736869
313491
543877
894092
482940
247563
258677
222688
556796
440553
285084
90741.2
97038.1
40694.9
262565
554550
356964
460065
413514
231891
403460
321208
458067
201928
313095
273736
134865
117120
339860
265348
133359
227610
125001
151802
156041
129749
83166.7
315931
314661
154440
66481.1
84438.1
58464.1
164069
130441
271927
124137
97843.7
247399
40044.2
194081
179779
94136.2
301831
25327.7
203227
217963
48018.7
95713.5
254632
280534
271035
73758.7
233505
82225.5
147270
202642
97264.4
114217
70734.4
56904.4
158959
60342.8
128718
191186
79083
132325
62117.2
99469.9
93112.7
121866
58956
120923
132995
154167
136028
143456
62791.7
16165.6
39093
109959
34854.2
60159.9
87662
106823
127058
37266.1
144699
134588
148981
82665
109704
112061
10124.2
88159.9
70418.2
64822.7
30073.3
157787
144175
158338
33004.9
131036
14425.1
99888.6
94216.7
37031.1
62227.4
22611.8
39647.8
33053.1
61142.6
13356.2
102255
132190
145861
74755.5
80013.3
29295
94910.3
106922
22140.4
63059.2
34184
63692.9
50830.5
30987.6
68679.4
98153.7
67907.2
27216.8
86650
54683.7
38606.4
80644.5
16132.8
86615.1
71571.2
80403.6
71645.9
35912.1
32434.9
85491.3
124231
51436.4
109605
64859.6
114777
52096.6
70052.6
106147
71151.2
45781.9
60481.5
34427.2
39229.5
56778.1
55182.3
59772.6
97021.8
121154
35786.4
151317
25700.2
93524.1
98084.8
39505.6
106595
31465.5
43769.7
47209.8
49221.3
82156.3
55443
56925.8
61590.5
11335.5
92054.7
16660
96970.2
21149.6
96497.5
42784
82873.8
76151.8
51286.4
16894.3
62513.5
50985
35121.8
35720.9
94054.2
78802.2
51721.2
61400.4
63593.8
80304.7
59248.8
119935
80933.6
45212
52895.4
44781.5
110214
76132.5
58059.2
130730
92240
54904.7
86741.4
39834.2
38606.2
48269.9
47178.8
81357.9
76712.9
33065.5
40629.7
48113.2
28115.1
41716.1
77587.5
73521.7
23974.4
71772.4
45617.6
17859.9
10024.4
111076
