8516749
199131
1.00911e+06
630275
851316
4.46891e+06
270466
577353
1.32463e+06
1.21917e+06
423467
662375
976471
420861
698142
427796
328636
136070
708231
992794
465647
200256
313847
250580
155419
231703
400179
572355
240901
437615
470480
51981.1
431484
372723
181868
272446
381307
308688
150160
241329
174025
348129
214305
177174
227286
100926
283413
229027
141618
36332.6
116288
294358
121418
229047
247395
81208.9
238844
49862.7
35015.8
115385
109061
187607
175338
142699
157186
38179.7
174771
26963.4
146534
68710.5
266838
21983.9
212888
79071.8
84025.3
136179
127082
78070.6
250771
54648.6
256526
127853
87952.7
167480
35096.5
102337
138283
80378
125784
169001
204302
60476.6
70510.1
184609
118809
119573
158219
114818
66847.8
97100.7
163071
88384.4
53509.5
20901.2
89767.5
145934
47058.4
172459
46802
68356
41678.1
40658.8
76174.9
67825.3
121365
68491.2
127556
75059.7
42501.5
126991
127171
63444.3
83493.1
100051
83506.5
34404.6
131789
64792.7
139045
39307
78781.5
33876.6
148562
86910.7
59245.1
146434
26697.7
113748
174460
59582.8
16215.5
45739.9
125226
68208.3
93105.4
111202
49756
159746
33355.1
48415
13573
42851.6
58102.8
92862.5
102992
78362.9
57262.8
99373.5
67666.1
36721
42426.1
86984.7
43765.3
45671.7
94545.3
91140.9
52487.6
50364.3
73500.4
77393.2
34725.2
69334.7
50474.9
41362.7
89260.4
38549.6
30936.6
90312.6
116183
38547.9
118835
22914.3
77208.3
72774.3
111461
27578
85994.3
55533.1
66716.7
30550
63619.6
71826.8
120824
79872.5
82861.8
50426
62533.3
15833.6
29943.3
36126
29257.3
92195.4
107096
80297.2
63965.3
27435.9
47029.3
60123.9
76301.1
16324.3
35559.3
19898.7
75757.2
62357.2
47519.1
48597.3
47060.5
41571.7
48196.7
54974.6
54772
50430.5
112277
36899.7
55203.9
37217.4
72108.9
47280.5
77923.8
62631
34431.1
61040.7
105252
13291.5
1422.83
71057.3
47934.1
31637.2
102171
37497.9
88357.3
2571.87
49266.5
35723.2
50716
44472.5
102164
50340.2
50755.3
58686.1
69494.2
21968.8
52105.7
73981.4
10649.5
11844.2
