2030227
1.82308e+06
1.31988e+06
896887
1.0088e+06
1.11246e+06
1.30504e+06
975522
485109
143656
359806
374645
190997
271810
539232
669890
602018
355702
81439.9
184077
322294
280270
198658
282048
345484
332727
234488
107152
108595
173403
186744
107944
80184.9
83709.5
137276
128904
129247
158334
131720
117199
57259
79402
85249.5
58614.4
81233.7
151897
175632
152399
73035.9
16385
112777
146184
136673
108174
112082
135201
136305
82100.3
7501.74
95253.9
131925
138123
114268
52037.2
48507
69014.1
49625.8
16826.2
47392.3
93929.9
94913.3
75981
45585.4
24901.8
6796.85
10357
41133
64974.3
51486.6
25644.1
41561.1
84287.9
103844
92470.2
56752.2
50864.1
64610
59668.9
30117.5
28673.9
86526.1
114083
112791
76833.5
32899
48528
55223.1
43388.1
17593.7
66906.1
92561.4
95117.2
65760.5
31607.7
17356.8
26711.1
29516.5
6797.39
13303
31319.4
46088.7
49564.9
61205.7
60358.8
49945.2
23430.2
9483
26820.5
24123.4
10965.6
46205.5
66813.7
89897.9
68249.9
41856.9
8452
44968.1
54261.3
46122.5
39876.6
57719.7
80658.4
80519.8
43507.8
9667.91
40025.6
57789.8
48341.3
34326.5
26061.8
36222.1
38554.4
34864.9
21874
37185.3
40260.6
35878.6
26481.7
13690.5
18030.6
9695.39
30716.8
48551.3
58647.6
42604.4
20473.8
20323.9
49368.5
55319
49267.4
39006.8
47647.6
61398.3
49202.6
19496.7
16753.9
51882.1
62841.5
60652.7
37517.4
27111.9
31760.4
37266.2
18949.3
9459.56
38779.6
52243.3
52102
38623.7
18252.5
4274.68
13558
4197.07
15072.5
30875.2
28001.5
25024
33191.1
44377.1
43159.6
34709
12148.2
21279.1
35619.2
29811.4
6534.93
26653.4
57544.8
68569.5
57033.2
36155.8
20193.1
32381.4
38229.9
21359.8
19568.3
47641.9
61169.4
57206
38332.6
9588.84
19078.2
26450.2
21587.2
12755.9
19632.2
34783.3
33406.7
38080.4
33209.1
33508.1
24881.3
11759.7
3004.89
13116.9
8875.01
9535.38
29856.2
50135.7
56124.6
45247.8
16744.5
12507.1
33348.1
36578.4
29525.5
31359.7
52978.5
59108.9
50413
27213.4
16358.7
35442.3
46005.6
38840
30811.1
30733.6
35382.2
37697.8
26162.6
18703.3
31905.2
34814.1
33420.8
22987.3
9118.32
