5375665
472505
1.36481e+06
979501
229005
1.64887e+06
662404
1.11382e+06
623263
597076
1.72045e+06
1.11246e+06
616731
2.0153e+06
343410
1.19308e+06
97138.5
465343
1.03023e+06
494721
1.33099e+06
410688
568783
453128
471731
577409
521107
513369
324515
70937.6
243236
425205
498642
152550
324929
506194
70629.9
158519
303199
402731
485396
231146
218595
147552
207641
237939
429018
102480
81588.9
154667
129357
278185
232028
156097
308914
149546
301653
164081
203768
221151
220966
65108.6
68384.3
145058
245585
302945
77517.2
153202
156259
259319
182322
116052
284303
48056.3
178348
32293.1
303056
86049.7
147970
102904
62017.5
56880.6
143007
47154.2
125082
240111
154810
162618
57107.3
107548
171465
132892
129197
51061.9
169767
143171
86304.9
73285.7
229334
262749
62546.3
100906
73117.3
72050.4
236429
131868
111814
61682.7
117710
114641
47704.3
99102.2
124082
99070.8
187941
49739.6
20285.2
111627
55948.7
90067.9
101003
175303
77881.6
129358
36634.6
79334.4
62981.7
30759.8
92481.8
139036
76392.9
37183.4
73646.7
35336
118843
84158
54467
158719
115085
76590.2
73229.2
99424.7
132289
119424
183057
65803.3
63708.1
107748
87083.5
96890.1
101595
104921
18290.3
85120.9
44181
51314.8
43240.2
121169
31215.4
172696
60152.1
118150
65619.8
109110
49769.2
79993.6
105756
77046.4
70549.7
78782.1
138887
54917.4
49030.9
37892.3
33255.7
141699
2569.41
93521.1
28201.4
11260.6
68948.6
18939.9
187295
74364.4
48067.7
39966.2
60934.2
56263.1
102038
89191.3
7495.09
38047.9
51149.6
141475
78330.6
56361.1
54273.7
59833.8
78671.2
70224.8
66679.3
118068
19012
59978
75773.9
32753.4
176217
9598.83
4678.29
76753.9
67660.1
104207
73593.7
105982
26601.9
43658.6
60899.1
83386.4
47713
78045.5
91723.8
53080.4
86210.7
55799.6
24190.6
73336.2
79898.4
184308
54849.3
87508
70177.4
112531
11294.1
42209
68664.2
58892.4
82678.8
36544.6
10222.6
38148
52913.4
39125.1
43511.2
60186.6
66450.2
14225.9
54965
66391.2
86821.2
57522.8
58440
110993
66691.8
78579.2
146926
87287.6
