0
14573.2
6256.08
14198
37916.5
160035
15957.3
10017.8
16209.6
21437
15785.8
12515.2
19405.4
27857.8
2365.05
9304.36
24767.4
22145.6
15248.3
9181.29
19487.1
34533.5
23251.2
29860.4
3311.12
17502.1
12449
14673.5
20288.7
20659
3457.69
24882
16109.8
15296.2
17348.7
7822.37
13539.7
9355.92
10763.8
15539
8340.62
6103.51
10185.3
7759.81
3495.94
7519.49
5261.98
7298.52
8184.76
11707.4
1101.8
7471.38
7998.41
3203.19
4291.32
8680.46
12445.1
5344.8
4438.78
2400.39
12869.4
7579.97
8834.2
5290.02
12264.2
8106.66
8023.29
5936.96
15624.2
2894.33
3082.03
1968.61
13249.5
9451.98
11633.7
6356.06
4256.82
1657.71
5988.49
13808.7
9962.3
5033.7
2001.47
7497.65
2764.95
1635.68
7563.82
3921.18
5592.01
7751.47
8001.25
6512.7
304.644
2599.18
3609.13
13077.4
8108.58
4626.14
8404.89
7509.22
4363.82
3107
3680.12
2825.63
1356.23
5446.21
4091.36
4545.78
6500.35
5776.07
3338.22
638.001
4280.54
3362.58
909.664
5643.71
3062.13
3428.47
2988.13
6928.04
5732.05
10368.9
1412.99
7707.92
1278.51
1819.69
5736.88
457.421
0
1044.77
5263.34
1721.23
8642.08
2674.05
2933.22
7840.2
3780.7
4193.86
1380.91
1719.91
3089.54
4922.46
1623.34
7042.85
1075.9
1665.02
2521.45
1783.49
5890.2
3986.26
2366.05
4390.4
1458.12
6072.23
2216.2
3079.51
400.731
4116.14
1539.94
4311.79
2712.12
2147.3
2936.81
1872.3
2384.36
3322.28
5838.79
4944.36
1752.44
4124.4
1578.01
10790.7
2031.94
4380.54
3049.71
3297.95
1463.67
1999.65
1494.81
412.976
1228.67
6626.46
9362.86
5275.17
4817.27
876.216
2439.12
3241.11
3042.11
6149.48
725.342
7794.26
4275.63
4619.82
4981.01
3476.5
5002.69
2702.62
813.022
1058.3
2924.92
1555.87
1789.97
4353.72
4606.8
5246.04
856.005
1591.86
1666.94
2368.76
3368.16
3698.31
1493.45
1022.61
2404.22
2209.23
2366.78
2112.19
5693.46
2808.48
1444.62
1531.09
6365.35
4807.51
2365.61
382.8
1561.08
2221.95
768.173
331.694
3656.9
1111.22
854.385
3083.45
882.388
1632.62
2335.96
3061.81
1427.36
2004.8
2478.33
7762.05
1319.02
167.487
2282.82
5926.36
1464.33
3255.99
1514.96
6492.23
3112.82
2356.22
2908.32
2150.22
2655.33
803.359
