0
14390.3
5868.83
12921.6
37358.4
143168
14890.9
9415.68
15033.5
19111.3
15375.8
10854.3
17417.9
24130.4
2365.05
8075.33
24767.4
21935.9
13860.9
8262.7
16177.5
29666.7
22922.4
26494.4
3311.12
15195.3
11652
13631.8
19728.6
18352.3
3457.69
22037.4
16109.8
14553.1
14928.2
7464.58
11837.3
8618.89
9814.84
13946.9
8340.62
6103.51
9723.76
6910.22
3495.94
6831.01
4763.85
6303.18
8184.76
10527
1101.8
6767.17
7998.41
2675.94
3937.37
7666.32
12445.1
5339.88
4438.78
2400.39
11124.7
6700.86
7937.99
4781.55
12264.2
7338.06
7228.9
5279.42
13594
2897.56
3082.03
1968.61
12737
8300.94
10637.7
5259.26
4256.82
1657.71
5983.35
12376.1
9780.4
4334
2001.47
6841.32
2764.95
1630.72
7209.13
3921.18
5592.01
6973.85
7223.1
6007.62
304.644
2599.18
3134.45
12437.5
8108.58
4123.21
7641.95
6663.11
4363.82
2948.38
3680.12
2434.32
1356.23
4804.95
4091.36
3928.68
5436.72
5158.91
3287.8
636.796
4280.54
2932.55
909.664
4892.54
3062.13
3002.45
2988.13
6126.78
5732.05
9713.7
1412.99
6860.16
1274.37
1755.62
5525.09
460.831
0
1039.13
5263.34
1585.47
8529.29
2403.37
2748.16
7283.67
3780.7
3698.18
1380.91
1476.58
3089.54
4264.18
1623.34
6102.01
1075.9
1665.02
2521.45
1590.2
4880.21
3421.22
2366.05
3904.46
1458.12
5330.45
2216.2
2920.65
400.731
3655.28
1539.94
3842.99
2712.12
2120.44
2508.92
1872.3
2384.36
3164.54
5277.1
4421.46
1752.44
4054.03
1578.01
9655.76
2031.94
3950.53
3049.71
2862.29
1463.67
1999.65
1494.81
413.513
1228.67
5459.34
8562.05
4650.74
4817.27
876.216
2439.12
3241.11
3042.11
5475.29
725.342
6985.63
4277.49
4177.08
4456.24
3056.37
5002.69
2702.62
813.022
1056.59
2924.92
1425.18
1789.97
3589.62
4606.8
4772.33
856.005
1591.86
1666.94
1977.33
3368.16
3302.9
1493.45
1022.61
2404.22
2209.23
2366.78
2112.19
5135.41
2730.52
1444.62
1531.09
5520.83
4569.16
2365.61
385.778
1561.08
1934.7
768.173
332.399
3656.9
1111.22
854.385
2752.59
882.388
1459.37
2335.96
2739.04
1427.36
2007.76
2478.33
6758.33
1319.02
167.26
2282.82
5225.7
1464.33
2837.72
1514.96
6109.12
3112.82
2102.04
2920.36
1968.81
2654.33
797.559
