7557068
335161
824123
164232
485896
4.81163e+06
565884
173133
892449
338715
699257
161107
557266
550913
203816
1.06167e+06
537823
376057
741565
150542
373846
116126
399134
668955
12929.3
257053
306294
303432
359058
125617
97640.5
193061
418512
528341
80965.7
21217.5
222060
172939
113833
203400
66922.3
218745
291501
280727
123131
125965
285454
150188
176938
142239
98036.1
193933
126597
158298
67506.9
173754
227290
188220
167352
87756.4
174685
184995
62773.5
121481
47222.8
83803
64860
199520
164244
124518
158743
155027
53474.4
72252.3
147568
92046.4
59195
153664
139869
99557.9
43405.2
132429
38084.7
84567.6
148062
152045
93782.2
74558.8
88926.2
102637
65819.2
99441.9
84306.3
49560.4
109490
127630
122451
79150
81138.9
104524
95892.8
24242.1
93464.6
68217.3
93037.4
99342.2
125606
80253.6
58721.4
80530.9
52492.3
76776.4
65871.3
157016
56549.4
88514.7
49604
35160.4
16200.4
92082.2
7227.27
99830
30777.4
175618
29023.2
110725
51208.8
12057.5
46637.9
73360.9
2491.74
35174.3
40636.8
125054
87631.4
107607
101230
39091
26536.5
61669.1
30466.2
61136.9
26359.7
85064.3
68795.9
70186.7
87696.6
86885.4
21160.2
73784.1
64398.5
86269.5
37164.1
67041.3
26451.8
41703.3
45366.8
112013
39153.5
48192.1
60103.8
66735.6
96813.8
44577.5
78115.1
48764.7
36208.3
72525.3
11581.8
11718.7
28730
76015.1
101215
35353.6
84880.8
88998.1
59547.8
30074.7
28647.6
51081.9
17119
69511.8
40394
23606.8
57735.6
111638
82657.2
43014.5
19367.8
77187.7
47787.4
18687.4
29602.7
7559.51
48651.9
89652.2
67823
38790.1
17996.5
97964.9
55557.5
36074.2
57368.6
30774.4
22243.6
48860.8
38049.3
45287.3
57655.2
102507
37659.1
40709.8
88218.1
36788.5
26189.8
51367.7
21578.5
54626.8
55424.1
59757.8
6048.53
3089.52
109052
29061.7
45808.8
46426.7
13972.3
86522.5
40924.5
51224.8
27825.6
42773.4
84484.6
37120.6
29641
34967.3
36662.7
102035
22516.2
64608
31508.1
44814.4
12439.1
74674.9
28020.2
31081.9
32646.6
89171.7
30076.8
58184.9
63406.6
34087.8
51718.2
75680.4
39345.7
47673.5
