7445955
841204
672526
715417
2.8558e+06
1.30861e+06
576688
712085
740233
1.52722e+06
2.26913e+06
114891
900966
1.32551e+06
522588
322446
82223.2
1.71809e+06
376664
524280
468328
372725
49496.8
419575
211974
889621
235554
383772
306174
294895
382792
616089
382351
119967
503082
396387
396208
288857
688810
153555
68595.2
440287
360779
300184
273009
78326
319639
57347.7
123288
153771
53099.4
315513
90880.8
276027
94717.3
78472.8
305580
118670
144891
141112
209195
241313
315561
106325
126164
355648
173474
82268.2
222102
71120.7
102436
167796
279565
53623.8
181891
92512.2
231471
162027
145117
112583
214475
40181.1
27295.5
250309
60836
102422
272146
131137
112329
112018
76716.1
189665
174124
108476
72073.9
18102.4
199539
239342
198202
86526.1
112634
146877
39821.5
89895.6
122937
110764
66260.5
33965.5
144863
95382.8
189081
107887
90478.1
118864
116430
234800
75547.9
175171
196827
54055.1
55041.7
9121.64
60142.8
55399.7
7695.44
124436
206519
67895.3
32889.3
61616.3
74069
172608
122434
66623.5
125869
49850.1
121595
92603.2
36463.6
35104.2
63508.7
18493.8
31222.7
68661.5
40722
101114
136152
35119.3
143230
91265.7
14502.7
85675
99936.5
124476
48718.4
96143.1
51903.8
84753.3
78410
42713.2
128718
102719
29635.8
55802.6
79028.9
132384
43586.5
29532.5
4276
91382.5
63609.6
110376
60437.9
199669
15888.7
24847
45599
175841
68000
53246.9
63867.6
62731.9
67260.9
82998.7
49635.1
33296.2
39091.2
60941
84075
48340.6
58613.1
47636.7
123031
125679
59094.9
75919.3
78081.9
36160.2
43706.8
78254.8
74582.6
37421.3
56951.6
51152
121036
66823.2
88894.4
60399.8
73299.7
34608
82713.5
91007.4
93711
100170
53700.7
78428.9
47638
40185.3
79704.9
95263.3
55294.3
4549.51
76210.3
99300.2
47327.4
61458.2
61439.7
99221.8
150384
82074.6
16238.2
80618.6
72668.5
15827.7
101941
100577
71958.3
9985.84
92688.1
80928.1
44897.7
48465.7
39287.5
54950.8
76708.5
81774.8
117772
68409.7
94078
27053
80930.8
122046
88184.1
85559.4
26855.2
20843.6
