8747866
439450
648328
793715
942146
3.84272e+06
636651
1.22414e+06
1.53653e+06
1.5104e+06
1.40698e+06
320934
1.16076e+06
36537.5
979453
796533
338169
89222
522724
727173
370231
93025.4
656528
342441
733451
466270
274465
509888
451572
82357.5
216293
257905
253897
442073
405835
192432
106282
139275
358766
285043
125523
45261.5
366450
117548
74564.5
277539
353954
252044
92575.2
64052.3
43773.1
60811.2
314031
215814
285989
49405
147019
189469
166890
91615.6
193295
275026
78833.5
110605
162766
52797.2
143615
46994.7
156597
152565
73731.7
227558
190864
80326.7
179934
102677
124771
111831
190896
55418.4
257145
99939.8
16408
114285
80280.8
192123
144800
139600
95851.8
89238.1
10167.7
76333.6
167072
195952
136744
61362.2
55256.8
91375.8
84675.7
84772
100732
81210.3
10971
71077.9
70733.6
184145
24709.9
125800
62021
90963.6
57969.7
40125.7
117647
30301.2
89302.2
62056.5
110406
69950.8
112304
168031
63577.8
135457
169594
58100
66370.2
31595.8
54222.4
111941
73234.4
57868.1
84413.8
74323.4
74374.1
80538.5
114906
92791
102884
53316.5
83548.2
67933
128953
83382.4
9103.35
108438
32806
50167.2
74423.8
92693.1
32008.6
63920.2
10032.4
24493.1
125879
34666.6
46072.7
123527
128956
52312.1
6197.15
94523
37722.6
69288.6
50635
57559.7
105401
36324.6
71537.2
36285.2
58620.5
95890.3
72125.3
53108.5
29284
58190.2
104275
73847.8
12527.6
94959.3
66712.4
70871.1
80209.1
103384
66243.6
21973.6
92327.1
68216
67644.1
67931.3
81619.8
58582.7
75980.5
59297.4
41752.6
127006
82880.8
38678.2
30868.9
25108.7
26704.6
63013.8
27695.9
38645.5
68515.6
114446
20242.6
48478
44462.8
80212.7
30729.1
69591.1
28059.5
92570.1
38551.2
22564.6
8327.08
59200.5
65160
97796.5
8247.26
92152.2
25305.5
47350.5
98574.3
57707.2
92092.3
48301.8
89068.6
33813.2
76611.7
60763.1
35938.8
106661
60046.8
60509.9
38612.8
75881
66230.1
36296.3
25493.1
34286.4
77595.6
40665.8
11855.8
114249
15172.6
49314.2
74795.8
47395.5
28426.1
56896.8
115073
46626
43361.4
84031
28443
29150.2
