6790667
550471
494921
1.25324e+06
3.1715e+06
1.34555e+06
916460
789641
1.08914e+06
1.55548e+06
1.90059e+06
654122
113154
967519
1.04638e+06
554701
285898
1.26588e+06
429332
426311
360065
110273
291833
748062
161064
553171
361927
356860
272475
336371
99133.1
174391
453805
213777
208139
483902
289578
354992
498416
329114
248230
295110
300758
262591
317153
92775.7
169437
145834
81290.9
140798
227223
306529
225721
131842
115109
181514
311949
270739
117672
65239
209851
227360
118905
177601
293690
227850
79813.9
215014
227763
144182
53447.2
200677
148126
164859
123944
235949
49942
75854.2
59256
117859
94384.4
120751
37405.6
256044
223726
127406
261590
12319.3
143596
45672.4
78597.7
194087
61664.6
169140
93942
15287.1
217834
190566
206003
117948
125344
124889
115602
174421
210403
121898
34342.4
56076.5
40042
27262.6
88055.4
133731
141581
58976
158986
170528
164385
75302.5
67919.8
105580
96109.7
55965.8
64844.2
98184.2
105885
65924.5
151732
50083.1
72984.9
28638.1
155275
127811
149237
81865.1
58998.4
43044.5
96628.8
102817
121183
99172.2
77836.9
40835.8
70230.1
15077.3
20095.8
173552
56739.3
40184.3
165569
114771
65074.3
44407.3
58445.4
157252
60533.8
114258
58335.8
72827.8
82378.3
30954
115142
42488.2
39337.8
59637.8
108898
102953
38733.4
60486.4
71377
41707.9
56183.3
95896.1
82452.3
142696
117856
47458.9
49057
125254
70584.7
21896.7
130441
9884.2
90765.2
49826.1
50669.7
74129.1
68217.8
76529.9
53832.3
34302.3
41084.3
74602.1
39243.7
81190.7
63449
25692.6
90817.4
64584.2
79922.7
53470.5
42891.8
68960.8
80057.9
97939.5
62298
49239.6
47795
80070.7
51296.2
78713.1
116807
99752.9
65482.7
29302.6
79382.4
24244.2
85464.1
43723.7
47478.9
84305.3
72703.2
33651.8
77548.4
66239.8
72966.9
54290.7
10219.4
119736
156085
60687.7
51805
51469.2
82382.2
32513.2
58914.1
71361.3
26871.3
70353.1
53274
87382.5
29623.4
47792.2
31015.9
65580
21650.9
91771.1
88082.7
51894.2
15433.2
70800.7
43630.5
143753
25591.5
52876.1
68746.5
49592.1
