7100696
384082
973789
1.19224e+06
156068
3.81679e+06
423911
247139
1.63103e+06
229694
1.36624e+06
353988
228604
1.08749e+06
644043
602311
363958
678596
844196
156683
625026
587569
193792
112455
423900
315640
376238
93159.2
192469
570101
382330
414072
252464
172401
55660.2
179053
222532
345104
78244.1
443366
59774.6
231250
246772
34647.6
296690
219039
337553
369282
113479
399274
221106
102098
163413
91671.8
261901
95448.5
261166
95151.3
117955
191135
175825
118616
186508
134092
350453
151410
130061
53216.8
55588
73743.5
19837.3
164133
105633
146886
133734
81543.4
119688
189385
81532.5
208298
49006
85709.8
46072.7
185445
90379.7
76304.1
61901.1
83442.4
44609.7
67904.6
187943
172479
236094
137302
10078.7
95812.2
77464.7
125295
133366
19487.6
170310
126171
163367
137477
94010.9
116448
112022
92824.4
78644.6
93386.9
181398
62176
59967.6
119305
39017.2
110704
58451.2
69087.8
93352.3
52577.8
141345
43178.1
49938
118404
149275
61372.6
136168
73626.5
33202.7
50595.3
123985
95526.6
33574.4
128323
45371.3
46959.5
97163.6
69238.8
31654.1
85832.9
46275.8
21022.9
31506.3
52610.4
99626.5
50835.6
119079
62464.6
59361.8
68272.9
7077.66
74255.9
105543
34121.4
48856.8
16433.2
39315.6
55747.5
69482.9
108220
75011.5
107320
133138
89313.9
69245.7
13931.3
45723.3
51415.7
10849.4
63637.3
68142.3
27964.1
84737.9
12327.6
75673.9
65982.1
22233.4
16750.2
51683.9
83355.2
124836
65628.8
38627
69312.4
22311.3
20125.6
80404.3
31777.3
84774.8
51127.1
37005.9
25817
41871
106267
28548.3
103006
87291.1
70097.6
78145.5
17542.9
27998.2
88288.8
34329
71543.9
18163.7
47202.7
126471
51762
52260.2
44725
73795.5
26749.6
33971.9
114725
38907.7
63842.8
40577.8
86000.1
53127.6
38515.3
20793.7
51487.3
84040.5
48269.1
20507.1
24867.4
23305.3
59186.8
76812.6
17629.5
75463.7
46336.4
63770.8
72524.5
35120.3
47884.4
28970
63329.4
32141.1
57301.5
129424
97092.9
72066.5
74702.2
29682.8
25825.9
43467.6
64905.7
88524.4
47124.6
46066
125152
61607.2
23108.7
53097.5
87638.7
