7836898
636226
561519
226907
232430
1.15607e+06
428370
1.25693e+06
639931
487836
499435
607482
934760
1.27418e+06
87781.8
307484
176667
219496
214391
652582
2.90997e+06
618118
817654
283818
490239
499391
137082
1.08401e+06
122762
360990
526962
225104
1.01879e+06
1.55893e+06
794152
251672
349371
358089
65372.8
117895
333018
575963
376492
193886
415938
153264
383444
128677
151003
182135
200297
201601
229486
453936
169004
178438
279960
127997
133406
77793.9
315192
283715
310066
177749
242051
149765
432597
330389
267096
151213
91263.9
211442
647564
373882
206088
194526
128129
108966
46776.5
535041
386457
265325
126979
197336
69757.1
135518
121041
246092
449413
161123
106703
237700
262241
98770.1
320117
122212
171098
278703
131725
189054
170991
177417
165397
215404
85919.3
308448
128916
233445
141183
193897
87885.9
130984
161645
75678.8
335090
179274
431324
170854
118553
216789
333681
93744.8
47650.3
86305.3
77437.8
83092.9
349699
45140.1
119041
201443
155420
193983
313364
147381
130414
200237
33039.1
42800.7
147786
37299.3
265048
142088
172528
81148.3
141618
192305
107252
64298.7
152481
276160
95708.5
157518
187940
27329.5
164203
277310
80062
59751
63027.8
267126
71887.5
150961
67757.1
295181
160241
150062
126143
95241.6
222715
232206
87613.9
15857.5
92080.4
121368
130420
99228.2
71805
143825
137687
106024
98615.7
117542
74506.3
197290
238140
166743
161653
74141.3
124372
126071
34959.4
111248
74902.9
45906.5
62425.9
30447.8
141049
219470
78739
101885
117884
110893
104055
152354
95843.5
36426.5
102846
181296
209779
54303
128032
148402
74577.4
7926.95
187042
124283
16087.8
100234
71379.4
118803
99359
134055
119577
174983
244594
35771.2
240084
103130
76767.6
111242
181281
40341.9
159209
159080
65168
80449
208970
124548
47946.2
129043
83537.9
116712
104696
34049
111223
82825.8
70591.1
50977.3
106998
61697.8
148051
89947.6
50308.2
165074
96319.3
100953
