4650239
506409
629813
625842
2.33009e+06
2.48184e+06
492529
548004
474605
2.54446e+06
284239
391818
325573
486548
269223
121000
182555
466282
106967
686283
40458.3
272376
611854
998661
350605
158162
193583
339720
407108
91959.4
315745
382024
413203
359804
160006
120135
492583
274176
176788
191505
284078
221895
348942
103366
234022
358833
181169
173245
162102
114558
314641
29665.6
83521.3
37387.6
86389
383571
52364.8
83985.2
82029.2
232471
122038
72412.3
144397
100078
97648.4
45099.9
51333.4
34391.9
215155
167318
133525
51705.4
54006.5
230915
111962
99579.7
86086.1
105114
4076.73
22286.9
22630.1
121746
176607
89513.2
92682.1
65302.4
102186
228340
53607.2
100549
139295
189981
81149.7
6128.69
27028.7
121523
83529.2
113226
9791.51
17226.3
138595
143809
46534.9
162553
190268
72622.6
159682
80165.1
57257.3
49680.2
76208
25155.7
77492.8
46065.6
152836
35468.7
16939.5
111125
142973
108315
86457.2
111920
6327.06
65937.2
51494.4
48181.5
92232.9
78620.7
73136.6
69018
26613.9
55310.3
74898.6
130253
41070.9
63211.1
24310.4
81658.6
71966.7
69968.7
29943.6
21603.3
67373.2
94245.6
44184.6
90021.9
100577
24482.4
51113
44965
49273.7
88174.3
47921.2
63620
64526.8
101464
60220.9
75500.7
26731.5
105449
43842.1
73911.3
32126.8
71431.1
15327.9
119888
15951.8
95731.9
85195.5
108289
25263.1
73471.9
18566.5
51044
67400.5
46875.2
72314.8
66543.3
71505.2
85557.4
32629
82399.8
96713.2
39435.3
50297.8
118148
39589.2
29815.5
56777.5
27852.3
77358.4
14067.6
65834.9
16891
38347.4
39225.9
31607.3
114183
54302
94047.5
33796.3
85735.9
25738.7
37657.8
46357.3
26361.4
38142.8
73905.5
32313.4
31431.2
58490.8
73478.3
74551.3
48388.5
27782.4
79332.7
40566.7
23728.8
82454.6
62517.9
92220.4
72466.1
19793
39850.5
51491.5
27779.7
62045.4
63721.6
45939.4
42521.6
48191.1
32716.3
69556.1
127372
36901.3
44248.1
37866.3
47628.3
37534.7
24237.1
79784.2
69188.5
40872.3
64369.5
54093.6
43176.1
56091.8
79044.7
27350.6
89680.7
9449.9
41459.4
49337.9
19533.4
87065.2
30544.8
