8040391
82762.7
1.162e+06
999741
3.47848e+06
1.56867e+06
153141
1.0067e+06
1.71522e+06
977317
1.01071e+06
732650
825816
1.4398e+06
830167
473490
372183
1.28419e+06
663973
217040
263606
496158
415438
412983
151655
364276
787412
180411
326091
195801
317354
80939.9
119190
296576
661544
177566
265898
124930
198441
172949
240277
110262
220006
255681
212937
134475
307962
157281
239534
126229
278965
280559
111651
231323
243842
246519
214532
74090.9
68885.6
207544
103636
65800.2
85239.4
198542
230768
151926
83171.3
89887.2
161691
259137
164002
49541.3
63108.8
40935.4
106068
157710
111303
223234
120788
256616
116278
127044
83192.5
110080
27444
49579.6
188592
129920
119596
64309.7
135795
62547.9
165898
112447
95702
151706
141769
48343.3
112442
166926
70772.6
66209
58473.4
37050.5
50077.1
64039.3
97290
150111
47334.9
53960.9
95494.3
118210
55269.3
62261.3
9671.87
146469
68006.9
41726
36320.8
98434.6
148621
110449
39222.9
172846
57817.8
42658.2
93906
100390
163961
86650.7
62498.3
119007
103291
29513.6
55852.2
39358.9
165565
73872.4
8855.32
86717.3
49887.2
51149.5
38060.6
37624.3
23298.2
41061.5
71823
110225
51378.7
166933
43196.1
29477
19067.7
19971
7977.04
37874.3
92156.7
141951
85218.4
27694.4
70807.2
103874
12516.4
93043
80640.4
52283.9
114749
35718.1
10701.5
41600.4
98245.5
75380.7
82713.6
21897.9
80338.8
66947.1
17426.9
60764.1
122699
84782
34929
26038.3
66218.7
78061.1
25746
97384.5
20162.3
43699.5
21461.1
120324
27726.5
112562
103724
86679.5
53575.7
62105.3
42918
41708.4
20368.8
29690
90190.3
33083.3
65600.1
39410.9
28121.9
65385.2
51650.4
57036
91384
65479.7
68693.7
45372
20480
68169.1
105485
23870.6
73475
33879.1
111437
29821.7
53698.4
43815.4
53224.5
32706.5
80398
37120
64345.4
37250.6
66864.3
62669.1
47962.5
94045.9
72820.4
67980.9
52439.8
23077.5
92979.5
70294.3
60664.6
108114
59811.5
50489.9
63357.9
96448.8
18214.2
44466.6
33274.6
26972.8
38904
14370.1
36057.8
81313.6
128808
42655.4
26975.6
31868.6
