7807598
1.08174e+06
799905
1.28808e+06
271011
3.27666e+06
117510
863678
1.81632e+06
1.34836e+06
1.25184e+06
561927
658511
486476
485944
684897
454354
1.13401e+06
656125
252516
683548
389507
748355
440535
891161
735227
492302
342004
289235
173670
712449
303552
242571
292384
308670
477103
50916.5
232359
156683
417462
199177
298501
108782
374856
201422
77282.7
208854
196912
380903
282357
31653.3
249002
225703
241010
193140
273004
96150.3
177535
341199
153470
110016
182511
155910
149516
104583
80234.8
207596
68079.2
230166
217513
271190
205773
159164
99237.4
88099.7
238466
186017
224631
127093
145131
312518
151479
124421
69707.4
111578
103781
6420.61
258942
161502
19542.8
160058
22088.6
77843.4
135563
212621
200335
176651
11127.1
51659.4
124526
53378.3
181680
88832.6
151866
158352
62162.8
76326.8
112566
41195.4
156747
19493.2
100371
52948.2
33901.8
101131
63854.6
109281
84642.5
149509
133779
66972.4
147782
73787.7
29837.7
102149
26039.5
131587
94972.7
92505.1
29710
23434.4
59237.2
88393.4
64827
152034
143878
168541
90660.2
135204
162336
117991
122757
32925.5
76897.2
43534.9
50130.6
65029
68905.7
65365.1
91868.8
119455
98707.1
42863.2
50909.4
89762.7
68357.3
169043
133782
68583.8
65502
43852.9
109289
78265.5
62004.1
50872.8
87903.9
44127.5
166161
30220.4
104886
99651.1
29892.1
83015.8
60709
78321.5
49045
73445.4
22639.8
58920.3
24778.1
88267.3
165576
137147
33862.9
64488.2
88131
20556
15706.5
150939
52642.7
65720
58086.2
91831.1
123807
38778.5
88183.6
109632
146813
151743
19918.6
63999.6
68875.7
158033
81272.3
26296.9
100777
66662.4
17129
20187
22995.6
96542
127072
25252
56242.1
64058.3
12303.6
81392.7
116262
77128.6
84066.8
31441.9
58811.9
49574.6
114773
69540.8
60731.2
71872.5
85618.8
87841.1
107917
75628.4
65674
83122.6
19265.9
42406.1
27567.9
75590.9
29389
107452
102454
65727.3
80850
13248.2
46611.3
150572
102842
78883.2
83868.2
77435
49765.7
42861.5
89925.7
73337.1
56008.7
66110.6
66273.5
