8334671
110282
1.09012e+06
1.64516e+06
1.19804e+06
4.23038e+06
925255
1.3968e+06
1.13022e+06
262767
101855
226499
854406
1.06397e+06
496550
524026
200897
567425
564657
374901
135532
368069
313527
293053
372058
717919
291979
234238
216000
156956
112071
263474
321417
128557
325956
206142
182270
47416.6
295481
255792
225444
296818
314887
187026
158318
49202.9
153157
121063
17452.5
83936.7
103638
310594
183601
194792
231453
59806.1
121334
110401
135549
145769
227965
113057
157244
119418
29084.3
117325
84566.6
136562
53841.9
77876.6
68292.9
289191
62149.8
138802
125496
132809
25791.8
34940.8
40219.2
75268.2
161217
91595.1
22708.4
161229
129554
18681.4
91971.1
149748
92382.1
149053
16436.2
147040
26153.8
49949.3
59096.1
102706
35191.7
171221
42367.8
22827.6
99942.9
109638
78160.4
56211.8
142444
107382
92548
23418
79693.8
115128
25478.2
65514.2
81990.9
55589.7
51672.5
67727.4
29659.9
178124
43586.8
78465.6
61615.9
26739.5
91530.1
58831.5
86629.6
49685.1
86467.6
91140.1
46346.1
52766.7
23767.1
60545.2
108607
72973.4
59869.4
140061
31040.7
86631.7
45653.5
26216.2
53386.1
85506.6
49962.6
63191.8
32339.7
76461.5
100328
85972.1
18474.3
57830.5
30794.1
32708.2
103352
78569
69595.4
75426.7
46942.7
45272.8
46764.1
72631.5
20942.2
32079
58001.2
82158.1
64993.4
97275.7
84849
35048.4
22910.6
55996.8
44711.3
61087
92448.5
34940.6
62343.6
41932.7
41956.5
48137.6
60362
76816.9
14841.9
68039.3
87577
69713.6
57869.7
30850.8
36918.1
33141.2
28126.9
95012.2
38455.5
20197.6
57031.7
83404
43282.6
47678.5
31420.3
56349.8
75672.4
30386.6
22179
93660.6
82612.2
53755.4
7693.8
42233.2
28148.8
12619.2
10275.9
75248.6
13166.7
120549
19683.3
65579.8
15278.8
49592.1
20520.9
30590.1
76706.9
74126.9
9444.79
24125.2
48022.3
89389.8
63721.4
38944
33036.6
42535.9
45128.8
12378.7
30476.4
109286
39127
20161.5
34297.6
89232.8
11963.9
45448.3
60358.2
47663.9
36050.2
46828.5
26271
49694.5
95852.4
32830.5
15106.5
42012.3
87229.7
27204
40880.8
26871.7
53297.3
22463
45937.5
85658.9
