6218946
926998
483799
678601
392208
3.75443e+06
1.31109e+06
719273
842917
819089
1.00309e+06
377338
598059
351814
411500
1.20662e+06
717020
355388
265509
225946
504963
362720
159862
290713
140066
983663
350280
355237
653629
91834.5
462230
312079
373028
343354
111133
216805
240293
199906
315607
239130
138734
260850
216113
278457
256718
314165
243915
162100
79648.4
213386
314040
111973
328392
96073.4
121999
111242
409636
141335
147281
98410.7
130464
226983
243263
111084
123079
112400
168170
98502.5
62760.2
136616
113954
36390.7
265929
106947
50657.1
194060
226648
56826.9
48826.7
221137
200375
171170
136334
39120.7
134621
134180
49638.8
73704.1
103510
131642
47187.3
101014
53741.6
96735.4
133270
118727
176138
24097.4
68120.3
63187.4
46418.8
177954
39130.9
170025
73407.5
67463.2
53799.5
55992.2
55206.1
155208
16430
169012
113660
77858.2
133503
122872
169883
85349.8
63655.9
24642.9
140748
40808
39314.7
65800.4
72130.1
105394
44347.2
107323
73175.8
64675.8
20457.9
53419.4
63334
132844
38909.1
24509.7
85799.4
10326.2
60506.8
29400.1
61830.5
14675.7
89565
112982
38120.8
123757
53908.4
101865
26322.7
19240.3
66317.9
37353.2
39516
78773.5
21910.9
33619.6
150327
93354
15682.1
53414.3
25082.6
82262.4
54013.9
38887.8
53168
73148.2
70678.3
164783
41530.9
41865.2
48272.9
64491.1
96722.9
74791.2
63138.3
103976
62057.4
61545.6
25085.9
64322.4
165567
66321.7
36736.2
51391.5
106348
64760.4
41755.8
52834.7
79448.2
40485
36920.9
17757.7
39788
58945.5
105746
16857
90086.2
53291.7
77364.1
40672.4
62214.6
112611
64538.6
53194
143068
42934.3
66999.4
69785.7
71418.6
49274.9
38958.4
95284.5
37017.3
5780.74
93397.9
45377.2
52986.4
58330.2
82283.6
31463.1
59681.3
27967.9
57718
43996.8
65887.3
36638.2
68240.3
83252.2
31289.8
39243.8
23082.9
123369
54662.1
24531.4
51223.9
18455.9
39011.4
31925.8
25231.5
87916.4
34904.5
62583.6
65491
47874.8
73767.7
96228.4
29728.1
32025.8
48775.5
7779.73
39019.2
115064
59534.8
46678.9
38311.5
72765.9
