7400622
332411
1.26761e+06
1.54608e+06
363673
3.52727e+06
369650
649682
1.0142e+06
710774
1.98514e+06
526703
122176
826814
392873
222043
567612
778131
427459
320634
947616
813059
389822
132983
254674
471903
430238
337666
229422
506400
582132
444380
440463
288219
86569.7
379037
152271
283853
61195.1
345964
248226
194877
54603.7
207455
192817
259303
190536
284533
281979
146790
99738
136651
278404
153286
93610.5
203304
173865
98217.7
151898
150415
163309
140152
240621
100639
84117.6
90353.7
43385.6
139888
176929
126511
206123
152585
175923
189270
48309.7
156207
94053.1
52143.8
136886
109811
31649.8
212058
191504
95489.8
125112
126715
138517
125860
22598
64886.5
166453
135407
79824.1
99063.6
261737
174118
105995
45989.6
50515.1
46613.8
160101
130795
107272
24793.6
98804.6
48229.7
74451.5
31825.9
51670.3
221924
24080.3
38313.8
43058.3
89387.9
76947.4
19402.1
72189
64631.6
30647
71518.9
41075.9
65212.9
73717
11567.2
199453
24554.6
38159.9
91982
92797.9
141478
9263.98
52242.4
5414.05
60834.8
89303.4
90365.7
89972.1
127605
110458
100744
42204.6
70536.1
145576
61539.8
108912
68873.9
128216
115447
105367
15332.4
71528.3
48682.4
21548.2
63239.4
34961.2
118068
67443.5
36971.2
56189.9
109944
47717.3
26090.2
16373.4
38420.4
20743.4
103842
128952
43031.5
21884.4
23057.3
78813.1
40166.9
58920
55986.4
110764
30155.2
22620.1
14015.5
37019.1
9566.84
73783.9
110968
17211.5
70641.4
37987.5
56963.9
70211.2
56584.8
31276.8
163945
58093.2
43859.5
34305.6
71118.1
83296.7
59385.9
52226.8
80926.6
19626.6
68518.6
24382.1
33178.1
79601.2
74888.5
65826.4
38495
80527.6
131644
49943.4
87151.7
79722
52971.4
54858.2
120930
21276.3
31743.5
53381.4
68854.5
37626.8
59610.9
13446.9
22250.7
54207.4
85049
62305.9
48558.6
22396.7
61441
104861
24190.9
29046.4
40836.1
59438.7
30900.5
47271.6
44763.2
50435.2
37340.9
97977.6
37920.4
34013.2
32362.3
61531.9
92236.7
43247
56632.6
68955.2
34358
85420.4
28467.2
50933.5
52807.5
43061.2
24528.1
150204
71085.4
