7483721
590507
403444
408515
692185
2.4764e+06
1.81283e+06
643680
463926
443441
1.1081e+06
236141
148253
28606.4
267867
2.92229e+06
1.22492e+06
244700
181652
172082
989578
352248
268098
147208
434945
855380
896511
165221
56027.3
257150
575962
128844
207061
354467
298531
550800
794642
358545
122680
22031.1
425349
207573
221038
135674
490943
575158
237013
546418
135540
129841
117235
115966
91083.9
204987
78026.6
124816
419756
296931
426412
74706.5
58887.8
176768
103861
63895.6
292194
355318
70838.8
191847
266187
82543.1
188730
187160
195113
87336.2
119219
113621
210429
177788
106540
138484
79694.1
185306
86820.3
115556
161927
77271.2
149781
166653
135456
183322
165608
80477.4
176352
86452.1
69037.1
175917
139321
156702
45004.7
142020
184814
117575
57017.3
53074.5
224307
170270
169344
264730
117650
97885.8
172113
67782.1
133728
84455.4
24671.6
57593.9
59815.9
261339
57001.9
167880
121719
120922
94405.2
107904
97490.8
152859
126448
120214
118157
59574.3
164510
157000
24380.4
48084.7
83800.7
112395
23679.5
99774.6
94021.4
142643
58111.3
162064
156515
42541.8
172604
153163
70919.9
76999.2
18595.5
77500.9
97098.1
112785
35195.8
47408.6
141473
60274.5
83657.7
81227.1
86062.5
51514
22270
165201
48233.4
36976.6
143960
95827.1
48191.7
109736
107166
146673
49932.5
67480.5
152414
82593.7
80354.3
54104.7
44634.7
94683.7
65912.9
73289.3
63957.6
71287.1
100826
101841
89996.6
38281.6
92530.5
53089.6
53998.2
85675.8
125608
79348
40303.7
78398.1
68764.7
47350.1
95879.4
81820.7
89298.8
28016.7
85327.3
180924
146286
65789.9
66111.1
87895.4
37177
98694.3
46175.4
50947.2
71224.9
148872
65628.4
44085
102326
46328.8
59703.5
100606
155584
89461.1
12204.1
34498.6
114366
17889.6
23440
115321
75060.8
52746
86469.7
61955.4
96576.3
68505.8
195546
41765.9
7873.27
72718.1
117153
100067
37198.5
76133
30725.3
32748.3
26203.3
54005.9
83867.6
39089.7
48858
51136.8
101399
57304.4
132838
103795
82860.1
85874.7
21326
73077.4
