8241675
261413
292990
750427
515528
4.3237e+06
299183
714103
540897
69477.6
563003
109272
357446
110271
279840
1.16173e+06
836740
1.01894e+06
256913
348644
315621
321467
373991
147696
489031
357908
261596
613212
123109
187272
302510
584500
189402
170559
301456
166233
164454
689929
266843
436769
145644
274618
541478
218194
183026
135253
321534
442297
213736
180539
252251
85854.2
243322
310450
149197
196601
81410.7
450526
66146.3
364835
194224
212151
142909
231051
293145
67380
128042
283768
410949
313467
41362.7
260041
159870
149325
85044.6
75980.9
73232.9
145784
306395
330534
158784
234553
144361
234590
149435
133464
59230.8
89148.6
52986.3
197974
209866
216719
40781.6
68936.9
222187
106423
132246
89163.8
219370
105939
155497
207529
178399
140462
98661.5
232470
52361.4
193044
101303
149824
222060
95810.9
48827.4
263066
80054.8
44998.3
192188
64451.5
70192.7
304812
182406
40429.9
81775.7
130641
36241.4
36978.6
120814
195597
33691.4
17736.1
173580
71006
193004
115912
89395.8
159634
67788.2
41060.9
93276.5
113293
71669.3
146387
38509
116230
128359
47371
35053.2
100091
175465
138756
58106.7
132652
59579.7
35980.8
52722.5
131828
55627.5
23309.4
22752.2
80040.4
171654
159819
98319.6
77404.8
45312
171841
99789
57468.8
47347.1
39283.7
101658
114156
49110.4
108224
11767.4
99056.4
14155
163096
138458
19269.3
77976.3
100434
135689
59265.8
40287.9
63732.6
83639.8
105015
16919.4
44460.5
101722
37623.2
15337.8
119676
24508.8
66779.5
48673.7
78958.2
57225.1
110112
59145.1
48880.6
132450
59982.4
30098
34271.9
28125.3
44121.1
121879
76498.2
57906.3
80581.1
56242.1
66346.7
56397.2
76356.4
63467.1
97507.9
73346.9
118781
13953.6
74058.7
42775.6
78894.4
57138.1
54823.6
47047.6
99776.7
100161
135877
109589
69123.9
33025.3
19126
105514
45811.6
37949.7
92497.6
117699
75795.6
38137.6
40913.9
42631.1
90560.1
53691
51972.7
101835
59554.5
55056.1
118742
100024
135137
127134
45571.7
61673.7
103149
