8817045
358279
1.22547e+06
380559
1.89725e+06
630104
810825
1.57481e+06
691431
2.05016e+06
706148
1.14092e+06
996324
2.8779e+06
209360
1.03923e+06
160876
479511
285890
461248
411550
213489
570718
416273
208684
527131
387953
242151
642853
479747
672319
878357
437855
353974
631302
128090
270567
646171
183200
183743
365347
96707
291031
417563
437823
287492
329257
395669
217273
57512.8
100095
94129.2
88938.9
265161
171349
268214
162199
100215
260031
90366.7
124954
314715
136915
320738
267699
262218
291620
42738
129170
106211
226725
208622
120172
170834
26323.2
163664
171028
253103
108841
50926.6
223021
154425
199320
113372
206825
59327.7
62470.6
115117
320980
84084.3
169616
208246
162894
111691
155891
107826
169603
140118
135678
170558
107614
186723
254857
107363
47568
181030
126885
44378.4
39758.9
116415
157758
41425.2
125095
93115.3
172467
190046
201866
25269.2
187070
29904.5
74303.1
74223.7
72242.8
200067
123073
117081
18377.5
73833.3
32667.2
35595.5
39943.5
137845
208528
158715
143937
97981.6
50991.2
62044.3
119396
226053
98038.5
124142
21449.8
13890.8
39147.4
41045.9
65644.1
88630.6
151428
67372.7
131109
71657.4
115435
155386
110213
79431.9
209007
89524.7
62413.7
92692.3
91262.6
107035
152041
94059.1
47769.7
23345.2
170236
47737.4
53117.9
146752
55847.7
36558.4
66748
129008
48852.6
52767
21525.2
89101.2
95730.5
55218.4
131948
30051.9
80792.7
94084.5
115746
3896.42
90002.5
102183
38839.8
91210.9
75352.7
134985
43260.1
85406.3
17337.5
43482
55733.9
70760.7
117093
67325.9
74109.4
66115.4
122391
105288
69494
75685
117887
48670.1
94817.3
82322.7
75015.3
85939.7
82019
150335
107848
83852.9
32095.1
75939.9
123837
55161.9
92977.6
34621.5
26866.7
86219.2
89988
129405
36104.5
49741.2
127469
28589.6
64508.1
57565.5
105677
18488.7
79848.7
157699
86818.1
61319.4
27379.2
40035.9
86572.5
22426.2
117416
36317.4
39936.4
30516.1
47215.7
64501.4
21794.3
81093.7
15194.9
117040
70633.7
41479.5
52622
130522
