13990478
134517
141494
153187
164054
519648
2.12966e+06
1.13542e+06
503895
322761
254749
455201
1.02419e+06
1.84118e+06
459512
235382
145809
192862
146183
1.68165e+06
108613
64900.1
106356
80567.9
186653
915215
487123
242581
255836
178340
180916
253218
451671
181289
186899
113177
82970.2
32225.7
49335.4
54842.9
33134.1
62961.4
57825.9
67443.5
334574
142914
88087
28483.7
72128.2
65760.9
253710
481752
141903
71018.4
44338.3
69262.4
53651.7
600758
58262.3
72476.8
24208.2
73586.6
66534.1
374565
172075
82744.3
124753
53786.1
85298.1
74921.3
236376
131935
177201
89976.1
94990.7
68415.7
77829.8
85629.1
78904.3
65138.8
29043.9
48172.9
208480
53573.5
50574
61155.3
95643
78928.6
188777
242386
94152.1
2066.9
67122.4
19209.2
13740.4
366592
55958.7
58265.5
37769
87205.7
67471.8
260856
77620.9
36985.7
69216.6
21293.4
34548
28472.9
151552
86315.1
144479
68323.4
105481
77471.9
85769.2
88218.7
108845
55035.3
45716.3
10133.4
142189
42572.8
34580.1
63415.9
86245.1
79987.6
164087
135539
65464.1
43887.5
96634.9
22264.5
40984
242069
40585.3
30699.5
57938.8
73189.7
62292.8
204623
25420.3
38101.5
45259.7
59533.1
15594.6
54273.6
86108.5
40827.9
116186
31274.3
87660.1
80048.8
74102.2
84973.6
122036
48436.5
76746.7
36134.6
97451.1
61003.6
53678.1
41801.2
60331.3
58001.2
137467
86724.9
50201.8
60253.7
98136.2
46059.9
63539.5
156369
35789.9
23034.4
70679.2
39838.6
49464.5
155604
7143.73
33625.9
52503.1
68841.8
33186.5
70472.6
42524
6936.46
77610.1
29258.4
58659.5
79750.4
55102
58989.1
110275
33545.6
90788
65753.6
70892.4
66107.4
79470.3
22003.3
61936.7
28696.4
103511
73436
43302.2
55107
85920
52707.3
73008
100958
32672
47756.1
78124.7
6277.69
35313.1
101788
18976.7
22608.6
63049.2
61378.4
41255.8
65410.3
20862.9
12888
71772.5
48757.7
28566.5
74370.9
42643.7
35089.6
91442.6
24300.1
81409.6
77902.2
60607.4
57055.1
89067.4
4053.01
79676.4
34164.8
72049.5
72029.1
60160.4
33011.8
77246.9
37253.4
57286
78326.8
24330.3
56031.7
75178.1
12604.2
27929.9
66276
32409.7
39445.1
