5899075
525256
1.22417e+06
2.08396e+06
261006
2.4614e+06
1.12787e+06
927110
1.77238e+06
626317
1.31997e+06
894537
1.36501e+06
838450
277210
713899
557796
728710
426315
738150
565116
317642
318856
736468
386157
566599
343864
124513
421374
297099
61191
396952
356552
327446
48779.7
381974
590923
120779
420107
170093
166639
18875.7
215301
216675
130113
459201
272689
121493
329318
183944
48156.2
88852.1
154623
170016
150095
105297
58926.8
34159.6
97467.4
186224
154846
156462
255147
58483
148034
180570
62532.1
106694
219339
47150.3
18338
227803
39100.8
50790.8
121399
124237
66139.2
147072
136717
212404
118539
181957
120492
152079
154326
159639
45463.2
54241.5
130767
86124.2
145508
146212
102092
72049.3
160712
12621.5
123409
175367
68802.9
24383.5
49572.2
126769
183690
136504
154176
140663
47348.3
59780.4
83939
88727.2
88204.5
43927
72573.7
35558.1
87780.9
9751.01
42963.6
28299.5
160251
71383.2
126962
129866
57884.7
59634.4
33488.7
58899.2
75905.8
75549.3
118113
36606.7
77423.9
99833.9
36866.7
133039
23714.9
15489.1
121938
38267.9
62542.4
106789
72619.3
149332
57629
52046.8
86474.9
62528.3
88314.9
30204.7
21133.1
97208.3
89642.2
130772
126737
39795.8
44762.9
24943.7
38621.4
43900.7
66553.2
181488
9991.45
72010.5
31386.2
24814
120704
35491.1
39458.8
74640.8
47939.9
77107.6
25876.1
50400.2
72127.6
65682.5
130319
14607.6
130449
36796.8
99673.5
18219.2
54127
43621.5
56112
54869.6
8967.23
44860.1
56172.6
60386.6
45728.6
71299.6
27914
51986.1
66457.4
67729.3
34339.9
79916.1
96661.3
118720
70407.6
68476.7
62531.1
58705.6
62209.2
105849
32287.7
60546.3
47725.9
75178.8
23678.4
34205.8
71859.7
33258.9
90371.1
8710.29
25989.2
99272
63476.5
3568.62
44759.2
58418.8
130122
23771.3
59626
66301.1
75719
78774.1
24385
66273.6
56214.9
74933
15362.8
69154.9
83740.1
55115
54816.8
95480.6
14457.1
72163
45300.9
24063.2
66163
33820.8
27321.8
73042.4
67186.9
32604
85707.4
87226.1
37329.7
19451.9
35129.7
17250
83911.8
71592.8
95070.6
67373.5
