7349524
621547
730873
617760
1.70293e+06
2.51367e+06
861295
510327
654542
2.54537e+06
255277
474646
19274.6
942207
822276
94844.2
204109
654137
1.07168e+06
737045
169911
126302
565072
648433
596852
223561
103836
373736
295097
284351
288671
729787
723679
240327
150774
288199
622091
190339
108335
214472
332197
135501
218694
148671
97310.4
415269
17822.6
102583
300137
61632.6
390690
260663
220486
53371.2
237574
131259
163813
196603
227018
204832
145478
155891
503855
315333
289160
131035
261384
33501.4
190556
160848
19842.1
129918
128816
295694
90682.6
127921
280554
334519
160770
90945.5
112349
164576
206457
100022
157129
99623.1
217862
125573
199048
67754.3
114608
93279.6
161175
80022.1
157685
203232
82946.4
97141
303839
73772.4
130177
25417.5
207056
93412.6
84513
125736
43895.3
27002.6
114990
19585.7
119782
43291.3
165778
122773
163679
105193
83602.7
174443
84411.7
106787
136100
44874.7
67555.4
145926
82008.9
78002.9
41650.8
169990
98769.9
83709.2
154066
96418.2
38908
112377
90695.9
1227.83
78633.7
136774
102157
16077.5
19649.5
130274
116340
42176.1
107987
6586.06
30997.4
153036
25828.6
66729
85159.8
25866.7
77152.6
64886.3
40038.5
115117
55474.5
51643.9
75705.7
72517
28052.7
107681
44543.7
23714.2
102259
80404.1
101424
57273.4
115147
155652
66562.5
90665.5
83722.6
56046.2
120189
40132
7073.26
31085
33724.6
24986.7
74569.7
39102.1
118153
113043
41375.5
70675.8
51363.8
126610
74944.3
84776.2
21493.8
94645.7
96322.4
32566
116738
75334.9
71209.3
46491.7
56365.4
40668.5
109012
48000.1
37568.8
80750.2
65737.5
32432.8
12010.3
110901
93715.6
67329.6
58050.9
73454.4
37624.9
116342
129736
77170.8
14280.1
56744
167336
23825
96304
24031.1
52412.5
11197.7
98330.9
34986.1
76978.9
134651
23875.6
62987
8918.93
83074.8
123212
105131
59209.1
52321.5
118368
49788.8
38157.6
85846.3
51163.3
41614.6
59924.5
18687.7
17570.7
47921
62407.7
114562
90037.2
113166
151203
31080.8
100138
10112.6
70380
34274.1
