7538693
372518
549682
148831
98783.2
577867
1.00488e+06
1.22836e+06
841451
480199
787370
259186
1.03982e+06
1.13223e+06
1.12473e+06
715400
505591
306651
496626
147668
3.40732e+06
845056
647245
258552
487632
451583
263756
788206
191994
146306
514814
295337
362243
424878
958077
520643
291416
83459.5
276453
180699
112214
371671
317110
164057
272837
607165
364608
322375
238357
154101
226931
256907
435566
105340
630455
445676
139514
142257
167484
68466.3
128877
60308.9
337893
325996
39721.8
145150
134796
749801
130894
123576
90521.8
186598
314157
199823
303451
225606
280547
159011
322805
174267
73327.4
410591
165212
126689
162811
80898.3
194320
293311
66621.1
174899
254650
157293
223618
126930
139050
214889
134680
146294
150280
155718
206713
209350
25442.7
146679
195928
198628
59762.4
31041.6
387989
183625
66588.9
220774
82972.1
125770
160388
319563
122970
164579
49708.6
362736
18577.4
251364
66572.6
72971.7
45731.8
199733
99602.9
78746.3
104328
136347
9001.52
120116
164845
100341
114975
107465
188868
84162
112086
137180
183504
99027.4
84281.5
85602
35853.6
73392.3
66708.9
8304.98
158940
157816
42887.3
292817
82506.7
57631
95105.5
255034
135471
4384.21
124231
81131.5
192489
117855
42064.9
148386
64140.4
43513.4
112869
128466
182942
224259
77990.1
130841
121116
60411.5
44528.4
71340.6
102777
91176.6
129544
80573.4
80762.9
58933.5
155976
91032
57524.9
289928
107145
80457.3
126951
42975.2
94062.2
50838.1
102543
27031.1
125123
153605
108703
79242.7
96722.7
199197
120014
84708.7
181199
170637
58482.4
66192.5
106298
24295.4
85848.5
153932
21184.6
46075
105246
62741.1
165231
22955
188876
90243.2
99791
63100.1
69732.1
101941
119660
47933.3
94874.5
45011.6
80959.6
185976
34314.4
103109
122721
129240
62319.8
32286.9
133447
16556
69390.4
100837
139272
127874
179934
116668
145879
100512
24340.6
114254
49624.6
76244.4
18031.2
134403
168061
101250
42659.5
86535.1
121162
68848
