7290096
1.04191e+06
1.66783e+06
3.16183e+06
705793
2.0238e+06
1.13678e+06
1.18577e+06
1.01699e+06
772267
1.45214e+06
453763
673481
968854
303146
472105
889808
353548
411296
296769
129513
357948
426705
305974
326805
535483
432517
307825
178287
240387
373614
328137
505085
496008
321001
114494
408962
380321
134621
144524
172695
121228
315987
64692.5
122992
266440
124769
197656
231464
449198
211359
137314
236714
189934
175739
194333
147196
127725
199860
99454.6
149907
42731.9
190539
50545.1
81162.9
137909
58749
111097
105109
250460
119013
97695.7
167017
84024.2
144154
93332.9
75961.5
41287.8
169380
93558.6
15636.4
58032.8
64848.6
134261
19364.4
49449
118447
89664.3
144573
42066.6
36744.7
209784
99397.4
60950.4
76583.4
137793
48780.6
68444.2
143280
15448.8
35375.6
26097.1
105717
46921.3
198051
136865
52991.1
87152.4
73763.8
26801.8
77158
115028
75053.9
78182.3
97771
211293
14772
62000.5
62127.4
69547.6
109042
101427
125989
62709.6
102986
67105
67083.6
36005.2
65564
105583
12528.9
116318
111044
38001.1
133431
43043.6
84155.7
93707.3
43191
64041.2
75587.2
50984.1
86656.5
104637
54584.9
34894.7
62557.5
68617.1
44303.5
34353.3
101258
55547.3
40039
80673.3
58491.4
69003.1
64437.8
108034
20249
52661.2
23028.1
71165.4
25831.7
41766.8
101036
35379.3
57680.7
75154.6
33588.3
50445.2
70894.1
78390
52073.4
68545.8
68004
85655.9
69682.9
101742
38754.9
28503
19799.8
46345.9
8796.39
22935.5
91526.2
85373.6
118274
52386.7
94519.3
65507.6
19407.1
50858.7
38301.2
30952
76779.1
51526.4
111764
57072.8
39943.7
21564.9
16554.2
85870.6
93558.8
58942
42361.5
93836.6
33936.2
86664.3
30420.4
76768.6
3678.65
81719.4
23292.7
63633.9
58682.6
37382
47398.8
81563.4
31871.3
81147.8
10480.2
33577.3
90687.7
54013.5
57774.3
22965.2
68141.6
16439.1
113063
5108.48
35047.7
49075.7
53770.8
49238.7
45628.5
29402.8
37799.6
51730.4
103069
46004.4
18572.2
30432.1
33200.7
98658.8
68589.1
75988.6
49910.7
41866.5
67267.3
23466.5
42326
58283.3
46089.8
48341.2
28734.5
87749.3
