7902008
275113
601809
1.02452e+06
1.44287e+06
669309
749161
1.36917e+06
785497
1.46803e+06
947179
448731
1.00279e+06
2.52927e+06
634548
442952
391272
2.1329e+06
37233.2
352478
876371
210804
59650.2
517884
396675
478489
221368
692740
565816
461254
607213
414823
188634
919777
119093
161905
214863
536718
267017
485345
459829
270841
188498
400265
235557
161406
318907
260124
105837
105823
407605
277323
146597
167396
229629
51600.5
399365
41470.8
517448
343128
207978
157564
131161
275562
193836
171721
172991
157257
185758
266582
92136.3
237430
151325
211869
129970
56814.3
119579
143660
67495.1
138724
380057
181836
95657.2
37751.2
257146
164079
303869
255158
130926
188831
79807.4
103433
71789.1
114944
93632.7
144353
98062.6
162068
35276.3
126378
269375
149046
153419
186240
114932
145194
85489.1
167319
141005
194582
129689
129530
104315
68851.6
225018
92477.6
182684
16247
46686.8
16317.5
51638.2
55205.5
180265
72012.1
32504.1
108897
125503
152688
103933
81581.3
183987
159905
97113.3
73400.7
30286.9
113440
150770
141315
145153
83401.9
57180.4
38310.8
115644
89490.7
120854
101768
47355
93818.4
23351.2
21388.8
21714
87503.2
77997.2
122037
160325
81102.1
122761
180280
49703.3
131754
9143.61
94974.6
152661
98600.1
62930.1
60377.9
81582.5
46338.4
173280
98940.5
179672
85774
119306
44717.9
73418.8
69754.2
83267.5
168414
28261.6
50303.6
57498.6
75700.1
10133.9
104960
208391
47081.7
66438.6
55034.7
32206
86468.6
20592.6
65510.8
59367.7
141185
93584.7
17452.1
75145
113107
77790.3
77582.8
146801
91411
56523.2
122156
31438.8
88868.4
178383
30776.4
67468.9
141168
109504
130559
99635.2
69067.3
56522.8
75755.2
61390.2
40684.5
49401.2
124084
67377.4
35964.8
49689.8
87356.6
13966.6
75534.8
145399
47804.3
82420.5
71648.2
84246.2
43882.9
51669.6
91218.2
126058
12881.6
79600.2
55372.6
68267.7
102553
78555.9
61184.1
144622
73848.9
62546.1
30032.3
71869.3
87729.5
84531.3
60073.9
31134.1
27610.6
59382.9
140920
20567.1
88193.2
