6453682
558657
253995
3.05545e+06
952499
2.07791e+06
1.17018e+06
1.12312e+06
1.58338e+06
387585
1.38198e+06
740037
1.4095e+06
1.68979e+06
657766
194627
567710
279819
571261
153182
180286
209874
241654
121917
159631
517720
489650
491434
340202
279619
142182
316284
260890
67919.8
76536.4
296220
459485
301507
150843
253427
302955
195283
146404
294522
91824.6
120376
175543
336770
64463.3
193793
193183
231632
232386
140645
196429
126009
78434
228753
74136.3
110518
132643
133395
62837.9
139024
209268
227023
102271
30261.1
209104
75013.4
95525.7
161070
69896.3
68959.4
265255
70461.9
113136
162955
79494.9
86487.3
154140
161215
116785
42645.9
47466.8
37488.8
125626
75991.2
135017
67776.5
112973
46857.1
234180
19091.9
35090.4
129886
30717.2
46597.3
19542.9
57281.9
131294
71113.2
54028.1
221437
118150
104300
12947.8
70128.4
105109
63624.1
123955
43541.5
46479.4
183265
12761.5
55361.9
18274.9
25464.2
60768
61138.4
29647.2
115152
50031.9
17739
24549.9
123652
93058.8
182295
92669.5
61239.4
81381.1
71191.5
69220.2
59955.3
57444.9
62011.7
75968.9
80099.9
45800.9
41359.6
26985.8
52011.2
89299.3
44818.2
87513.1
110530
95467.7
107972
112449
47405.8
43539.2
56747.9
126289
22943
47198.7
26704.7
30281.9
63057.9
20854
47654.1
75105.1
67393.4
11540.6
10627.9
128117
34619.8
87729.8
78081.3
58867.7
34268.5
105322
99384.1
80998.6
67457.6
82541.7
12377.9
41519.8
56713.9
41237.5
29980.3
49952.2
89711.5
93177.9
22842.4
20508.4
74695.1
45994.8
23779.5
66925.5
41000.4
65348.6
83608.4
82886.3
27407.5
55714.4
80447.3
64384.6
51424.9
29763.2
26883.7
101187
62520.1
33419.8
111536
42960.7
28838.9
26197
69887.6
35004.9
98243.9
29619.2
29864.7
58637.8
100116
21464.2
29816
9116.69
39909.8
30407.5
39928.4
76355.8
69034.3
27668.8
25825.7
35811.2
116428
29152.8
110016
65506.1
18260.4
57308.4
103838
33611.1
7590.53
71781.8
47794.1
66597.6
27660.7
43434
32799.8
11177.8
39497.1
76928.2
26339.3
47572.4
53849.8
67025.7
48601.1
93038.3
53013.8
49538.3
42951.1
107199
31173
63946.4
25705.6
