8131920
300069
790588
1.16536e+06
655098
4.73096e+06
543925
874261
1.07689e+06
506630
266842
68230.1
462365
1.081e+06
500632
430068
281994
462181
978647
426876
240012
130783
240606
598664
202789
506986
57663
348868
466255
178184
115632
67554.8
108765
224938
72629.7
492095
280292
339283
197923
217940
45035.7
120069
132657
102059
214244
308602
269077
111764
395500
204446
13344.5
84963.7
159759
133138
145658
124519
79895.1
134284
277553
51060.5
110516
143332
161011
233136
15216.2
159561
53708
201185
98534.7
122754
128076
223038
154535
155942
71474.5
208627
117253
108105
96048.4
67667.3
89575.7
139415
64682.6
74733.3
176402
75342.2
170553
41798.6
126240
62121.1
100384
44346.3
12326.1
137853
203017
109541
130760
107419
150807
83366.9
77887.8
113979
17057.7
71224.7
110837
129478
9831.03
136762
96452.3
91704.2
21385.5
77061.8
80274.7
84240.2
116623
62462.7
96855.3
98027.1
118708
107785
12957.5
46861.5
100027
114527
184166
60171.1
85439.4
45440.2
103524
46686.3
25997.9
58211.9
27465.6
59975.9
125218
18199.2
73456.9
164942
58566.2
59454
19770.5
64545.6
41175.1
62090.4
21258.2
69780.2
75777.9
171255
122291
90810.1
23957.4
54502
51096.4
60816.8
58373.4
108534
15587.7
77849.6
84458.2
63938
71047
26472.5
63340.4
27160.6
86345.9
62539.6
79485.5
62598.1
66970.6
73860.6
67287
106615
66745.9
64900.5
79229
15660.8
74243.8
96769.3
100254
23725.9
57826.5
98658
38611.4
59538.9
8284.84
29444.6
17186
79466.1
54940.4
69092.5
90595.3
22090.9
63459
62543.9
82399.6
55551.7
72307.8
51829.7
43548.2
94640.1
69377.4
39035.8
33018.7
42005
100995
71373.8
67052.1
17402.7
77043.2
48131.1
5797.35
38351.1
55536.1
80978.8
33817.1
51344.3
26702
59652.1
75739.8
23756.3
28707.1
44433.7
88652.5
93583.1
37682.5
20881.7
36033.3
42343.7
76169
42007.5
36002.9
59673.7
39951.1
67277.6
51923.2
31948
104054
20462.5
23573.8
24316.8
46644.4
30918.7
34166.7
58158.6
60969.4
27688.4
106214
52957.7
49371.4
5404.81
38572.6
28824.7
49170.9
44595.1
80204.4
28606.3
