6343572
457277
725767
1.01077e+06
700585
3.90539e+06
935249
110645
741408
366196
603258
528725
186127
1.42765e+06
285992
1.33588e+06
296049
738197
736939
226609
570065
276731
606941
388850
198586
99443.3
90070.4
329026
228445
170097
177350
297720
80455.1
680389
300598
254992
453426
360172
443404
231545
91520.2
220702
293922
195090
124306
263409
128127
156265
109286
281044
183399
190104
146927
162845
251458
290747
195454
221393
156405
284006
307075
40573.2
184494
177609
149973
53269.3
98632.2
247298
157047
104696
102971
243412
127699
160773
150070
209607
189685
107432
255919
142757
109788
83143.6
83667
27956.2
152311
70275.1
64587.7
185828
88305.2
125586
147922
64936.2
245047
83758.7
46677.6
119866
158807
26343.9
97865.4
102939
50681.1
97405.1
98332.2
18382.6
22542.2
100011
55232.9
78229.7
83041.7
103240
204734
95395.4
165638
147445
74828.2
78448.8
171825
149310
54306.1
94366.4
124240
100730
48568.4
113320
66152.4
43156.3
88123.1
44047.5
103584
59268.1
118949
121967
71486.3
106824
59168.9
92001.7
75017.1
150275
94253
76173.1
13336.1
72909.1
186282
67482.4
88101.9
21157.7
33643.5
73367.4
100727
8732.51
132496
92633
65785.3
144106
47420
143531
50412.7
23256.9
114135
72265.3
100877
36146.6
32852.8
80468.2
115373
40430.8
63702.4
51723.5
145517
33376.9
104330
105350
70586.7
171012
42264.7
72678.7
72463.9
45422.2
54660.4
64979.9
60776.8
32755.9
65459.8
30567.2
90231.8
55892
54989.8
48268
67757.6
63761.6
27225.1
79165.9
55355.8
132715
48743.1
60582.4
70864
20609.5
76840.3
22180.8
71261.8
72552.6
42090.9
27316.5
46456.1
83004.3
83826.6
47502.8
102419
43833.8
28273.5
73993.5
20569.4
110353
100702
72780.7
57852.8
54711.2
48887.4
9734.62
60001.2
37025.5
90168.4
73000.9
87931.7
42004.5
56962.9
39842
68884
33717.3
28442.7
52355.8
30977.8
48615.6
110991
20898.7
37034.1
6889.08
8102.96
51570.1
29237.8
39963.5
105168
122782
25336.9
57601.2
80448.8
102480
117741
12731
84404.7
90531.4
50828.4
25617.8
2017.71
17115.8
