6012320
661085
449980
440512
1.29255e+06
2.45276e+06
1.20514e+06
789962
1.10797e+06
2.86378e+06
522936
307058
58409.2
315230
36491.3
334585
210146
161417
494432
466186
415260
462721
1.02427e+06
847203
327716
175075
258279
210698
297281
210258
232860
494453
554431
353213
148646
251320
769608
162803
162360
223617
245140
107765
438959
156277
170621
492802
132295
60152.5
113542
376049
264378
284877
42857.5
235940
218713
156350
239629
208158
300585
175232
68504.8
81899.2
394857
160931
53908.1
142836
65537.1
68358
265620
168884
63220.4
71686.7
179002
247307
22235.9
148226
257404
185054
96602.1
125323
104169
226689
145702
118326
52120.7
194254
63949.7
199544
80484.1
152313
109292
237285
116618
91009.7
81655.4
255266
31116
59532.1
96508.7
100028
131866
175170
186521
69892.5
194280
175593
73388.5
52275.9
21332
149592
43557.6
29774.5
21884.9
126679
201774
67802.1
126208
168036
66533.1
102242
28333
112923
21583.6
32950.6
72346.7
28661.8
73069.1
157492
183456
20887.8
3704.32
95404.3
95394.4
50930.6
52859
74108.2
27571.8
9030.83
45815.2
57863.7
69061
75336.7
154592
58036.7
65128.2
92292.9
132944
90207.2
14951.6
33107.7
75037
46751.8
68597.1
32107.4
56402.9
115821
86440.9
104017
56962.7
104104
71000
71672.4
88639.4
39846.6
117109
49451.7
43199.7
133530
69661.3
69204.1
45642.1
107485
71681.6
135843
40709
67600.3
73965.2
81293.8
92304.9
62812.3
66645.4
76330
50971.3
24724.8
66019.5
68085.7
106737
116850
131506
61788.4
44587.1
51056.7
46229
53198.1
62927.1
25791.6
66238.8
59278
102673
125068
58988.6
21443.1
114812
57274
11848.8
63148.8
52040
65585.4
63776.3
1198.78
75028.8
134073
51721.6
73151.5
98679.3
55456.8
54273.2
23972
108640
63050
122934
30333.5
29982.9
50091.3
31348.5
93183.4
22393.5
69300.3
99695.2
40616.8
37138.5
5486.56
156393
68943.6
106634
12658.6
87127.7
32563.8
30588.5
41637.4
86098.8
85413.6
77013.6
22576
41771.3
32913.4
70992.1
129351
38614.8
83544.1
91015
73377.6
17033.9
16087.8
98942.1
63718.8
