5811472
190993
1.30444e+06
1.32912e+06
544853
3.71496e+06
172806
359060
532150
484718
764946
582291
891502
1.2112e+06
177224
1.15198e+06
630418
354919
752399
548345
542773
373304
287198
503888
101567
297423
59165.5
359484
204068
368817
192186
170447
340634
344326
233237
166619
464424
159674
279678
255195
155612
598486
359816
153382
26168.7
306263
372845
407178
66241.8
208156
196163
284628
239536
168747
113562
115215
256929
93196.7
199723
236950
61249.6
264335
116059
77389.2
101458
242973
314717
129680
38357.1
144962
199874
281779
106486
197711
104038
129269
217001
154666
256998
92954.9
144063
66583.9
102210
87466.2
68916.8
88297.5
88884.4
95776.7
7017.01
61823.8
154044
137184
70211.5
140617
18290.9
115642
82388.5
72653.2
238182
200112
44550.4
81719.7
38496.9
136451
186278
110419
57671.3
38958.1
61915.4
49638.2
43035.4
62020.2
119855
6482.26
58880.7
127816
92797.1
92847.2
57223.3
122223
155987
75589.1
105070
103340
110001
108656
87676.8
53531.9
118047
74311
77046.9
78687.7
144878
48780
86190
123423
138077
133664
23964.3
13451.8
150547
101043
116103
20850.8
14231.6
100099
66330
122433
95076.7
69217.5
102597
78495.2
154931
113267
23955.5
54588.9
68484.4
135110
69355.1
106471
93704.9
38302.6
108900
31669.4
154516
83538.5
47295.8
106056
81166.8
88216.3
77422.8
23382.6
84449.2
110735
89353.9
50483.3
8840.43
85148.9
60237.6
25649.9
32658.3
51139
142490
7828.68
128647
40725.1
25876.6
122674
24421.7
43018.1
66666.9
46984.2
98866.7
72733.3
53016.5
61435.2
13142
46490.9
56141.6
52184.9
49704
46817.5
85722.4
4627.75
48817.6
34376.3
43415.8
100414
44171.4
50932.3
57825.9
90168.3
61518.4
53103.2
62984.6
37579.6
20179.7
63034.7
78025.5
47908.9
81547.6
52703.4
45654.6
38505.2
60658.2
52118.9
75501.2
35491
68675.9
23664.6
51270.5
83760
45962.8
76846.6
57527.7
91885.8
29621.3
73868.9
133584
68458.3
21196.9
40531.2
52756.7
72478
72023.4
50575.8
81192.6
30928.3
43697.6
33153
36858.8
32152.8
76049.4
104908
86355.9
106590
