8870071
329054
548275
423933
1.05666e+06
2.24935e+06
715528
920648
1.00076e+06
1.50584e+06
619209
301761
1.21165e+06
2.37088e+06
1.03189e+06
869550
143495
453266
338735
746701
1.63557e+06
692055
886519
287120
478319
72815.7
221223
694371
763352
413892
714606
274594
602594
441375
208514
277991
426967
612107
221352
466092
201259
508475
36276.5
345651
224716
43636.3
257515
35889.6
187689
362944
113616
187743
392987
265470
364419
94539.8
159643
299686
159381
397313
278283
44744.3
237450
212751
22070.3
114598
159944
89144.9
293071
237203
365418
83534.7
89129.2
155384
113655
192824
347849
17078.8
94247
228941
197621
125076
180854
74130.5
103485
144141
157643
253677
173755
130806
239332
180306
225405
196525
115505
110690
240317
122232
148792
224047
240563
19154.6
27428.6
254477
121571
45309.8
30005.2
159881
120664
155721
132696
45572.6
62408
90045.9
61649.6
119370
126770
106330
73572
107902
34545.5
213553
54154.8
84227.7
63510
148603
85304.3
56806.6
32647.7
129348
148176
41288.5
43036.1
76162.9
134102
126509
86966
166333
117804
66457.2
107717
153722
100647
128522
169905
29510.5
136713
195537
83378.1
114083
40453.6
15382.1
140442
123829
72005
62493.8
76513.2
126535
73727
58190.9
138427
122964
37326.1
45050.9
62213.9
134843
132712
46202.4
106581
50584.4
100512
139131
24673.7
175272
24837.7
87294.9
47220.2
83309.1
73553.5
130577
85345.8
126440
31682.4
95821.2
49454.1
95075.9
154964
45543.1
156026
37745
105693
7289.57
136056
136898
64756.4
22403
91502.1
85271.8
92867.6
98790.9
129915
39339
20615.3
53395.5
14643
59647.5
67557.4
26644.6
123909
27499.6
90680.4
76841
85555.9
118367
132355
101751
113538
135255
88219.4
178209
42056.4
33117.7
61092.4
61668.7
49908.1
90649
74978.3
116656
80459.1
52074.5
92695.8
59890.6
93427.2
81848.5
54550.2
91503.3
50744.5
53384.7
26472.4
95976.6
130897
106632
67445.7
40250
101940
15877.7
76256.7
53301.1
64382.7
34645
111184
87738.7
121934
61574.3
90983.8
79557.4
