0
14416.3
6173.77
13996.6
37822.8
156972
15780.5
9892.75
15995.4
21003.7
15721.8
12187.5
19058.7
27159.9
2365.05
9071.1
24767.4
22099.6
15003.8
9029.63
18860.5
33612.5
23173.5
29263.7
3311.12
17066.4
12297.4
14483.2
20198.3
20230.3
3457.69
24387.3
16109.8
15169.7
16906.2
7762.77
13233.9
9202.65
10598.4
15246.9
8340.62
6099.68
10111.2
7613.65
3495.94
7380.39
5184.38
7116.36
8184.76
11491.2
1101.8
7346.06
7998.41
3106
4235.07
8488.9
12445.1
5339.62
4438.78
2402.51
12564.1
7419.23
8677.07
5194.4
12264.2
7975.69
7860.04
5810.06
15254.7
2900.23
3082.03
1970.77
13107.8
9245.82
11454.7
6156.85
4256.82
1658.19
5983.35
13537
9787.8
4894.77
2001.47
7385.3
2764.95
1628.01
7494.69
3917.2
5592.01
7611
7847.42
6424.28
304.644
2598.11
3524.93
12954
8108.58
4512.27
8263.8
7342.09
4363.82
3072.14
3680.12
2741.37
1356.23
5331.34
4091.36
4434.5
6311.71
5652.03
3289.77
635.255
4280.54
3289.52
909.249
5514.4
3062.13
3364.45
2987.75
6791.26
5732.05
10242
1412.99
7568.2
1282.59
1796.43
5693.36
460.943
0
1041.01
5266.4
1701.52
8608.3
2621.14
2878.78
7740.98
3780.7
4098.47
1377.6
1681.6
3089.54
4800.1
1623.34
6867.25
1075.9
1665.04
2521.45
1752.01
5694.39
3886.95
2370.88
4279.33
1458.12
5943.13
2216.2
3052.29
400.731
4035.04
1539.94
4219.32
2712.12
2125.37
2843.62
1879.92
2384.36
3257.71
5718.96
4872.08
1752.44
4089.2
1578.01
10587
2031.94
4304.15
3049.71
3218.07
1463.67
2000.98
1494.81
415.381
1228.67
6417.34
9200.08
5152.07
4817.27
873.916
2439.12
3239.96
3042.11
6018.46
725.342
7662.95
4277.49
4522.14
4890.18
3408.47
5002.69
2700.01
813.022
1057.26
2924.92
1491.4
1796.32
4204.41
4606.8
5166.72
858.625
1590.9
1666.94
2285.21
3368.16
3633.88
1493.45
1027.82
2404.22
2205.13
2366.78
2113.17
5587.01
2754.25
1444.62
1520.2
6205.12
4764.92
2365.61
382.817
1561.08
2180.61
768.173
333.665
3656.9
1108.13
854.385
3022.52
882.388
1570.48
2335.96
3003.91
1427.36
2002.23
2478.33
7563.74
1319.02
167.943
2282.82
5797.79
1464.33
3171.18
1514.96
6430.15
3112.82
2298.31
2920.36
2110.08
2655.22
797.484
