0
14715.6
6483.09
15436.7
38456.8
176802
16994.1
10567.4
17400
23820.6
16182.6
14183.3
21390.2
31723.2
2379.8
10537.4
24874.4
22307.5
16590.7
10149.8
22940.4
39597.3
23590.2
33281
3311.12
19869.6
13189.1
15738.6
20716.6
22995.1
3511.58
27731.2
16109.8
15996.1
19845.6
8120.53
15249
10149.3
11757.6
17147.9
9021.82
6251.65
10661.5
8547.16
3495.94
8260.64
5671.29
8345.24
8184.76
12900.9
1105.35
8137.38
8116.26
3816.9
4620.18
9755.8
12961.7
5416.87
4467.04
2417.14
14625.7
8443.56
9759.83
5765.96
12264.2
8820.71
8783.11
6624.29
17734
3103.67
3161.09
1968.61
13997.8
10565.8
12553.7
7534.11
4256.82
1661.14
5988.49
15215
10853.9
5759.18
2001.47
8190.98
2764.95
1728.65
7888.58
3950.54
5635.2
8585.65
8761.49
7010.54
298.236
2627.45
4133.71
13604.9
8108.58
5208.8
9160.31
8347.88
4375.63
3275.15
3809.35
3222.05
1356.23
6045.83
4102.73
5218.66
7748.76
6441.9
3659.42
634.149
4288.7
3865.38
924.793
6417.8
3062.13
3948
3011.43
7667.01
5915.61
10963
1428.88
8519.79
1311.92
1963.47
5956.96
437.659
0
1075.68
5412.79
1853.58
8744.4
2903.42
3115.15
8298.3
3808.04
4690.75
1411.59
1987.01
3089.54
5570.44
1623.34
8004.34
1075.9
1675.22
2532.97
2035.52
6996.92
4587.6
2381.64
4872.9
1458.12
6911.64
2220.26
3294.49
400.731
4565.69
1539.94
4823.09
2712.12
2241.01
3414.58
1901.48
2384.36
3570.85
6400.09
5539.8
1752.44
4363.25
1593.55
11987.3
2037.83
4762.85
3068.69
3743.79
1463.67
2047.52
1506.4
411.428
1233.6
7904.79
10081.9
5900.36
4817.27
863.728
2439.12
3379.24
3042.11
6848.84
739.346
8527.54
4751.03
4994.88
5508.19
3825.96
5002.69
2732.36
813.022
1056.92
2924.92
1738.04
1789.97
5148.47
4798.03
5667.56
858.094
1625.77
1666.94
2707.98
3518.42
4058.26
1493.45
1029.01
2404.22
2226.43
2366.78
2299.54
6206.26
3049.78
1456.57
1531.09
7289.07
5015.05
2365.61
383.402
1582.07
2461.68
768.173
334.253
3687.2
1106.88
854.385
3429.35
912.888
1870.14
2351.7
3462.79
1437.66
2016.01
2478.33
8855.24
1313.76
169.434
2282.82
6752.75
1484.19
3594.01
1514.96
6854.5
3247.17
2616.31
2978.01
2299.62
2770.33
818.59
