6591409
90225
251425
466444
778270
4.2834e+06
599599
542489
416229
623146
556145
390869
598193
405538
741645
1.47401e+06
695185
202600
123874
726241
769786
765553
381226
374542
122407
136960
172648
322273
520416
38499.2
198587
269823
157296
481826
348571
507391
52802.2
140201
149183
374820
354640
280644
156992
285875
227044
173367
273972
242708
367386
204476
61359.8
169235
213879
137833
163924
252593
162265
103855
208684
300242
158436
227219
176175
159044
60242.6
101702
261123
307592
32613.8
114903
95442.8
267064
193082
148249
189614
219151
235257
94739.2
81498.1
280385
169902
133065
93863.1
43376.4
74839.2
28427.8
173362
139169
48558.2
119366
119474
143355
81561.8
86573.4
96140.2
126290
57094.5
88843.5
110824
266037
83028.5
75649.7
108854
93567
144872
130132
41858.7
105145
114784
45338.1
226152
23572.7
148568
169435
73074.6
206241
31805
118441
133211
117466
152628
17275.4
115671
104821
99496.8
63633
61404
59529.4
132791
24404.5
70238.1
133418
83155.7
89525.4
82403.1
64354.3
131361
192769
16926.3
101255
101444
54443.9
198178
26077.6
36478.9
32594.6
43431.9
123800
104112
48727.7
128460
128428
161102
109969
45713.5
88106.6
152466
129350
7231.26
76687.8
42646.5
91128.2
91766.1
54235.1
38281.2
75453.7
81371.6
83376.4
12877.6
104919
98664.9
153708
59369.6
29213.4
169251
71153.3
103536
26615.7
25334.5
103232
58942.1
20966.5
35640.7
62846.5
128477
54477
41515.2
48583.5
53166.2
67349
82150.3
111880
45342.8
41471.4
87148.9
103440
73770.7
36288.8
78283
14486.8
70834.4
71703.9
28033.3
79593.7
87093.5
42517.4
99865.5
32613
115463
16168.5
61578.1
8555.18
48930.3
62075.5
114786
25558.4
72737.7
41043.7
49930.9
28148.7
57834.9
85570
29920.1
52327.3
67002.9
71090.7
58239.6
83039.7
67211.5
26385.3
71563.7
13663.1
69635.7
79920
133778
32234.2
35844.9
35301.1
46018.5
38219.5
15561.1
48916.6
55558.8
19597
108044
44313.3
75037.4
46494.3
33365.4
66002.5
74864.8
77455
42717.5
97990.7
87371.9
40436.8
