11160515
432645
174834
386772
315689
628204
1.4245e+06
951920
181825
64396.5
287154
386182
1.07014e+06
3.0592e+06
541411
462574
155762
313833
323969
2.70681e+06
572626
282129
282578
287840
130426
450476
426784
226553
208323
219336
313106
350272
759876
107619
177957
93235.1
168903
227354
390155
174356
142366
119902
256400
87422
528063
325653
86612.9
127795
98956.7
206665
98799.9
917513
173604
104599
46911.6
68672.2
78320.7
387704
96078.4
151495
53812.1
111349
209741
87491.6
532185
142282
125377
130055
153209
350115
422225
31269.3
42966.4
112753
94741.4
19471
341612
135193
111383
76620
185475
108416
266152
259532
167236
44651.6
139947
47587
77845.5
162085
119066
71817.3
58292.9
94597.2
221051
174963
187959
74511.4
19148.5
79034.1
132081
271599
366833
65978.8
56942
46020.5
95253.9
35649.9
251617
81881.3
32360.8
92348.8
66736.4
68465.7
253219
45827.8
136581
30545.6
168536
100989
69222.7
41488.4
69878.5
67314.4
56104
87941.5
157438
187747
66094.1
29995.4
31759
166987
117014
148340
187143
64001.3
42466.6
39969.5
127230
39450
245124
85731.9
25837.7
48049.9
29846.3
28229.7
87370.4
37549.3
106913
29342
151306
130270
145823
152135
80086.4
49091.4
71962.3
126418
129340
93758.2
98307.4
39512.7
67600.2
111080
79541.2
192747
23577.5
71376.3
100342
126455
68246.3
102411
186822
62488.6
13856.3
78814.5
12045.6
18865.5
25406.2
88486.4
39583.1
83482.2
92456.9
147417
68864
182082
74632.6
32937.9
79523.6
91658.3
128225
63851.5
111563
70489.3
139877
33734.4
69502.4
123665
9837.85
30833.5
77057
121440
22645.8
211235
88249.3
41647.9
86434.4
112540
80395.6
49588.2
85256
66367.7
42980
23344.6
68950.2
112601
115119
121316
33634.7
105889
43382.6
62265.3
55257.6
140872
43365
64463.8
133537
15630.2
35724.8
72010.1
51860.7
59734.3
73031.3
21869.1
70438.5
179568
45109.6
58173.4
80680.7
160802
69866.9
127106
56272
42889.3
44057
76006.1
102315
27719.3
110899
80293.9
40151.4
83720.2
36379.4
48139.2
84447.5
108357
