0
14587
6434.87
15298.3
38386.6
174396
16847.4
10479
17226.1
23480.6
16136.1
13940
21110.5
31156.9
2362.33
10362.6
24767.4
22289.8
16401.9
10018.2
22425.9
38860.1
23546.3
32787.5
3311.12
19515.3
13079.4
15585.5
20678.7
22650.7
3466.24
27326.6
16109.8
15892.5
19487.3
8086.59
14998.7
10031
11611.6
16917.6
8905.29
6211.44
10595
8436.84
3495.94
8157.97
5621.13
8182.24
8184.76
12726.3
1101.8
8056.29
8031.89
3730.86
4567.86
9589.95
12845.1
5415.81
4438.78
2402.51
14369.9
8330.68
9617.95
5698.33
12264.2
8717.22
8693.65
6518.14
17422.6
3069.21
3108.09
1970.77
13903.5
10394.9
12413.9
7369.51
4256.82
1658.19
5987.99
15013
10715.9
5664.83
2001.47
8092.91
2764.95
1703.19
7848.85
3917.2
5592.01
8451.81
8659.16
6940.55
304.644
2606.19
4057.62
13509.2
8108.58
5106.73
9057.56
8228.11
4368.06
3236.22
3775.59
3167.95
1356.23
5951.19
4091.36
5121.56
7571.18
6338.53
3625.25
636.743
4280.54
3795.05
912.849
6298.93
3062.13
3863.29
2991.51
7564.25
5854.06
10876.1
1412.99
8385.71
1269.92
1933.43
5939.22
441.352
0
1072.76
5400.37
1834.61
8721.55
2856.78
3085.04
8244.67
3780.7
4619.03
1394.51
1935.06
3089.54
5458.13
1623.34
7850.1
1075.9
1664.02
2521.45
1999.76
6821.17
4498.19
2372.91
4809.87
1458.12
6790.26
2216.2
3259.75
400.731
4494.62
1539.94
4744.29
2712.12
2220.28
3363.69
1879.92
2384.36
3524.16
6326.71
5445.56
1752.44
4339.1
1587.6
11817.6
2031.94
4710.4
3049.71
3691.03
1463.67
2009.87
1494.81
413.299
1228.67
7714.5
9963.34
5796.1
4817.27
873.916
2439.12
3357.04
3042.11
6754.24
725.342
8434.56
4549.35
4938.59
5430.8
3775.62
5002.69
2718.6
813.022
1056.42
2924.92
1707.13
1796.32
5011.41
4747.33
5594
858.625
1608.93
1666.94
2668.04
3473.76
4004.54
1493.45
1027.82
2404.22
2220.38
2366.78
2264.17
6140.57
3013.69
1444.62
1520.2
7149.49
4972.35
2365.61
385.649
1563.07
2440.9
768.173
334.105
3656.9
1108.69
854.385
3369.02
887.366
1843.3
2335.96
3407.02
1427.36
2007.64
2478.33
8697.97
1319.02
167.967
2282.82
6628.56
1469.92
3533.87
1514.96
6814.56
3236.35
2565.83
2965.06
2317.63
2737.79
817.223
