0
14583.4
6449.8
15363.1
38409.4
175348
16902.2
10518.9
17288.1
23615.2
16160.2
14041.4
21220.4
31382.9
2375.51
10436.2
24767.4
22298.3
16479.4
10074.9
22626.6
39148.5
23563.7
32983.8
3311.12
19650.6
13122.1
15637.9
20701.6
22794.3
3486.47
27497.1
16109.8
15931.6
19631.3
8093.57
15100.7
10068.5
11664.2
17005.9
8945.34
6213.15
10619.8
8479.55
3495.94
8203.44
5642.18
8252.24
8184.76
12792.7
1101.8
8097.55
8062.37
3765.96
4591.08
9653.03
12882.3
5414.65
4438.78
2402.51
14467.1
8370.19
9668.75
5727.26
12264.2
8754.7
8734.05
6562.69
17553.2
3080.61
3129.06
1970.77
13948.8
10467.2
12472.8
7431.42
4256.82
1658.19
5988.49
15087.9
10771.6
5701.64
2001.47
8130.64
2764.95
1706.47
7862.34
3933.47
5602.75
8511.82
8699.3
6978.38
304.644
2608.3
4077.35
13545.4
8108.58
5147.24
9095.44
8261.55
4369.83
3253.33
3788.85
3182.94
1356.23
5983.42
4091.36
5163.6
7646.88
6379.52
3649.11
639.704
4280.54
3819.75
922.384
6359.1
3062.13
3899.52
3005.92
7602.96
5890.41
10901.5
1410.64
8452.56
1291.6
1946.71
5932.02
441.567
0
1072.87
5408.08
1842.14
8729.22
2882.11
3091.56
8264.52
3779.95
4641.88
1410.79
1958.37
3089.54
5499.07
1623.34
7909.66
1075.9
1665.04
2528.72
2009.3
6895.71
4533.79
2377.6
4838.03
1458.12
6833.37
2216.2
3281.32
400.731
4517.3
1539.94
4774.69
2712.12
2227.93
3395.38
1879.92
2384.36
3540.43
6363.4
5489.48
1752.44
4345.38
1591.04
11886.7
2031.94
4731.18
3049.71
3703.78
1463.67
2022.33
1494.81
412.64
1228.67
7784.42
10014.6
5847.49
4817.27
872.207
2439.12
3362.36
3042.11
6788.39
725.342
8478.32
4628.93
4957.39
5457.32
3790.07
5002.69
2727.41
813.022
1056.07
2924.92
1718.88
1796.32
5061.15
4770.94
5626.16
858.625
1613.98
1666.94
2679.47
3493.73
4021.21
1493.45
1027.82
2404.22
2225.47
2366.78
2269.15
6162.22
3037.88
1444.62
1520.2
7200.28
4997.27
2365.61
384.679
1559.52
2449.28
768.173
332.872
3666.55
1108.13
854.385
3396.21
897.285
1852.77
2335.96
3437.71
1430.97
2021
2478.33
8757.73
1315.32
167.869
2282.82
6680.39
1471.2
3553.19
1514.96
6825.93
3241.34
2587.97
2964.11
2296.96
2751.64
815.923
