0
14346.4
6035.01
13568.9
37626.3
150958
15389.4
9689.47
15586.2
20179.4
15553.8
11610.1
18347.4
25814.4
2365.05
8624.81
24767.4
22038.7
14523.9
8686.99
17668.6
31875.4
23034.3
28046.8
3311.12
16232.4
12011.3
14123.1
20000.6
19410.3
3457.69
23372.5
16109.8
14914.3
16052
7624.74
12620.3
8955.15
10261
14668.2
8340.62
6099.68
9948.99
7330.18
3495.94
7142.62
5020.71
6749.14
8184.76
11082.4
1101.8
7102.39
7998.41
2905.52
4081.28
8138.71
12445.1
5339.62
4438.78
2402.51
11920.9
7108.33
8374.44
4996.17
12264.2
7659.05
7584.99
5558.45
14546.4
2900.23
3082.03
1970.77
12831.2
8848.16
11105.1
5744.11
4256.82
1658.19
5988.49
13050
9780.4
4635.16
2001.47
7124.22
2764.95
1631.93
7357.76
3917.2
5592.01
7312.69
7560.81
6232
304.644
2594.96
3370.6
12724
8108.58
4322.35
8017.69
7054.85
4363.82
2997.55
3680.12
2626.06
1356.23
5088.51
4091.36
4204.54
5903.51
5415.58
3287.8
639.015
4280.54
3129.36
909.249
5256.61
3062.13
3191.16
2987.75
6475.7
5732.05
10008.2
1412.99
7258.58
1275.55
1755.01
5638.66
462.05
0
1036.98
5266.4
1641.77
8562.49
2533.22
2789.38
7551.38
3780.7
3942.28
1382
1583.46
3089.54
4546.84
1623.34
6558.14
1075.9
1664.02
2521.45
1661.43
5318.87
3676.97
2370.88
4113.04
1458.12
5676.05
2216.2
2986.6
400.731
3870.63
1539.94
4040.7
2712.12
2115.62
2696.16
1879.92
2384.36
3165.94
5518.89
4662.51
1752.44
4048.66
1578.01
10183.6
2031.94
4178.95
3049.71
3062.05
1463.67
2000.98
1494.81
413.658
1228.67
6015.49
8934.66
4921.46
4817.27
873.916
2439.12
3239.96
3042.11
5788.93
725.342
7368.67
4275.63
4376.68
4694
3249.2
5002.69
2700.01
813.022
1056.28
2924.92
1449.51
1796.32
3948.08
4606.8
4990.38
858.625
1584.32
1666.94
2136.34
3368.16
3489.94
1493.45
1027.82
2404.22
2205.13
2366.78
2113.17
5395.01
2730.55
1444.62
1520.2
5913.99
4695.37
2365.61
384.22
1561.08
2083
768.173
335.887
3656.9
1108.69
854.385
2924.7
882.388
1464.96
2335.96
2876.25
1427.36
1994.54
2478.33
7212.64
1319.02
167.943
2282.82
5532.25
1464.33
3030.56
1514.96
6306.19
3112.82
2202.53
2920.36
2047.11
2653.23
795.72
