8021116
49558.1
302300
246202
586933
4.30414e+06
526271
779010
715206
423305
1.0442e+06
408217
375957
894158
814435
617703
167889
908323
678414
895967
780255
534263
526993
663957
1.12019e+06
231755
183643
335246
286019
394908
185015
227106
380318
365052
458152
315026
366884
241262
131448
232132
71740.2
266085
114025
21678.3
131691
347337
316762
234206
305018
275930
151726
159528
75879.6
261601
287744
232542
179506
188804
141190
306609
107496
266788
89974.9
209338
223766
33685
237829
137543
50451.5
83889.4
104834
93778.3
13466.3
121167
61118.2
133102
200175
119520
165333
59418.1
96407.6
92735.1
98917.4
124252
53554.1
82989.3
194640
113924
175236
151514
65098.1
149925
111038
44528.2
73537.3
149084
239384
103417
122240
51621
68953.6
173572
50189.6
101313
212235
157098
166459
46338.1
14765.7
102368
92538.7
72218.7
73087.2
180910
169244
118210
102964
60907.6
83226.2
25794.1
70073.8
57251.8
21769.5
80781.1
120410
59569.6
63126.9
55987.1
118255
52109.7
25825.7
127873
78218.2
100315
35482.2
66008.3
83988.7
95580.1
153397
98290.7
40684.2
106063
97248.3
22329.1
7999.23
79336.3
139279
47287.2
92670.4
34105.8
40567.8
45403.2
39986.1
68390.5
94533.6
123843
142826
98120.3
72172.6
30770
96055.4
58558.7
59147.8
47495.5
70957.9
58385
115664
28955.5
24579.4
109628
70263.8
35720.8
63904.1
92403.9
104421
46808.9
44055.5
80033.5
106085
73209.6
64495.9
108665
53766.8
120939
106849
58806.9
37586.1
112950
84805.7
26774.7
20372.6
56013.3
51413.7
74535.2
60486.8
79695.2
102313
91176.6
87968.8
21047
22859.6
17886.6
15227.4
61936.6
29963.1
39772.6
102527
56071.6
29539.2
17590.8
56143.7
61129.3
45343
100260
39067.9
100243
104199
23380
105426
33366.8
84007.4
48539.6
82333.7
72236.2
14798.8
141304
48678.1
35043.7
71430.9
75137.4
52917
17363.7
28759.7
26111.2
43738.4
86403.5
40880.4
105038
41967.9
30506.5
79917.7
60701.6
72451.7
46461.9
23150.8
71741
80849.8
107359
19368.9
39896
78453.1
62225
83849
19046
67093.4
99222.1
