7963024
336029
180671
832903
382597
4.47576e+06
393173
790853
812321
325108
789785
401224
732977
769558
803168
590320
127124
888039
490957
741577
348835
439632
739351
379032
800804
421797
218228
297143
155911
496794
267156
301674
382606
264464
308296
383749
238290
353420
245887
249369
344055
73513.5
184708
153397
167610
39255.9
136929
229741
182860
344642
155269
113882
169271
172008
309496
118528
134207
67707.3
243711
384062
192689
118102
70258.2
136577
172807
85044.9
126978
222222
225263
109933
229519
124943
110289
48155.8
47621.6
40466
11114.6
200806
192150
79923.7
137357
176734
89194.5
93667.4
69870.8
66739.3
108127
38310.4
123696
137036
133630
40594.3
93594.9
85212.6
156756
70104.7
165156
13499.6
45644.3
90666.2
151493
25143.3
70975.6
126991
68307.1
37325.2
13579.7
14784.1
151947
132037
50517.4
107506
17230.4
239903
38873.2
75329.7
62938.6
50108.3
167453
52720.7
94531.3
117098
40759.2
221420
61182.8
9836.63
37963
75052.1
32434.4
33893.2
82743.9
143160
56468.8
133771
25131.4
65138.6
6726.15
75526.8
21851.6
34026.5
86683.4
80736
57797.7
118488
59242.8
11268
69429.1
87469.4
83210.9
83838.3
169504
38114.5
10031.3
110477
78476.6
70150.1
41807.8
102927
57426.1
118500
105178
26400
68187.4
30225.5
46183.2
68672.1
9971.61
59027.4
54813.6
60285.1
37465.1
42308.5
123342
25463.2
37958.6
32397.1
52557.8
85433.1
22403.7
44304.6
93779.8
93686.4
39005.2
32980.9
12085.7
85052
65228.3
68606.8
30478.8
95208.8
98517.7
130572
29050.8
21877.4
25957.1
62391.3
67407.6
39352.9
16857.7
60367.3
93797.3
98792.3
40690.2
3874.4
91650.7
12244
65900.4
111148
23488.4
48837.4
94290.6
51205.9
101217
37961.9
110368
18928.4
47901
61158.1
32509.2
22129.5
66741.3
37007.2
156437
36523.9
34797.6
22692.2
80812.9
21203.9
16353.9
29139
51708.5
51132.8
140856
53160.8
7930.8
44140.6
55359.9
49619.2
40803.8
75538
35509.6
48225.7
101961
20885.4
42449.9
56346.7
28506.1
50708.6
88976.3
105646
54377.1
41849.5
76697.3
46018.7
32050.5
40590.2
