7972681
266860
1.06155e+06
392485
766260
360621
1.72954e+06
1.70162e+06
1.87598e+06
2.44082e+06
1.08881e+06
1.41092e+06
652017
1.79398e+06
901130
616478
359112
696112
338717
365514
161710
901733
338722
439798
343355
813526
341935
544093
954877
310939
299515
444975
229925
74247.9
363028
410376
286956
532545
20275.9
117849
430168
243718
309262
26783.5
97046.9
110273
338607
234492
420200
298608
40517.9
79652.1
251926
150276
129571
158020
105682
80867
319635
251980
312092
41534.6
286528
209492
178145
58709.6
98394.9
289234
59176.9
44342.2
187997
281220
158015
92467.8
265927
92946.1
212271
65035.1
68680.5
58026.7
19381.7
70796.8
103512
198327
109794
192227
252005
71834.6
285581
56581.4
197128
116028
89190.7
154530
95904.7
20560.9
99205.5
205894
89017.2
50542.1
175379
67930.1
79018.6
106870
120264
110569
216637
168217
164646
78957.6
112089
100888
48009
60858.5
69541.1
130062
87931.1
77895.8
136502
105493
178373
144208
106255
97954.3
71171.5
61219.3
39170.4
43259.9
73339.9
108527
124997
128194
147107
106554
25296.2
51997.4
25315.2
148639
50221.4
161075
90327.8
27334.6
107131
122954
96880.3
47002.9
76703.8
50933.9
81697.4
43260.2
61552.9
31295.7
97495.4
151149
149816
153991
52680.6
31168.8
97450.1
110341
54142
9477.23
21904.9
75121.5
75515.2
26568.3
109040
160473
98193.2
124581
84979.5
55772.4
76912.4
87989.5
4886.15
122712
120256
66244.8
36057.1
44200.6
59211.3
76600.6
48835.5
74590.6
45839.1
124808
67756.6
22756.3
88403.5
91554.1
71480
147476
50691.8
92920
89645.7
92539.5
21038.4
66220.7
73547
68013.1
34485.9
90967.2
92678.8
60144.8
21626.6
77654.8
57700.2
50004.1
25502.4
118220
37940.7
29073.4
76745.1
106263
28779.7
114675
126518
32352.2
86902.8
72933.6
45216.5
49134.7
36385.1
65255.3
81370
36327.7
69599.4
76434.9
63938.2
84104.3
69421
46901.2
125584
87259.8
181150
34466.3
68646.3
80118.2
88833.6
40466.8
64410.6
76084.1
63613.7
75842
64563.8
6710.29
65207.8
83945.3
106065
31351.9
81491.8
81701
25978.1
54871.5
82624.4
29804.7
