0
14598.2
6281.13
14273.4
37941.8
160924
16016.3
10041.9
16287.8
21565.8
15807.4
12597.6
19508.9
28063.4
2365.05
9374.29
24767.4
22160.6
15321.1
9232.81
19663
34795.5
23270.9
30052.3
3311.12
17625.6
12487.1
14726.9
20316
20784.5
3457.69
25027.4
16109.8
15333.6
17485.5
7838.27
13628.2
9399.06
10807.3
15629.8
8340.62
6103.51
10204.3
7800.17
3495.94
7575.22
5284.67
7345.59
8184.76
11774.8
1101.8
7509.63
7998.41
3244.98
4313.02
8736.45
12445.1
5345.93
4438.78
2400.39
12960.8
7621.07
8892.42
5306.92
12264.2
8144.65
8077.49
5970.79
15728.1
2907.55
3082.03
1968.61
13305.1
9499.63
11682.9
6405.86
4256.82
1657.71
5983.35
13877
10011.4
5076.58
2001.47
7523.71
2764.95
1627.59
7595.35
3921.18
5592.01
7800.05
8037.94
6542.82
304.644
2601.75
3628.73
13108.9
8108.58
4660.74
8444.73
7555.81
4363.82
3116.28
3680.12
2836.82
1356.23
5487.33
4091.36
4574.46
6555.67
5813.2
3345.97
636.064
4280.54
3391.66
909.664
5691.36
3062.13
3462.05
2988.13
6973.7
5732.05
10396.3
1412.99
7763.84
1282.59
1829.74
5744.27
455.23
0
1043.5
5263.34
1732.15
8644.43
2699.51
2955.42
7870.63
3780.7
4221.69
1386.64
1732.99
3089.54
4937.45
1623.34
7081.52
1075.9
1663.01
2521.45
1793.14
5947.88
4015.66
2366.05
4413.88
1458.12
6110.48
2216.2
3083.56
400.731
4141.41
1539.94
4345.22
2712.12
2146
2959.57
1872.3
2384.36
3338.79
5870.12
4973.83
1752.44
4137.05
1578.01
10850.8
2031.94
4401.43
3049.71
3320.58
1463.67
1999.65
1494.81
413.207
1228.67
6684.43
9415.46
5298.92
4817.27
876.216
2439.12
3241.11
3042.11
6178.4
725.342
7836
4277.49
4636.76
5010.02
3486.34
5002.69
2702.62
813.022
1056.52
2924.92
1570.07
1789.97
4394.55
4606.8
5270.86
856.005
1587.48
1666.94
2377.16
3368.16
3716.64
1493.45
1022.61
2404.22
2209.23
2366.78
2112.19
5716.28
2823.96
1444.62
1531.09
6410.54
4818.08
2365.61
381.811
1561.08
2225.52
768.173
330.929
3656.9
1107.94
854.385
3097.01
882.388
1658.09
2335.96
3076.39
1427.36
2000.03
2478.33
7819.05
1319.02
168.077
2282.82
5967.91
1464.33
3286.56
1514.96
6518.87
3112.82
2380.92
2930.78
2163.67
2658.2
803.05
