8956745
236511
105262
1.00259e+06
1.89337e+06
1.09886e+06
591906
279875
2.29101e+06
832849
542678
494218
807822
2.57268e+06
717126
408974
457819
1.87537e+06
225955
356160
868283
481596
338471
238670
542285
515673
19539.9
895924
275877
303226
380257
232873
123634
607425
522124
263461
491201
321959
203280
154994
615255
238292
131412
338729
295143
159577
81662.8
371043
214366
203137
413368
140592
172061
325790
99366.3
56777.4
207802
378516
199271
335330
90430.3
174166
100843
78940.1
290868
360321
135936
122357
66227.5
109746
455424
203612
208695
79684.4
126054
130709
161485
87219.8
179831
213401
194365
93568.6
242436
10293.6
214262
105458
131996
302191
69629.6
308177
13249.9
172165
151542
83569
167371
101606
116129
52277.3
70806.9
111110
303115
13508.1
228573
98495.7
50385.1
283840
70337.7
206971
157151
57137.1
47442.6
106709
49131.1
206910
100283
30754.6
144211
67897.2
109021
123335
92854.4
233431
74394.8
128876
37246.2
156474
65126.3
19174
98138
102997
98504.3
25399.8
161114
92002.7
22212.1
155809
121057
116631
168504
61876.8
147572
115679
194921
6716.35
96704.7
57557.5
10304.7
138366
40307.9
38795.9
96036.9
171652
9526.79
127074
156057
62397.6
119218
69148.8
18586.5
119540
62532
145108
176759
85961.4
33914.1
32328.9
110218
46195.9
99586.1
82565
178349
58971.6
35422.8
129282
36069.9
13324
59809.1
143078
103803
66769
94297.1
60076.5
63231.8
120746
105666
70630.5
52304.1
114808
45086.3
39969
72026.1
71045.9
120932
154538
108261
39592.9
31577.1
23173.8
60873.2
114739
129363
67027.6
70805.7
90214.1
70536.2
54180.2
120225
83213.8
188326
99714.5
30061.6
67403.3
87150.7
94755.7
70835.3
78122.2
152557
58380
71758.7
122274
30981.9
50054.5
56275.6
48202.1
116375
20120.2
105280
82004
95728.5
131163
78687.2
27336.6
62005.4
107747
146834
46395.6
69912.4
137465
73985.3
52822.8
92180
72014.1
51326
120474
78557.6
76729.8
63347.2
62385.2
116738
70902.3
111188
46692
154834
11755.3
63471.4
100967
