7729248
168377
407550
284539
307656
438443
376175
1.11745e+06
1.17808e+06
786987
503010
577494
216033
2.32388e+06
1.51167e+06
749406
265233
568507
135110
1.09901e+06
2.9322e+06
415201
655673
460541
577101
601566
393354
913340
274461
224318
243801
452169
335482
459742
373568
382472
101541
177071
151576
65243.6
341152
443828
513019
248121
425510
518356
224482
152996
377331
398802
107161
288056
554449
206228
475805
340795
257363
257606
172234
330508
323016
229074
228718
112645
246364
61370.4
189684
433387
387047
72199.5
16742.3
146489
108298
8436.05
186884
200071
259044
127805
234850
211407
22469.9
252200
76164.3
325154
147808
290847
166853
142431
303264
236810
280340
268607
109747
35352.6
73717.7
129512
92269.9
116179
56807.5
291170
89071.3
250999
146691
57570.7
29057.3
194181
15926.9
197871
234764
92519.4
139715
124118
133770
31319.3
103026
191971
139758
133946
97393.2
217432
97040.2
28715.6
327193
28263.9
207956
245575
125943
89939.8
46261.8
30924.6
85459.2
67792.6
53058.3
107127
99084.6
135249
139660
113005
150987
87678.1
171904
95136.7
97149.8
33976.7
23602.7
11413.2
157714
63339.2
144934
40354.4
54167.7
110420
201434
35661.4
219429
173475
64742.5
113436
56715.5
133948
142728
149008
86378.6
75502.8
65646.1
58662
164752
113937
145464
159432
111407
136457
27092.6
89921.3
20946.8
25673.9
93936.7
88435.3
57854
49459.2
140269
81292.8
25745
46072.3
12245.5
146777
158678
51328.2
170671
54754.3
231758
96005.9
173549
110318
197044
43626.7
144289
74292.6
100986
86344.8
112486
110217
112851
103862
77919
32166.6
77356.9
53014.2
36129.6
72230.6
25979.1
96310.3
30764.5
133178
85936
126685
138776
53923.2
138945
119581
60914.7
116338
98416.9
102021
65684.4
26875.8
95270
51852.6
96917.6
132907
49840.5
53926
114276
82526.2
105158
57241.4
57254.1
118330
33522.7
47128.1
164309
112307
101631
105069
58994.7
29948.3
80237.2
55408.5
64793.9
58361.8
170372
123247
78312.4
116399
48076
72179.4
