7909317
523800
586882
684623
2.11386e+06
2.46926e+06
910267
589714
463068
2.12178e+06
228389
91646.2
20645.9
790385
982907
516597
218931
28841.4
2.28058e+06
153786
218827
490573
785862
309925
182871
216079
187216
372628
146416
233998
380298
504266
582975
155909
406660
298711
544470
399174
319285
228481
619890
166863
178377
190187
189748
137044
207010
167867
100249
334421
266107
109660
137934
290984
207873
237530
241727
76767.6
205486
308253
201288
96548.7
103183
207403
103285
10614.2
168566
185391
343103
104163
141328
152806
306221
97618.3
21719.6
138605
166021
143497
116724
196467
91852.2
133772
210487
121094
160140
30148.1
77377.3
62479.3
106503
89557.9
190141
59393.9
194336
125954
128840
282260
85056.3
22413.3
141422
258485
156468
32120.7
107677
44373.3
184319
78825.5
54169.7
151807
97427.4
189579
55588.2
100369
22165.5
135860
150440
53042.6
41009.6
149501
184942
36706.1
57821.4
79063.6
131486
193022
56152.1
43191
147092
29285.4
1518.7
11472.2
112126
82985.7
127816
67000.8
40627.1
77196.4
211245
53716.2
32775.1
68572.7
12144.5
49086.2
54446
48720.2
79655.1
145169
50191.9
44917.1
45046.9
231138
83895.8
59472.7
12491.8
162485
53292.9
56580.6
38740.9
94120.4
127165
131858
40333.8
98120.1
58511.5
73383.4
55086.4
56774.2
128934
90572.9
45720.5
80359
74892.1
49024.8
173806
25627.9
14515.1
58171.2
41035.5
69656.1
15420.1
70905.7
104711
91397.9
5975.66
34286.9
157842
103482
120561
27895.3
110695
84304.9
31760.2
93728.3
98878.1
61477.4
80443.9
36893.4
43506.3
89390
20450.8
116552
108752
34344.4
46697.9
73976.5
71289.3
46675.7
20800.1
69739.9
80831.3
114944
64543.1
115425
56395.2
107566
26832.2
103941
43558.2
18500.2
52939.9
44217.2
148446
63488.6
119300
40742.3
60766.5
34497.9
88464.5
16419.4
36985.2
15846.3
51279.3
55241.9
51362.8
58975.6
72446.9
116253
94747.1
19999.4
68140.5
39216.8
107335
27541.7
93970.3
45340.4
71509.5
50353.6
121203
34462.3
47598.3
118858
14834.3
52127.2
45877.3
59856
113949
108554
