8051365
335330
388333
1.31446e+06
399358
4.5675e+06
500230
1.34226e+06
367269
342642
527199
191806
284513
954204
252577
616164
432928
1.00057e+06
197295
333988
582007
159348
111789
469800
258354
332224
242299
413271
105625
371604
469304
172797
202653
51755.5
343608
346818
57278.6
90732.3
147261
360585
175270
95366.7
193614
143087
309763
66008.2
128584
285367
140546
267274
88489
61612
72157.2
89404.9
197106
221298
178325
202113
97663.4
97404.6
166647
144173
103344
79948.2
110134
239100
129589
39536.1
60270.1
92601.8
120412
134925
187111
202916
81160.3
47401.7
21476.7
115138
104164
65568.1
82907.7
95395.1
121719
199638
43347.8
141090
31171.9
70363.3
124395
32997.4
79971.5
118343
14319.9
113867
39335.5
192910
39018.7
53222.9
110131
122072
36096.3
99964.3
46657
20785.9
32620
118294
68966.5
158693
47051.6
116436
114913
58182
22016.9
34441.8
33443.8
1547.68
100188
149298
19968.6
35318.5
130904
72290.7
80243.3
41514.3
90429.4
53674.3
47035.7
77444.2
32722
76214.6
87045.7
36578.7
143960
34782.7
96588.7
25561.6
42703.3
30311.4
29797.1
99172.2
77463.3
43162.1
103677
37216.7
73524.2
54682.5
79362.2
30490.4
52324.5
59658.4
72158.1
97755.3
12972.2
25457.6
92477.5
64580.9
46104.2
13925.6
80827
70598.6
34564.3
95050.2
63237.4
27405.8
76604.9
18495
62116.4
26921.2
63665.8
84379.6
28140
54481.1
75501.6
54730
21831.1
26390.7
116518
18038.7
47527.4
42414.2
27024.1
60381.7
41041.7
67759.9
82440.8
46300.1
78995.1
56497.9
73565
23905.4
25454.7
42372.6
34635.7
71124
87851.5
28205
22637.1
81980.6
62537.5
43438.7
60992.6
47708.1
41322.3
43882.8
27843.7
33497.1
97029.2
70191
34133.8
14486.6
62761.2
73764.1
43771.7
18815.7
48286
49115.8
80054.1
41734.3
70280
29756.4
23936.6
47203.6
71092.7
2886
77144.5
32032.7
55011.7
38940.8
82781.3
48983
17458.6
26528.7
75810.9
6499.42
33294.2
7937.28
122623
39485.1
26719.4
31720
29322
62128.1
45957.9
16104.8
48410.9
40185.3
105156
42023
49439.2
8814.14
21055.2
68341.9
11659.9
21015.5
84996.1
53909
