3713955
265302
114196
268036
412707
1.33375e+06
2.39218e+06
814966
538596
532076
646931
2.14011e+06
851281
183174
114552
100509
75891.8
1.87821e+06
210951
25668.2
203507
162703
588906
541956
328581
184766
173879
189508
64876.3
215730
150928
109451
61242.9
177144
399683
169059
150553
70295.1
111007
273596
498974
61422.6
97254.1
145857
177721
756149
233207
148281
33326
74266
174272
371009
252917
146620
100177
103627
117788
190698
134037
139931
47871.7
105811
179816
71591.1
123781
50023
15592.3
50819.9
360733
48009.8
77888.3
127544
91277.3
352144
319817
206374
58667.6
90092.6
101454
289688
141774
129254
75718.8
22827.5
143168
133353
121909
146693
115811
69746.8
107217
46644.2
104740
89031.8
39490.2
27747.1
228972
109965
64605.9
94239.7
12039.6
137885
318020
173122
72837.8
77933
90321.3
182203
31114.3
121408
85318
74137.4
141466
100145
106656
120722
131524
27035.2
62375.9
41197.3
55384
85731
34538.4
28107.9
152562
134539
58483.9
51644.2
73043.4
80108.3
246282
109714
72585
62690.2
54599.5
103565
76447.4
93477.2
98417.7
95220.5
106348
59324
91492.7
68034.8
107938
55554.7
86670.1
33127.7
19789.4
45352.5
33353.2
60259.5
117575
131788
55732
25903
84206.2
85333.8
163225
48581
62176.3
42715.5
30132.8
108450
115833
47142
72687.5
90474.2
55757.7
23859.3
97996.5
12826.8
62078.6
98282.7
95075.4
6864.42
44290
12831.2
39101.5
33819.2
114108
116506
56274.7
23661.8
53893.8
76726.4
114360
42042
32012.8
27073.8
64579.6
125633
91671.9
35872.1
24139.4
52621.2
12354.8
54787.4
116867
33881.6
18998.2
105389
66966.6
41971.5
58533.5
22232.3
37174.1
19958
115921
106424
58089.7
31901.8
21880.8
70566.8
106533
36248.9
14638.8
19377.8
78463.5
105141
34761.2
86907.4
26905.7
28874.1
40283.5
95967.6
107121
32971.6
26484.5
73314.7
12538.1
87675.1
61744.5
34172.6
45145.7
74997.5
97630.4
94652.9
69629.5
32188.4
24419.3
59279.5
100328
38915.8
24861.7
26328.1
81469.2
85469.8
50490.4
109018
47570.1
36041.5
61271.2
105229
66446.7
20718.6
