0
14454.1
6220.51
14133.8
37869.6
158731
15877.1
9969.21
16113.7
21243.7
15762.1
12368.9
19266.1
27560.7
2365.05
9203.64
24767.4
22115.6
15151.9
9124.46
19219.6
34134.3
23213
29600.7
3311.12
17314.4
12390.8
14590.7
20260.4
20488.3
3457.69
24667.5
16109.8
15252.3
17170.2
7802.23
13412.5
9299.28
10694.3
15411
8340.62
6099.68
10151.7
7693.54
3495.94
7452.48
5230.2
7211.74
8184.76
11600.9
1101.8
7410.39
7998.41
3166.46
4273.4
8597.59
12445.1
5339.62
4438.78
2402.51
12734.7
7516.86
8765.15
5241.84
12264.2
8048.72
7951.83
5877.67
15455.2
2900.23
3082.03
1970.77
13188.8
9369.44
11553.8
6275.81
4256.82
1658.19
5988.49
13689
9885.24
4973.64
2001.47
7456.44
2764.95
1634.69
7532.89
3917.2
5592.01
7683.28
7940.83
6472.02
304.644
2598.11
3572.57
13034.2
8108.58
4576.77
8340.54
7432.76
4363.82
3091.5
3680.12
2790.36
1356.23
5399.29
4091.36
4495.3
6429.62
5725.79
3317.53
636.064
4280.54
3339.78
909.249
5585.08
3062.13
3400.54
2987.75
6855.27
5732.05
10305.2
1412.99
7653.18
1275.55
1804.6
5710.7
461.056
0
1043.58
5266.4
1713.61
8629.11
2649.33
2912.46
7793.75
3780.7
4152.86
1386.64
1706.63
3089.54
4870.73
1623.34
6965.93
1075.9
1665.04
2521.45
1769.37
5810.69
3942.3
2370.88
4345.43
1458.12
6025.61
2216.2
3066.54
400.731
4088.62
1539.94
4269.5
2712.12
2141.78
2899.64
1879.92
2384.36
3290.32
5792.26
4903.37
1752.44
4108.8
1578.01
10703.7
2031.94
4349.17
3049.71
3268.96
1463.67
2000.98
1494.81
412.42
1228.67
6539.1
9294.66
5218.52
4817.27
873.916
2439.12
3239.96
3042.11
6094.18
725.342
7739.62
4275.63
4586.08
4951
3441.36
5002.69
2700.01
813.022
1058.47
2924.92
1527.96
1796.32
4292.95
4606.8
5223.48
858.625
1590.9
1666.94
2341.06
3368.16
3663.79
1493.45
1027.82
2404.22
2205.13
2366.78
2113.17
5645.31
2778.74
1444.62
1520.2
6296.88
4789.4
2365.61
386
1561.08
2201.86
768.173
332.773
3656.9
1108.13
854.385
3055.74
882.388
1604.8
2335.96
3038.92
1427.36
2011.37
2478.33
7668.99
1319.02
166.688
2282.82
5861.45
1464.33
3221.88
1514.96
6457.28
3112.82
2332.46
2923.79
2131.81
2655.22
800.405
