9035817
387083
588441
551192
149578
4.40514e+06
361496
90023
118346
685257
1.00583e+06
215063
638094
162010
113644
529526
315325
502406
542653
925572
1.01894e+06
287823
1.09388e+06
353123
595426
65782.5
73448.8
129627
460713
524557
479421
326419
705228
502947
667826
115849
262184
225148
290317
159964
317337
702337
104672
192516
101524
165191
162582
66278.9
63551.4
126091
213415
504352
174274
177558
334144
189969
455059
94879.9
331397
279345
281243
196828
87725.3
139648
128108
198806
297151
232962
86932.1
187601
196341
115135
154270
231440
140890
108584
82913.4
259431
166756
97236.8
115773
163041
25938.4
107521
68446.8
30537.1
127220
204880
53824.8
166566
123947
27927
175433
66869
24293.3
54540.5
132252
197830
52910.2
102859
107823
111708
93551.9
137403
152538
124680
71765.5
128952
173611
107474
232292
42016.3
85953.4
61305.2
174132
53970.1
134140
101505
33161.2
158924
160733
68931.8
100808
163961
38034.5
40495.4
92329
90645
65491
101807
145554
90316.7
93500.8
88225.4
120683
125923
24599
65070.5
138734
49464.8
193867
133780
149313
56198.2
193229
73167.7
31510.3
94050.1
202034
45031.1
94692.2
129004
30601.6
72777.1
81268.3
34024.1
50083.4
27895.1
122282
29729.7
82296.7
70654.4
78455.8
37024.5
19808.1
32066.5
66948.2
69832.9
75791.1
71742.1
46827
10726
99172.6
42706.8
48676.2
69670.4
32569.3
48936.5
89234.3
50168.8
37572.7
51760.6
91257.1
85258.4
113240
73215.1
55628
73282.5
46543.7
71755.3
74261.5
8412.9
67243.2
93770.8
79938
116407
110569
104655
67943.6
21424.2
117253
13658.2
74151.3
109788
83484.1
75051.3
63805.7
96137.4
79163.8
30671.6
51002.3
82191
25634
112659
28218.3
118010
37174.4
92489.6
55208.7
92713.3
74136.5
71162.5
165763
26852.7
97865.3
47725.9
33692.3
37246.6
44187.5
101607
71033.4
47775.8
133670
26585.7
153541
98882.4
32411.6
88494.7
53059.5
40785.5
47927.8
29756.8
46084.8
17667.2
45099.1
110325
74738.7
85420.1
40974.7
91539.9
29102.7
46785.9
37163
107937
85576.4
63864.3
