7757992
62002.4
164345
233452
326431
5.05136e+06
341367
189579
96676
50763.9
628456
184227
225191
199303
246269
1.47634e+06
319784
149006
42626.9
89038.9
624114
269693
252606
193581
181757
710857
279290
62373.4
64646.5
125844
483012
371339
266452
139294
125468
338521
181704
46466.5
89109.7
90427.3
354138
414044
219397
83040.6
89416
152768
80303.3
89855.5
86115.7
61509.8
239659
395158
156736
37465.1
88369.4
86455
77760.2
114932
47124
31901.7
147574
354964
89993.2
57842.3
81047
63486.3
144900
107700
12596.1
37603.5
107634
278372
69114.6
76697.5
62383.9
68683.3
198063
76632.9
58464.1
70089.8
91686.3
187286
88697
68257.2
54627.1
66931.1
211671
59729.5
94517
49770.6
84502
104420
90256.4
55637.8
53782.6
67063.1
202234
91162.8
109131
27853.7
82728.8
45799.6
70867.1
65151.4
55247.3
63757.3
162136
125667
98552.8
20981.3
85543.2
32811.3
41995.6
89525.6
39251.3
75782.8
116219
129194
68108.1
51149.2
78630.4
44153.7
50592.6
94379.8
14499.8
89748.1
82972.4
115945
32477.7
60532.9
59983.8
54312.4
77577.9
89506.3
45206.7
99617.9
60847.3
87787.3
23120.3
50933.7
34328.5
57894.7
93488.1
80309.6
78219.5
95426.8
51715.7
49055.8
42212.5
41141.1
17262.3
71555.9
90056.1
70208
102603
79291.4
54967.5
20734.3
36845.9
26512.2
21081.6
75535.4
73401.6
73888.4
105504
58635.4
50722.9
22632
22452.4
44400.6
19235.8
84423.2
48251.3
80258
90609.3
38089.1
47538.8
28026.5
6123.96
69664.4
9821.72
102187
22193.6
81475.6
65731
35716.6
30810.1
34356.3
15766.8
77129.4
25831.2
120057
11340.4
70168.2
35134.2
33432.9
11123.6
30068.7
37906.9
73765.7
59926.7
118461
8853.28
50985.3
10539.4
13857.8
29725
33682.5
44745.5
63502.5
86872.5
108828
11410.8
32830
16232.3
14784.5
52758.9
42811.9
36353.6
46512.2
100162
83175.8
18027.9
17797.4
22468.4
46618.9
62763.6
51657.7
28437.8
37796.7
96909.1
52715.1
14279.2
10608.1
19951.3
76840.7
62488
75366.3
30959.1
37473
79732.9
21163.6
6193.34
5251.32
22932.1
96753.1
44492.4
95476.1
33731.6
32549.9
48502.6
7486
17806.2
18585.4
31237.6
101515
