2760619
367753
429539
377220
622512
1.51309e+06
2.12175e+06
425989
90116.8
43436.8
255265
1.93764e+06
961304
543120
343757
287152
391849
1.51291e+06
56455.9
147363
306643
253968
644431
660732
187855
128711
37693.1
41337.5
275819
59836.8
15184.6
78131.6
37820.1
64039.1
231389
8406.39
74815.9
14226.3
78229.5
362069
344764
158653
40747.7
37673.7
42064.7
568888
140306
150166
127358
100580
211817
453714
85300.8
33088.6
80377.5
73231.8
225658
135203
70657.6
94205.1
22093.6
23338.8
28786.4
18344.3
48589.9
51766.9
26656.2
111811
180466
53534.2
49047.8
22860
26928.4
288872
155607
126438
51428.5
43273.2
76624.1
314862
37716.8
69789
94397.3
64751.2
152779
191484
82163.8
58325.6
52555
40484.2
98977.6
22161.2
5808.99
82478.7
10183.6
38124.1
62948.3
5185.14
64631.3
29859.3
14231.2
133397
133153
82769.6
34506.7
19780.1
28434.1
227004
55031.5
98878.8
66772.1
44294.8
84038.7
196470
60620.3
31658.5
77833.3
52493.1
100130
66102.5
50068.8
72985.2
30776.3
37491.5
15682
13547.4
39958
65994.1
12.0416
66364.7
86203
33695.3
61151.6
19560.3
21809.5
147371
82451.7
97670.6
30045.4
35018.5
41944
175366
35226.1
66841.1
72218.1
48961.2
74148.5
112108
64991.2
47005.2
55776.8
50664.8
52901.8
28015.9
17196.1
82073.4
13983.4
48113
27581
8020.08
59982.6
41921.1
7306.87
85361
73156.1
63315.1
42801.1
21713.9
28913.8
135750
35659.4
90252.6
43217.4
35580.6
45636.5
126526
55569
32108.5
68378.8
54818.9
56302.8
58291.1
52036.9
71826.7
32170.5
56700.7
19718.5
16199.4
35210.4
69802.5
13633.9
60702
47328.2
26777.5
62560.6
23669.1
14834.9
95748.3
49213
82144.6
23718.3
25688.3
27034.9
113625
34846.7
66650.1
61131.6
45292.9
37888.9
78706.4
64083.7
43375.8
56973.3
70876.1
34270.4
27717.6
26596.5
83899.6
16995.4
66016.1
21680.6
10062.9
52345
47300.5
24042.1
68851.1
45336.6
51443.9
52643.9
17315.4
20204.6
92838.4
25456
81921.5
32825.9
34787.5
28233.4
90062.1
55779.3
37941
68948.3
63134.9
33246
46211.6
51927.7
64567.7
34679
78723.1
23042.2
20111.5
27448.6
75727.7
30339.8
70423.6
28179.6
23257.9
