4572187
789540
826681
889755
1.05147e+06
2.13297e+06
387450
880612
1.0126e+06
607106
697579
347874
431869
2.72484e+06
801819
536834
825395
556028
1.29258e+06
566108
269342
60669.6
270551
383317
402781
488703
534875
114266
210211
233793
405656
345243
262990
368693
120026
235467
365176
305983
163685
253911
120447
253124
278778
314878
232031
211524
29490.2
278097
119812
365903
199958
214661
125455
53646.2
91777.6
249508
204468
349874
123741
190703
315114
207511
229307
149903
140527
79459.4
131353
100035
108695
190910
58576.8
196400
144463
116121
25750.7
181939
118534
59379.5
231832
189879
177491
123986
66548.7
46788.4
135281
141020
86228.2
91154.1
154302
175714
142229
156565
148679
49800.8
107707
178758
103516
109604
162934
82119
53411.2
127858
108518
50333.8
115538
112292
80088.4
134252
50539
40677.6
152129
48809.1
107925
62188.8
43857.5
157565
25847.5
122629
128293
38051.2
127417
56902.8
155487
168557
84386.9
113073
67050.9
58573.4
134517
8612.15
89478.1
114988
74046.3
76662.7
33034.9
59217
149122
47765.4
117333
69297.4
48363.5
60047.6
48408.9
68628.2
27969.4
78143.5
75014
93229.3
69892.4
36645
54190.4
129407
130983
52929.3
162578
52629.6
31744.5
26144.5
97729.4
93107.2
39029.1
55963.6
94693.4
83928.1
91937.8
55440.7
86316.2
89841.2
42529.8
57629.8
33484.7
107616
77219.3
31209.3
136729
120091
82220.1
35175.4
15999.9
46423.1
57247.2
73268.2
106388
76936.6
66899.2
33129.5
33248.3
66316.3
51467.9
115508
29153.4
74750.8
21626.5
41790.6
86449.4
26957.7
104014
62388.9
113788
51483.8
103518
84191.2
74493.4
32494.4
39909.3
65539.8
19433.2
69334.7
59680
58575.1
57997.5
31112.9
104956
107506
87146.9
18816.6
33665.3
51018.9
54232.6
98075.7
105013
36821.5
6333.92
45840.5
46242.3
87175.9
79087.3
103527
71845.9
48530
113281
60426.4
23655.5
91422.1
10801
28377
69261.6
78826.8
17452
84438.4
39314
19516
28233.7
31785.9
40499.8
43314.6
44396.5
43946.4
49536.6
49923.1
31903.6
134839
42530.3
18754.6
21494.2
41888.5
