5738011
230045
982648
958028
667534
3.00728e+06
613271
392203
1.20293e+06
243810
1.1377e+06
386416
217694
1.7638e+06
654701
1.79421e+06
242642
446644
103250
347249
821154
158948
467010
944328
235321
259387
421632
402287
147051
533616
283299
352901
39737.1
431247
355328
222843
252178
197002
237977
107291
280737
351602
437541
293167
27575.2
204823
423884
137655
310408
95983.7
215529
599148
60749.8
210030
169546
24489.5
335761
311197
158475
30738.4
227240
216243
175227
34212
310119
60988.3
126737
124326
63675
158119
107041
90017.1
272106
117569
175486
124145
160591
206290
239406
148087
125696
43367.6
55111.3
56569.5
78817.2
54697.7
33866.1
72800.2
49343.8
73616.8
16390.7
195080
235689
127054
147453
97360.8
179428
99069.2
194913
106284
242114
52010.5
83237.5
70790.3
196593
154241
60257.2
65096.7
48909.6
53238.3
38065.3
80032.6
33083.2
75738.5
62013.5
30052.5
36851.3
88070.8
91348.8
180569
56103.4
94960.8
127347
153851
154018
33977.9
106299
155305
163709
91389.1
109087
79359.6
155189
72279.8
40566.4
104106
26473.5
84940.7
46070.5
109161
19401.1
16249.6
123334
88670.3
32727.4
51433.9
107779
80077.8
88695.9
30724.6
40099.8
187861
46368.5
60496.9
73467.9
92619.6
71358.7
121717
85726.8
98507.4
47303.6
34776.3
93116.1
79354.1
99692.3
144061
39967.1
73817.3
31836.7
140684
119854
58585.7
77150.5
36808
46967.1
74724
70996.9
98974.8
44881.6
52344.7
46822.3
139318
85652.8
78075.6
80490.2
53647
115445
99127.2
20697.8
115835
54758.7
16189.1
52708.8
77513.1
117646
47432.1
32850.9
58946.2
60046.2
92347.5
77256.8
82687.6
58213.3
59253.1
54951.5
59892.3
14391.5
52675.1
29123.8
80383.9
118556
27375.1
31588.1
52921.8
51897.2
81100.3
58446.9
86000.4
111156
95956.3
31713
44905.9
123939
43158.7
22293.1
35928.2
30140
48648.3
78642
35898.6
60594.7
30881.1
13241.2
50599.3
14850.8
55357
30998.2
16628.4
193235
13416.5
68319.8
49252.8
69717.3
109258
29087.6
38025.5
164826
101139
50385.7
31942.7
27433
40229.8
101001
47072.4
30089.1
72107.4
