0
14566.6
6230.42
14129.1
37886.7
159161
15900.9
9984.88
16143.3
21311.5
15763.3
12421.3
19311.4
27656.8
2365.05
9228.03
24767.4
22125.2
15186
9144.87
19307.1
34273.7
23228.6
29683.3
3311.12
17378.1
12416.4
14615.7
20266.7
20540.8
3457.69
24734.5
16109.8
15266.1
17232.6
7809.73
13450.7
9319.64
10721.9
15449.1
8340.62
6103.51
10156.2
7721.54
3495.94
7475.82
5235.55
7239.51
8184.76
11638.3
1101.8
7423.48
7998.41
3173.49
4283.55
8626.74
12445.1
5339.88
4438.78
2400.39
12779.9
7533.96
8785.8
5265.68
12264.2
8069.29
7970.74
5898.72
15503.3
2897.56
3082.03
1968.61
13201.9
9392.17
11585.9
6305.81
4256.82
1657.71
5987.99
13732.8
9908.71
4996.96
2001.47
7464.08
2764.95
1629.82
7547.75
3921.18
5592.01
7703.57
7961.7
6484.68
304.644
2601.75
3574.86
13046.7
8108.58
4595.69
8363.25
7461.81
4363.82
3102.18
3680.12
2802.93
1356.23
5417.61
4091.36
4507.82
6453.41
5743.48
3325.38
636.007
4280.54
3347.13
909.664
5604.96
3062.13
3412.56
2988.13
6876.02
5732.05
10327.8
1412.99
7669.49
1278.37
1806.02
5709.33
458.843
0
1046.18
5263.34
1716.04
8634.07
2652.06
2919.67
7809.69
3780.7
4168.85
1377.6
1715.62
3089.54
4895.04
1623.34
6993.13
1075.9
1663.01
2521.45
1769.12
5837.84
3958.8
2366.05
4354.61
1458.12
6043.77
2216.2
3065.65
400.731
4088.87
1539.94
4281.67
2712.12
2137.24
2915.78
1872.3
2384.36
3298.17
5802.39
4918.03
1752.44
4119.71
1578.01
10732.7
2031.94
4359.38
3049.71
3271.78
1463.67
1999.65
1494.81
412.626
1228.67
6567.39
9324.64
5238.54
4817.27
876.216
2439.12
3241.11
3042.11
6116.41
725.342
7758.64
4275.76
4597.71
4966
3447.35
5002.69
2702.62
813.022
1059.31
2924.92
1527.75
1789.97
4308.62
4606.8
5233.53
856.005
1587.48
1666.94
2347.33
3368.16
3672.23
1493.45
1022.61
2404.22
2209.23
2366.78
2112.19
5667.09
2788.73
1444.62
1531.09
6318.19
4792.75
2365.61
386
1561.08
2208.11
768.173
335.467
3656.9
1107.94
854.385
3067.97
882.388
1612.08
2335.96
3046.76
1427.36
2007.97
2478.33
7696.94
1319.02
168.585
2282.82
5882.88
1464.33
3233.35
1514.96
6471.13
3112.82
2337.61
2925.23
2139.6
2654.11
800.563
