7441398
1.11827e+06
976314
879817
476410
3.94509e+06
352513
558524
397333
356151
676626
294149
403872
1.04848e+06
278315
1.1759e+06
910158
1.05573e+06
190523
629533
411575
344528
262910
152678
441582
160968
294799
612190
151568
78576.1
308461
444922
474483
438678
395695
71530.5
284443
444816
645979
348241
157498
128730
509968
87059.9
14632.5
156426
307164
432823
348220
152298
102844
120282
303184
161426
357032
138723
135959
128585
347501
99601.9
362261
60135.5
336717
121971
248152
132190
212378
365009
100170
348206
250844
148685
99560.3
73661.7
180000
62018.4
39723.4
99778.4
193094
227624
160623
88066.9
127708
115928
296744
26670.9
93972.2
94527.1
85471.6
185836
190350
202997
186558
136174
148665
132126
148136
109839
207728
108632
217004
180282
92620.5
21259
104500
132377
120687
73164.4
47527.1
160412
163323
86628.6
103616
172393
32130.3
120396
116235
134571
64029.4
166691
212357
53629.2
106081
102842
39563.1
19057
54684.7
93473.8
92995
28695.4
45807.2
101790
162572
101627
136823
55524.5
64505.3
90972.9
173166
87636
59492.3
74485.7
84480.6
167434
43871.2
63465.1
96351.2
94213
26929.8
18466.3
15356.3
68460.5
73412.5
43691.5
51357.9
75532.2
84202.2
59782
69107.1
113994
45463.8
69039.5
47827.6
107799
73756.8
178530
83207.6
22340.8
44713.1
97877
48772.8
37045.4
115888
54890
12804.6
27373.1
31963.5
132785
75284.7
28198
39220.1
81710.3
89582.2
50839
42544.7
86223.7
74492.9
107647
72676.4
48497.5
104865
38463.9
74328.7
66552.4
96522
25451.9
42958.1
46791.9
115464
81252.6
53323.5
46399
33651.8
52641.4
74739.7
30193.9
38258.2
54413.3
111497
97282
44957.2
59214.2
17557.5
65489.4
96703.5
98716.2
41054
47426.5
46084.3
53729.9
79079.4
94762.3
110368
28251.8
29227.9
101753
62598.5
66574.8
58163.3
121797
171015
57631.8
34305.3
29032.2
102914
57451.4
26932.5
18527.5
14753.2
92780
25781.6
28593.7
12339.2
145661
116449
107407
63133.5
75535.3
37832.5
121017
70462.4
173321
97314.3
24904.3
4470.03
81066.5
