7856081
260120
628177
553622
567584
4.94594e+06
654087
298538
701354
389146
528333
140747
408284
777884
382670
1.12688e+06
444677
121497
564189
469814
433916
51563.3
237985
664077
231959
268651
145693
145304
318376
442989
310074
136114
222520
401793
364526
72671.7
144653
97034.8
92965.5
342634
181300
257396
177561
106916
342101
46742.2
195309
92728.4
75546.3
243020
131064
258826
119775
102389
204306
115594
92826.6
163391
61120.9
255882
140385
165489
128960
152019
71221.8
84539.5
73200.7
127350
67007.2
244472
148606
64361.8
123513
162131
10641.4
82128.7
148303
37513.3
69962.1
171911
134988
45221.5
48218
190560
33421.8
107778
134334
93439
32417.6
60204.4
104313
35337.5
43145.9
178650
105035
69389.4
94541.8
109607
92144.4
40714.3
81993.5
20666.4
58213
125236
123651
62538.8
72347.7
96159.8
138270
23275.5
65448.7
57960
26399.3
76553.4
80554
98361
52560.3
114808
124624
15139.6
64717.6
60113.5
43573.6
27834.1
48269
110984
95178.8
114223
73250.9
26404.4
64749.4
28088.2
62929.1
43832.8
45354.8
93101.3
123619
56170
58473.3
53500.8
83084.6
21681
48884.5
75084
4882.91
95658.2
91507.2
43019.7
70791.5
77182.2
77375.6
53127.9
33462
62809.2
68195.4
64163.5
37714
58054.8
83065.6
64894
56484.5
66754
28452.1
79268.3
95479.7
22997
37731.5
53597.8
88223.9
43933.6
23411.6
52317.6
17285.5
90724.2
73938.5
69894.9
36748.2
51916.5
49397.2
74527.5
9390.03
65581.7
44740.6
59797.6
28016.4
90145.5
53373.9
41448.5
34775.7
75837.7
36167.6
87906.7
53199.2
3086.6
12414.1
66296.3
62741
57110.9
70732.6
54586.2
46437.3
70361.6
35330.4
57430.3
46606.7
40857.3
31988.9
84086.2
60316.2
26974.8
42135.9
34615.1
5318.6
84985.2
85146
36055.6
45269.1
78089.3
42343.6
21941
25890.7
18145.8
8431.63
67877.3
98621.6
48374
76788.4
54289.7
33013.7
25259.3
36088
59850.4
7901.07
51322.8
59163.9
69096.7
60227.7
69772.1
16446.6
62920.2
34779.8
67205.4
25754.6
52621.2
14960.5
44971.3
30416.3
71470.7
20959.1
83485.3
30933.6
65275.7
31084.3
77000.4
32654.9
39878.1
