7676093
363121
504647
297454
408457
5.00533e+06
505208
370938
532368
373484
643742
243878
464261
205864
226415
1.27596e+06
553625
343906
565715
308114
510032
102851
393411
158213
107084
358720
496065
253713
499487
176650
286565
48819.9
407470
119562
81281.2
128565
350403
88434.7
401296
99069
105243
119194
335529
85145.3
58874.5
240854
146362
120701
333423
115221
43910.2
94673.2
235490
54899.3
41383.7
248795
49235.3
196477
247603
119779
76912.8
21010.2
126941
73337.1
48987.3
220000
157543
201324
131868
83882.6
49515.6
82551.8
61202.4
82394.8
52724.9
177052
198435
141420
34561.3
68944.5
39570.4
158460
91913.9
61881.8
28418.7
158802
168911
43237.4
56189.1
66974.4
70611.3
168423
90503.5
10594.1
47647.5
147109
101709
49244.9
108721
78907.8
74212.6
136393
56680.4
65214.7
90309.9
104314
56601.8
85142
115874
83450.8
77548
66846.1
31782.2
100665
104809
50003.9
27670
88315.6
131014
77384.3
70341.4
16340.5
39478.5
81483.2
85019.7
41095.5
33338.7
70888.9
139042
93753.3
68223.3
30329.2
27101.5
35088.8
63695
91303
58495.8
45563.8
127343
89266.9
35185
47515.9
17334.3
15666.9
65967.5
110766
72671
42433.2
88457.5
68979.9
43740.8
56132.7
40110.7
54247.7
72698.7
97486.4
82701.8
47841.2
27804.1
43327.3
71899.2
67682.5
52824.1
68022.5
54283.5
45758.1
88258.8
56461.3
36323
24855.3
84934.7
73682.4
40768.8
49813
24129.8
25402.3
98574
53408
63805
24124.9
73511.1
99950.3
34144
19319.5
35047.9
47988.9
76918.3
43753.9
61645
66151
58350.9
104302
21934.8
18688.2
55079.1
49893.7
42416
52548.8
46487.6
89747.6
48974.9
74458.7
23484.7
27535.8
69166
35433.8
49269.7
81267.2
32762
93885.6
21489.6
26605.2
12498
19440.2
75512.4
6898.38
73479.5
85746.2
34772.8
69177.2
19221.8
27197.2
21723.3
16528.8
80527.8
10448.5
81766.2
71271.2
58499.2
33697.8
50567.7
70572.5
30906.6
32879.6
56055.5
16246.6
61744.2
30279.2
69346.4
32138.3
73944.9
98745.3
34524.2
40076.5
18577.8
23520.9
31856.3
14150
60167.6
48540.2
75645.5
95791
54537.7
51790.1
28166.8
21602.1
