7245085
443608
439700
573924
866004
1.8961e+06
4.17045e+06
1.05676e+06
654449
537485
576109
1.42132e+06
518494
89010
31720.4
73243.2
120989
1.14473e+06
62615.6
109930
50384.6
188564
421795
1.06435e+06
196046
103152
73723.2
32601.3
32259.3
70667
92838.8
94698.8
82974.9
123772
897736
18121.9
48915.7
38356.4
74130.7
160570
320209
38100.3
24692.9
44827.6
119022
298166
245949
112465
96754.8
67720.3
84691.1
555482
70360.4
30543.6
28527.8
12187.8
53802.4
94228.4
101419
83919.3
75541
145095
336420
270236
74577.2
56348.8
41041
19658
213805
79512
10419.1
31526.6
24566.5
27252.2
300408
101871
88282
64267.8
98311
247017
203411
32237.5
11676.6
21564
57092.9
61615.8
45685.6
17353.9
29002.7
36323.2
34138.9
334078
49556.6
55734.6
41316.4
29395.3
108044
84016.1
53013.2
42928.1
34567.8
90395.1
225647
30290.6
29169.4
14841
33303.9
39295.2
238568
44862.9
5780.19
32998.6
29071.6
26897
51389.7
72771.1
64792.4
48274.6
80275.3
242268
66666.7
25842.3
12526.6
19851.3
50574.9
69083.8
83490.4
30132.4
32963.6
62211.1
79574.4
137686
58117.4
61498
42823.4
43891.6
171449
92842.6
29728
33437.3
8998.18
51164.6
81851.7
84289.2
50807.4
26977.8
64482.7
93768.9
158986
25532.6
24149.2
32704.9
15988
53147.9
77450.8
28927.4
40358.1
16181.7
43561.7
174608
35907.4
52405.2
27097.8
38287.5
82193.6
122959
56213.4
21577.8
29002.7
59748.2
60868
36904
26983.2
39588.4
31855.3
20491.2
182004
32152.2
33121
28869.1
9885.71
48857.1
45467.6
90711.9
53149.1
34068.4
73905.8
117003
44853
32750.6
25189.3
32053.5
14056.9
114006
88190.9
9983.88
30215.6
21936.9
25394.9
59781.3
76249
65412.9
34395.1
58635.2
119814
87544.1
41774.7
10670.9
24316.6
44073.1
11653
104491
16949.6
22628.5
35064.2
20640
118623
29156.5
45950.6
31183
18333.8
77207.8
91387.9
58718.7
40296.3
21672.6
62692.2
80295.9
70569.2
33672.4
8206.99
42843.7
30187.3
120842
51493.3
11197.1
31645
22460.1
27502.6
66210
63675.9
63335.1
27961.3
52988.9
126220
7361
43599.1
12536
27603.3
38026.5
76772.7
111703
31890.2
34733.5
52086.5
44734.1
