4739784
175372
262789
602913
2.42648e+06
2.56406e+06
1.24431e+06
754027
617845
2.15646e+06
220444
369539
509946
441899
677737
307937
266378
306636
736977
519352
148356
6743.5
694312
459352
496708
394741
262048
642646
96195.5
59046.3
218513
83905.2
149422
143545
70471.1
97787.9
273218
263103
70512.4
264418
409306
196409
148497
158854
279093
108616
115415
138665
30211.6
85673
60388.4
281895
251557
193939
134089
144452
54104.2
299522
182659
168781
119735
86146.7
189085
11447.2
153004
50819.7
48487
71838.9
111800
130607
225014
92081.4
49748.8
121653
157564
151777
91162.9
23245.9
61786.9
90827.8
72200.4
94170.2
127020
85554.8
95985.5
122405
188779
80698.3
131784
75893.3
39381.1
72220.3
163929
48458.8
121961
80378.7
83806.5
52334.9
98736.7
109397
75417.3
122334
73113.9
82725.3
100786
94261
105265
47113.3
3074.83
50279.8
46300.5
73702.8
83512.7
93935.9
25396.6
57783.7
129106
30782
68823
156217
37011.7
47202
32916.9
33447.2
105920
24928.3
55921
81679.7
91499.6
117861
64363.2
92085.2
65144.9
23692.6
137913
23101.3
15172.1
105915
49465.7
11123.2
58423.5
52116.4
48903.3
70654.4
29417.3
33797.6
61030.5
114157
84053.7
30881.6
58815.4
36684.4
104651
6049.86
62056.2
35803.7
42842.6
28168.5
28771.9
44787.1
38490.8
140225
52140.2
62310.7
19314.8
115685
60070.7
62028.1
28749.9
47422.5
70535.4
8142.71
53161.4
67534.9
71152
14935.8
13534.8
62743.5
49668.6
108388
50658.3
29922
28818.9
97242.2
50040.5
23413.1
23083.1
39775.6
15597.4
47945.4
63428.8
32808.3
52765.2
28529.1
39808.3
107091
91336.6
73560.3
18629.4
12036.2
80020.1
34543.3
69005.6
30597.5
43318.5
48579.3
47194.8
59735.8
88923.9
41735
49198.9
40693.3
21101.4
93423.5
63001.9
59719.8
16928.7
25845.1
54477.5
53752.1
16492.2
8941.24
51696.7
58954.2
3301.6
42297.2
69707
50851.8
57162.7
77887.4
48882.6
48944.9
84754.2
10673.8
18332.5
52539.8
30551.2
78167.5
61164.9
27665
69843.4
65332.6
49567.3
27076
64645.9
68145.9
20224.2
45583.8
58776.8
36953.5
90355.7
7358.14
32813.6
24810.5
49757.9
42206.6
