7833311
773997
1.84947e+06
2.70147e+06
1.53077e+06
3.26319e+06
974799
544065
1.26169e+06
660695
775294
294152
825761
862904
588329
590846
790366
513833
764182
324957
588195
108448
267760
401171
532185
283662
470981
109534
268030
299177
67904.1
119897
445916
231613
58180.5
115525
210978
256403
169902
35439.3
256781
221317
240926
119104
138270
251542
260973
144147
197052
159631
216467
70897.5
20560.9
115619
283927
245113
127151
119657
150590
45198.8
36977
116748
195883
198555
37379.5
112050
153444
138594
89223.9
223980
84889.1
41082.6
51126.7
126848
52969.8
121190
161682
200877
66115.2
113949
49457
86745.8
44973.4
30379.9
127010
136111
112045
95115.5
28323.6
109109
64165.2
39248.4
134254
92250.5
112610
65468.1
88791.8
141362
17548.2
8213.77
146252
81965.2
81361.8
139776
144038
95252.4
52759.8
37635.7
66281.4
55163.8
98115.2
133941
119890
29950.9
50763.3
17942.5
36914
60667
67792.1
114751
44262.8
33449.2
47693.3
51525.7
48483
69711.6
56462.8
121026
32735
115562
49509.9
62638.5
26690
39919.6
82832.5
129669
21180.4
143644
83340.9
16911.4
69531.7
51258.3
76863.6
95533.2
12108.6
70002.2
91327.6
25345.9
60335.2
49931
90232.6
63144.7
13622.5
40017.7
83826.8
15694.7
29467.5
50112.4
66370.9
52361.3
53619.1
66564.3
68096.4
90443.5
43641.4
76930.4
32039.3
39014.9
49900.6
42697.1
27135.6
127224
49455.8
55800.8
63314
48603.6
17000.8
16343.1
53399.8
116733
15333.8
41772.6
49474.6
30783.4
86504.3
21731.3
60606
68207.5
35121.8
29577
77454
21819
93586
21791.1
40285.2
29322
64414.9
46327.9
94534.1
57016.3
41049.3
21714.2
62187.3
46352.4
22616.1
51701.4
78272.6
25428.9
6967.31
49465
57140.8
78762.1
47611.9
60332.7
47244.5
35711.4
42862.4
34522.2
53284.8
71245.4
66993.3
100502
21550.3
38428.6
76968.9
43468.4
36436.9
41954.7
46162.5
92743.2
12698.2
13937.4
79455.7
77335.9
25485.5
11718.6
37132.3
29631.5
32725.2
30080.1
33359.4
62414.1
42832.4
19886.9
73300.6
15490.1
74103.3
6188.93
19181.4
57487.5
20292.5
17977.3
126094
27448.9
64475.4
47671.2
