5200388
1.26292e+06
890130
1.26892e+06
1.62283e+06
1.91134e+06
771931
1.73191e+06
1.61274e+06
615025
981102
128770
686369
408824
918778
1.5877e+06
974862
1.01779e+06
765623
101194
121660
366279
442051
238103
470789
164631
397291
485893
347783
501078
251824
32009.8
160909
309873
278879
400169
476395
299533
150255
598067
270421
140071
222122
89123
215837
54055.5
426897
175567
347009
126946
230107
297002
134762
170046
211351
187604
95217.1
371839
268156
39177.1
81646.9
225842
302435
102545
200409
189552
148952
203241
154092
163213
188347
82867.8
75823.6
186974
134844
230025
169909
82477.2
105811
116939
110629
77967.3
90897.3
14082.7
115932
78211.6
4659.74
154848
131368
83875.3
165335
29462.9
103402
179066
90494
143040
15900
75704
77742.4
148344
118065
14993.3
137246
67038.7
115055
47695.9
202776
77205.3
110192
87195.9
67777.7
32316.1
88861.3
65052.6
110365
53167.3
127856
118723
45186.2
51140.1
25238.9
152697
137665
128706
154225
113792
50374.3
53488.2
32845
120732
79296.2
88314.7
81287.9
103738
28613.8
33570.5
154521
76792.2
79529.2
74671.7
73102.8
147158
61226.4
190979
42951.3
19188.1
31774.5
41864.1
8831.28
68956.5
46381.9
118564
97774.8
136438
121341
116984
60965.8
37922
32006.4
103425
65683.2
58860.3
119814
35832.3
23373.5
61051.7
7531.94
112113
110717
16005.1
66756.3
68903.8
101071
12372
127493
93957.1
54681
25535.4
36267.3
71711.6
49405.9
38201
31987.5
30331.9
96993.6
78221.3
25113.4
66383.4
40002.4
17953
121510
41650.6
80650.1
60937.1
103549
34116.3
42674.3
57117.2
102897
94171.3
47258.4
62604
76786.2
104020
40304.5
63090.5
74626.7
58589.7
102441
18118.1
80715.6
70128.5
46841
99127.1
49121
22499.4
58863.7
7122.03
68264.6
31673.4
7756.44
73402.9
42483.2
32629.1
67613.3
44388.4
34842.5
63337
28909.5
68683.4
181554
137923
68583.1
49058.8
18715
95752.8
24781
76366.9
33455.6
52574.9
36796.7
31884.9
13922.2
57363.4
82766.3
35726.1
75061.1
39253.6
39733.5
115150
103040
84641.9
26761.2
36046.5
40921.2
77334.2
