7966681
275913
877241
600496
709259
632188
1.27095e+06
1.40849e+06
2.35455e+06
2.57262e+06
2.36891e+06
282791
773121
1.05001e+06
69370.6
331297
229941
1.36803e+06
157820
182353
576675
308429
35376.5
161122
1.00514e+06
375017
33920.1
496137
302094
103630
289862
354690
355802
204410
506564
385509
225028
203812
141968
740864
96918
81942.4
206935
245763
91447.2
21013
337678
148285
243154
209263
278608
212738
123919
101224
335619
62378.7
173573
288388
151167
153708
317995
62743
294663
24537.3
262509
310505
160473
165329
63903.6
186164
56241.3
118262
90674
135104
92137.9
33511.3
91188
157857
107281
284051
260930
113787
138075
62549.2
102103
87296.1
234891
217775
40804
121747
57834.8
88717.9
81945.4
93975.9
160039
149393
82085.9
107020
61235
141391
99675.4
172574
101609
101099
151144
47578.8
181979
153498
47191.8
185303
126461
105581
81863.5
32568.3
115995
93826.1
100246
74236.4
133260
35913.4
73724.7
166318
57025.8
52797.6
125410
22246.4
94299.5
40937.7
32629.4
91390.7
42459
81963.4
89502.6
38349.8
174440
198909
185459
66307.4
43548.4
126883
51064.6
75274.1
101196
24749.5
61275.7
40835.6
70388
28522.3
34069.6
52439.1
122822
103593
73158.6
97606.9
73416.6
95292.8
112573
37848.3
125090
128074
59093.6
48634.5
71315.2
78435.2
21631.3
109382
59654.2
26832.1
36718.1
115599
125058
86896.4
55484
62693.1
40062.3
40760.8
93139.6
91165.9
75901.8
29172.4
63044.4
103731
117158
117207
62526.3
69577.8
57426
87991.9
103478
66805
29197.3
48461.6
70302.3
26608.3
34989.3
67641.8
27641.6
128351
35486.8
74816
62844.8
26801.4
65226.3
106100
91171.9
94188.2
97269.3
59249.6
42715
12643.6
25196
95872.9
122849
22398.6
68221.6
11144.2
117963
35542.6
74600.5
85109.3
30276.7
73340.7
19993.4
47297.6
74103.2
56975.3
74735.8
62427.9
157365
46969.5
93265.1
71372.7
54164
81150.8
11393.6
99437.7
5229.09
27268.6
23083
74606.1
72944.8
37030.2
14797
82957.7
39483
85268
93457.9
32585.9
74037.9
76589.5
42938.6
47469.4
87426.9
121768
68211
66622.3
