8174146
322320
579351
726505
568175
4.90362e+06
475293
620823
734787
279430
342381
339420
353762
715754
489023
1.1207e+06
297027
469931
668173
328796
453570
261502
68086
469886
366733
314920
63499.4
234849
443323
437403
385421
232432
89348.3
194779
283190
287011
97415.3
114637
120653
405890
261790
230841
78498.2
125829
249535
202694
110845
53393.2
145119
298516
110669
193545
74625.5
198636
228636
120236
30659.4
68765.8
247218
186175
46530.9
79883.9
116701
136696
192478
93046.5
122965
64309.7
237881
160560
58027.9
45708.8
90715.1
53151.5
128952
95146
202512
81206
161814
138486
35959.7
101081
38228.8
103298
19485.6
95592.7
170017
121339
148193
37621.4
19551.2
97283.2
55315.1
134818
64995.3
93544
74341.2
119337
142231
72540.7
47534.9
36075.9
62372.6
107681
92771.3
66262
97004.7
64805.5
113732
102681
83754.8
22531.6
24697.2
71982.1
59773.5
74547.2
152122
33807.2
67464.1
83321.8
97878.1
37462.4
68931
38896.2
54226
74000.5
133048
77503.3
32715
60258.8
66495
19974.1
113808
27927.2
96284.5
47944.5
85127.3
59126.7
34208.2
73309.6
83814.2
25619.5
110289
31783.3
99122.7
12328.1
55535.8
38670.7
37604.1
67363.6
123994
26925.8
68852.4
32128.8
65354.3
41581.4
38831.3
68768.7
72505.9
55953.1
123540
21755.5
42372.4
13432.8
33069.4
53887.8
21489.2
80095.6
114580
76300.7
68704.2
32113.6
36468
16039.2
35010.6
43901.1
32512.1
34987
121980
87547.7
69769.5
33185
28827.8
23387
21849.9
51020
40961.3
39162.4
84684.3
68690.2
100404
59755.5
2555.26
34342.2
20408
40980.6
41984.1
76537.4
24880.4
54733.6
82040.9
66952.3
7131.26
81779.2
29031
11523.4
33700
79876.9
28815.5
55706
30829.6
40312.9
30867.8
122121
31647.6
31865
32651.9
58135.2
31499
53625.5
26328.7
23414.3
55090
103436
55325.9
31464.6
61338.1
37816
11134.4
41315.5
55383.5
79161.2
55185.2
55953.4
53111.1
13443.2
70175.2
17517
37157.3
52105.6
48923.1
87923.5
43059.5
41653.5
24135.9
34324.7
57701.4
26943.6
50945.5
74750.8
37813.3
70083
29793.4
78766.3
25851.9
43383.2
