0
14473.1
6044.4
13565
37638.7
151369
15411
9698.07
15609.8
20242.1
15564.1
11649.5
18394.9
25910.4
2365.05
8647.23
24767.4
22040.1
14556.9
8706.54
17747.8
31999.3
23049.6
28136
3311.12
16296.2
12032.8
14159.9
20015.5
19465.1
3457.69
23444.3
16109.8
14938
16116.7
7640.91
12668
8979.1
10280.1
14709.9
8340.62
6103.51
9961.29
7347.58
3495.94
7159.3
5033.66
6772.69
8184.76
11109.8
1101.8
7116.87
7998.41
2924.48
4088.33
8168
12445.1
5339.88
4438.78
2400.39
11965.7
7133.48
8395.17
5013.26
12264.2
7686.49
7607.55
5574.02
14593.2
2897.56
3082.03
1968.61
12853.8
8868.29
11137
5778.77
4256.82
1657.71
5987.99
13085.8
9780.4
4651.01
2001.47
7139.04
2764.95
1630.58
7357.88
3921.18
5592.01
7329.69
7575.04
6250.62
304.644
2599.18
3374.16
12746.4
8108.58
4337.59
8029.38
7076.84
4363.82
2998.32
3680.12
2644.47
1356.23
5099.11
4091.36
4218.9
5933.29
5427.71
3287.8
635.132
4280.54
3134.21
909.664
5274.59
3062.13
3213.19
2988.13
6499.75
5732.05
10030.5
1412.99
7283.81
1278.37
1752.23
5637.63
459.07
0
1034.88
5263.34
1646.98
8567.15
2539.55
2789.98
7560.46
3780.7
3950.76
1380.91
1591.86
3089.54
4563.37
1623.34
6585.27
1075.9
1665.02
2521.45
1666.8
5335.55
3696.15
2366.05
4124.74
1458.12
5688.24
2216.2
2990.9
400.731
3892.94
1539.94
4052.04
2712.12
2120.78
2696.3
1872.3
2384.36
3164.54
5535.85
4678.6
1752.44
4054.03
1578.01
10216.2
2031.94
4183.27
3049.71
3071.19
1463.67
1999.65
1494.81
411.807
1228.67
6041.01
8952.72
4933.29
4817.27
876.216
2439.12
3241.11
3042.11
5809.86
725.342
7392.79
4275.76
4391.18
4705.69
3261.23
5002.69
2702.62
813.022
1056.59
2924.92
1451.08
1789.97
3965.64
4606.8
5008.19
856.005
1591.86
1666.94
2147.78
3368.16
3494.92
1493.45
1022.61
2404.22
2209.23
2366.78
2112.19
5411.21
2730.52
1444.62
1531.09
5930.87
4705.55
2365.61
385.811
1561.08
2082.37
768.173
332.024
3656.9
1111.22
854.385
2919.9
882.388
1477.54
2335.96
2885.62
1427.36
2004.36
2478.33
7237.98
1319.02
168.6
2282.82
5550.72
1464.33
3045.18
1514.96
6315.45
3112.82
2208.83
2920.36
2052.69
2654.33
795.953
