8812541
203043
312652
756071
591759
4.73389e+06
501025
591659
188276
441071
343024
258980
455618
723301
685480
982505
410219
369219
276031
470963
155510
480690
414556
470857
709693
190199
304403
341734
251119
302055
75978.4
491620
304626
274455
613889
220309
229073
359633
118069
195455
115706
260977
287328
197717
379248
165705
130941
259346
44100.9
185476
205754
29441.9
271960
116530
168847
82690.5
51260.9
150898
51414.4
115711
261607
210269
204033
108617
93922.4
76988.9
126309
138935
66995.6
19769.3
206831
238780
107928
128007
99902.5
126742
123707
99972.8
142432
75306.8
80233.2
173060
9683.14
75590.5
127742
129019
76607
91405
146374
62727.5
119841
119510
97357.4
45080.6
105083
70513.6
103929
123059
71507.8
21121.6
159259
103001
157306
88723.5
35798.5
65667
97586.6
107984
12255.5
3239.36
115780
88770.5
127650
93266.3
52890.7
108593
73279.1
70311.3
52190.6
40443.9
58148
79400.3
69061.7
98864.2
78827
112705
115469
39629.7
73499.6
75572.3
66260.6
106918
93336.3
89466.4
102287
91801.1
114435
18314.6
78860.2
69230.2
88677.7
134211
82409.2
64485.8
129856
55201.5
56359.9
28361.2
34157.9
38136.2
93791.7
122389
10688.7
44658.1
112898
44740.9
28576.1
52749.5
48416.6
26441.1
55022.4
87350.1
63418.2
53905.8
60131.9
47231.2
40907.9
70926.1
100366
16877.7
16306.6
53642.7
87836.2
71278.3
28078.8
16808.8
22845.8
59935.8
93505.4
46761.7
61944.5
51744.5
71858.5
62867.7
36033.6
37480.9
14898.1
39278.1
71267.8
68808
64458.7
91462.3
47528.4
21701.4
65799.5
57174.7
39410.2
76942.6
95854
63669.4
60338.1
107047
21733.2
21916.2
83012.3
33864.1
75400.4
90924.2
98359.3
45306.1
80019.8
81581.3
19731.5
28367.1
59952.1
17152.3
87968.3
68613.1
71582.5
10629
88012.9
48732.7
39536
37894.4
36534.5
25485.4
60826.1
81170.8
36809.6
41327.7
84089.8
25566.8
38386.3
74537.7
48784.1
32147
9162.28
97552
25935.7
82806.7
71252
22020.9
38931.9
67457.8
44960.8
60402.1
22831.1
89858.2
31465.2
72138.2
41805.4
59889.1
33515.9
38400.6
33690.7
81120.5
