6824479
583948
503920
1.65754e+06
826069
3.6182e+06
435940
1.24993e+06
1.41042e+06
270115
738564
577152
752155
158898
406124
1.11546e+06
504779
481572
436901
626520
555854
331356
299494
368789
430980
413499
392156
687767
74325.7
665173
407145
341490
135428
185017
86915
348822
195392
416483
213313
390271
151442
91154.3
122613
238696
295919
101871
240353
399265
217085
241798
72237.7
145000
324377
56313
156799
139011
135882
28249.9
247365
45171.4
119108
146869
212244
212004
65504
226538
241878
121956
31548.7
178390
119977
291723
182833
116969
161296
115352
46452.7
93086.2
53939.7
174111
129869
137623
75670.9
135683
204504
99473.9
157122
126003
100213
175666
71483.6
161011
149035
48709.9
72920.3
155562
49197.8
147879
96463.2
52596.8
21904.7
51748.6
121698
62910.3
151799
148750
18518.4
147749
61046.9
151232
33156.6
107344
91866.4
151768
65474
57511.6
60575.9
62819.3
99617.8
49875.7
70086.5
132747
67313.2
55787.3
61788.9
89742.1
138287
27370.9
46306.7
28730.2
50801.1
122958
86205
76207
38342
34540.3
96264.1
92016.5
3320.8
63782.1
61409.5
27066.1
21670.9
37821.2
59382.5
67446.9
172718
50153.1
51635.8
13698.4
87713.2
43386.3
18195.1
72920.1
33689.5
96310.6
137215
64609.9
134086
30846.1
60225.6
6907.66
83190.2
111181
109707
25474.6
97480.5
30013.7
74725.3
99588.9
100925
41208.6
57028.3
97687.2
46494.7
63429.4
50865.1
63481.5
60739.9
114567
54265.7
47828.8
75089.1
109248
82505.7
42838.6
30254.1
29809.4
62707.8
49544.1
48812.9
25794.9
90764.7
81209.3
47847
30258.6
29931.4
104521
102552
21251.4
48011.3
32371.7
97769.7
22408.7
29465.8
123295
110915
51728.3
82029.2
14200.4
6287.83
38176.5
101002
36949
73600.5
67723.2
55503.9
54853.6
91158.3
101552
59340.1
54627
96315.3
39206
70376.5
60692.1
40679.7
50562.7
102127
26657.5
98152.6
11598.2
25568
66712.5
22210.1
60760
48718.8
12987.5
49139.6
46734.8
102114
48744.7
50287.9
40262.6
76878.9
49136.5
46456.5
64447.7
89494
55716.6
60699
41522.4
22901.7
15388.6
34754
26126.9
