8004907
146212
467816
776182
240192
4.38813e+06
408431
606763
212006
84200.7
215148
179865
561373
650008
302415
879429
431543
384116
389663
174120
332904
221016
591109
559816
391403
384588
263486
385299
443824
264396
407979
195574
490355
269948
371944
458623
38043.4
404515
427732
240671
414957
191650
332572
239010
265099
331957
159533
342868
281573
178804
258961
244744
248791
289402
144104
185424
204596
205669
241359
88871.5
86545.7
230132
215209
207291
168454
188110
177879
50416.6
263355
68435.1
161387
153623
117830
60913.7
152001
148846
138233
23699.3
175790
58870.1
165063
75547.3
48559.8
108510
142365
137108
74661.2
36786.3
19238.4
89695.8
81526.9
110167
108262
163438
109872
133860
24904.4
84119.1
85437
93296.8
43127.7
112668
157539
99165.1
51966.3
132652
80289.3
94398.8
99144.8
55049.5
68128
106280
172993
44629.4
19519.5
92168
103723
112944
127545
55347
74019.8
136862
121967
60135.9
34107.1
70358.5
127102
155241
218518
95653
69726.7
107396
77521.9
90344.4
77029.6
68506.3
148560
155175
226745
96692.5
55966.6
55587.6
116343
114406
76167.5
71033.8
148316
96855.6
137224
55854.9
42022.6
78908.1
111254
77038.7
32418.1
72519.9
159895
40550.3
17527.4
22194.5
39710.1
70676.5
70417.5
25885.8
22403.4
56685.8
150952
28004.4
69457.4
55533.5
31812.7
42164.4
115891
40148.5
37225.3
14594.6
108251
52857.9
65039.7
126339
15378.1
62817.1
141593
21188.4
67947.6
50153.6
44894.4
73561.1
15252.1
160400
11760.7
75390.1
98135.8
69457.5
111634
74145
73893.5
54862
66510.8
136003
22776.1
54479.7
120011
116359
112803
52812.1
83484
36665.7
93720.1
75699.5
25262.9
23583.8
149435
98870.5
87304.8
31477.9
50872.5
111524
82133.8
39710.7
59337.4
30716.9
103262
27292.4
120141
54780.3
36901.9
127651
23059.5
43728.4
116448
59841.6
38247.6
64962.7
137097
65277.6
57851.9
59500.6
49546.3
44914.7
136288
77224.5
4285.26
93041
86697
95041.8
83818.7
52909.1
55495.2
37512.7
93672.5
64693.2
32607.5
69394.6
17142.3
104283
