8403838
37163.6
284347
411783
293644
4.25454e+06
194695
341344
407587
401072
318739
439605
189748
668208
457147
1.21605e+06
287733
553018
431848
433090
383387
438214
121201
609369
292514
706739
64285.3
383392
203397
159145
161052
119311
193174
283103
52726.8
426994
218200
93456.1
370894
257743
104552
138980
217780
235117
107243
181076
270504
102848
379379
304260
54249.5
123224
102183
250183
104366
40512.6
116517
113983
235672
213814
118172
10579
181095
202912
194054
50828
53257.3
111551
166281
162653
152603
39626.6
180208
163271
264853
92671.4
32349.4
117385
175822
205901
107221
19157.9
184510
189262
309914
164641
127067
150776
173849
168089
135207
89881.4
224923
153391
308718
145234
96646.6
116728
77059.3
87822.2
84340.7
165817
179017
110433
215896
46337.4
31266.8
128560
117152
120187
93820.3
199060
116768
119899
141986
29524.9
16591.1
119955
131474
95037.8
84587.8
180767
89574.7
122464
138919
56832.5
22478
143454
92112.1
41758.2
81446.3
162315
83317.5
139142
117590
67221.8
38402.8
142157
105618
52723.4
104179
111189
33133.5
89867.4
40143.6
10666.1
16247
73618.1
97510.5
116328
120225
27312.5
32913.6
24191.5
18599.7
38058.2
34041
42764.1
66923.7
141542
97746.6
29695.7
20790.4
23374.1
13816
3064.18
23080.3
72383.7
97328.5
86422.1
83793.5
52494.3
29478.3
61046.7
73190.3
65153.5
55417.9
98838.1
136939
68085.3
93989.4
88672.8
21414.7
55371.7
80195.5
74049.5
33427.4
85646.4
109416
68088
46635.5
94817.8
13170.5
18692.5
38746.6
47154.8
43303.4
68506.9
97734.4
70258.7
9960.2
102113
35731.6
12666.9
33688.2
55566.5
32393.3
70086.6
65366.4
54564.4
36783
142716
48489.7
31257.6
76177.9
70844.9
44764.5
57224.1
10100
63881.2
78795
180169
76093.9
36858.9
93810.4
38645.3
70193.4
20194.7
28359
46989.7
68483.9
146765
64801.1
31408.1
48640
33590.1
36398.9
65507.4
30056.4
53441.8
23151.8
99063.4
13006.9
66894.2
15172.5
77255
9988.17
78470
20195.5
72537.4
6775.43
101913
7115.77
65822.4
7037
64653.2
