6863821
332691
397038
38931.4
760452
2.31886e+06
1.78577e+06
62965.3
261215
432112
995666
762152
414200
115710
130467
2.80382e+06
934157
506029
401137
334530
572860
1.00221e+06
222941
203261
444464
1.34126e+06
512528
670346
406876
118086
262354
653377
298217
80410.1
448801
585624
568790
360701
48377.8
113858
514151
384644
136108
134365
641644
337801
639451
168593
258356
217606
34271.6
313992
140338
130021
169237
251113
304767
284571
261375
124540
44172.9
123176
75207
226241
281140
228880
282493
408160
148544
216190
144738
108750
243671
255782
148034
23864.5
162176
137705
207329
170461
64239.1
221866
60388.4
53266.1
232685
152310
85565.4
38706.1
216683
95664.9
56329.5
80914.4
191139
107692
55472.6
96617.5
117214
86374.9
65154.3
85521.1
201061
137165
104756
121919
184056
299511
206243
91192.9
113778
185306
153206
106526
134259
108837
46910.1
92318.1
184603
174737
67381.8
162458
76797.4
141027
102714
136369
65673.4
293656
76255.7
142002
65247.8
101778
113748
200710
79201.6
69678.3
74837
109181
45644.1
83760.6
65419.3
107511
25433.7
116025
204809
48110
151790
219949
98206.2
62911.9
53329.2
50675.5
90721.7
40794.4
92131.9
117762
120812
81851.5
52029.1
80470.5
23793.5
99779.2
42602.5
151869
54303.5
54610.6
76265.7
124047
118037
115004
77250.5
137794
85908
15745.1
99400.9
180022
25067.3
68590.9
62127.4
149475
61720.8
18968.8
40228.3
17945.7
57996.4
76467.7
46819.1
101659
78009.4
98407.8
53805.5
98824.9
156413
62321.2
91328.3
102515
80818.5
48489.4
95457.5
76437.6
97992.6
14509.5
53407.6
175099
76796.3
90761.9
71776.1
70953.8
96845.5
72454.8
55926.4
98535.9
59160.6
144249
74989.9
125381
68359.1
92314.5
25448.4
108542
170617
153627
34010.1
40583.8
93951.3
60639.6
68159.3
91054.6
95764.9
70498.9
44482.8
79974.1
85212.8
61118.8
162032
107134
60698.3
73793.5
82989
84137.1
60264.9
86857.8
37195.6
79756.3
24663.5
108830
77922.3
33730.3
82770.4
37082.2
41365.2
73700.8
110944
134582
58836.6
39356
44185.1
99462.5
