0
14700.1
6431.5
15234.7
38363.1
173906
16826.8
10461.1
17195.6
23409.3
16130.8
13896.5
21053.7
31043.9
2364.89
10316.2
24767.4
22278.3
16370.1
9987.63
22330.3
38720.7
23539.2
32687.8
3311.12
19451
13054
15554.7
20668.8
22576.4
3456.91
27244.5
16109.8
15871.3
19410.9
8073.1
14952.6
10010.5
11581.5
16866.8
8880.5
6214.04
10579.6
8414.63
3495.94
8144.96
5604.1
8155.11
8184.76
12699.1
1101.8
8037.85
8022.61
3709.36
4563.3
9563.89
12824.4
5419.4
4438.78
2400.39
14319.9
8306.85
9594.57
5689.78
12264.2
8701.7
8673.92
6498.87
17357.1
3052.82
3108.05
1968.61
13882.2
10361.9
12379.5
7339.69
4256.82
1657.71
5988.49
14973.5
10680.6
5640.7
2001.47
8072.03
2764.95
1696.75
7830.19
3921.18
5592.01
8424.31
8640.66
6926.59
304.644
2603.33
4039.71
13493.7
8108.58
5097.64
9034.59
8203.03
4362.91
3230.17
3774.14
3157.24
1356.23
5932.43
4091.36
5108.61
7540.5
6325.14
3613.93
638.565
4280.54
3781.11
916.832
6271.9
3062.13
3848.07
2986.59
7539.99
5832.38
10862.2
1412.99
8364.16
1276.92
1925.79
5944
441.874
0
1071.99
5380.05
1831.72
8713.32
2833.42
3082.62
8230.01
3780.7
4604.76
1399.7
1930.01
3089.54
5446.91
1623.34
7825.67
1075.9
1663.01
2521.45
1985.35
6782.85
4485.07
2373.83
4797.34
1458.12
6761.67
2216.2
3257.33
400.731
4482.51
1539.94
4729.85
2712.12
2214.77
3355.17
1872.3
2384.36
3518.5
6310.84
5436.87
1752.44
4339.07
1581.41
11778.7
2031.94
4698.53
3049.71
3673.98
1463.67
1999.65
1494.81
412.496
1228.67
7673.72
9944.17
5782.14
4817.27
876.216
2439.12
3355.18
3042.11
6733.85
725.342
8414.14
4509.59
4925.71
5408.7
3768.08
5002.69
2707.95
813.022
1057.89
2924.92
1709.34
1789.97
4986.66
4726.25
5574
856.005
1598.98
1666.94
2652.22
3469.15
4001.17
1493.45
1022.61
2404.22
2210.96
2366.78
2260.81
6127.31
3009.05
1444.62
1531.09
7130.66
4968.51
2365.61
385.705
1558.73
2435.05
768.173
331.833
3656.9
1107.94
854.385
3353.29
880.551
1845.22
2335.96
3394.03
1427.36
2010.04
2478.33
8661.54
1319.02
167.547
2282.82
6602.95
1464.97
3533.54
1514.96
6807.55
3227.17
2557.55
2960.05
2311.75
2735.7
817.083
