8443738
314700
860003
1.35461e+06
218929
4.4119e+06
667387
1.29546e+06
649431
636381
433682
339069
325784
797419
510979
397107
580812
610095
245900
730310
267018
334892
498838
354458
451514
238935
290074
80434.4
125219
285476
241304
303829
623068
341107
176781
195579
191399
176580
65544
251738
333986
151529
406205
397575
202530
223813
39778
205960
34076.2
178604
152599
417884
255329
185720
47001.4
176887
78654.6
133341
236898
78975.9
103351
296155
159988
31746.8
101923
126039
131868
80514.9
182048
110819
160397
99708.8
66441.5
60018.5
128114
201330
86900.6
58467.1
44622.7
178507
101206
90809.3
154692
95660.6
145278
59875.2
106408
116829
111777
164193
62273.8
109781
137683
14208.1
173975
102046
94806.5
136522
98630.6
90138
61973.3
141086
111587
28600.7
76052.5
109472
41621.8
186338
116311
51924.2
54129.3
66361.1
46696.6
79107.2
44809.9
73007.9
54489.9
128169
99088.4
106661
16199.8
114812
51907
70649.8
30805.5
29508.5
68498.4
77295.7
50.2195
85202.7
65998.7
144681
33707.3
57915.5
64056.7
114554
30961
56442.2
52807.6
48275.5
58353.7
41453.7
75360.6
56476.5
41670.5
169169
26302.8
16048.6
67992.1
15351.5
55696.9
24582
42938.8
11574.8
34584.3
105048
65210
79229.9
113719
45272.3
23154.5
40357.9
4118.97
21164.8
46125.3
27618.1
117834
38623.4
69857.7
102681
55084
73251.1
54818.4
32735.1
9375.99
90199.4
84591.5
105985
51658
75944
34405.4
99940.4
78014
21758.3
77681.4
102509
72346.3
106318
43945.1
22702.8
44142.7
89193
105804
63329.8
85354.6
41054.2
89123.8
61738
31931.9
32029.3
20300.1
114842
71665.4
19787
70323.5
40846.6
52584
67556
62580.9
39395.1
37575.7
67169.3
38542.2
16910.1
78955.9
50550.4
28478
64491.8
52282.7
60061.4
81754.7
15737.9
60375.6
38110.7
45157.3
43526.3
31350
73864.1
39056.2
69414.8
46611
96872.1
36168.5
77306.7
64058.7
21782.8
23374.2
66939.6
11185.8
16458
19130.1
118611
53861.5
54657.7
65852.9
58383.2
32802.9
30832.7
50806.9
53860.6
14394.4
56887
69096.7
49087.4
7244.42
71629
