8811515
196271
280578
1.20185e+06
3.19103e+06
1.25394e+06
1.24707e+06
583211
1.64409e+06
1.11799e+06
483530
483710
352083
1.79816e+06
1.11334e+06
679756
358555
1.31077e+06
835122
153972
387879
641235
314911
552094
183033
332179
200541
392267
396886
232596
83305.2
373404
207341
44112.9
239946
51751.3
499455
159887
317184
54925.1
649330
302067
292005
102026
191458
123432
275006
228491
234173
93665.5
237479
150164
222141
339093
47315
106934
180647
238674
189897
110736
127938
37726.3
70133.2
168289
170424
298863
83511.7
114463
119250
135686
262664
218737
96797
187511
94616.2
174273
115041
237385
135892
148924
65906.8
98085.3
107475
81996.9
83140.2
108189
78607.2
157842
94804.1
194436
105243
104495
66657.1
152766
237699
69746
30366
71651.6
106939
90818.3
92353.3
46269.7
14816.1
176693
107039
204096
306466
40344.9
117127
74006.6
73204.5
63630.2
130630
76909.3
130304
169738
70726.6
45689
192226
24373
79377
160604
43246.7
108955
32842.8
109278
87745.6
59280.5
104383
44579.6
91065.5
114200
159091
130076
46405.7
134375
85265.2
74881.5
85697.4
59228
98806.2
53842.2
144960
67235.1
51118.5
65611.8
78471.3
105912
65246.3
117827
115687
93536.8
39038.9
72474.1
54670.2
31237.8
66223.7
32973.1
71037.5
137369
64962.5
133929
45581.6
127141
33578.7
57205
121365
4430.44
27517.2
44275.7
63686.9
47768.8
19198.5
86394.6
75782.6
54926.7
125701
54355.1
46499.7
22593.2
79127.2
120807
59016
53799.1
52839.9
113013
108378
4715.53
114978
39023.3
105333
34767.8
72602.5
111721
66669.6
79781.9
58999
14102.6
61467.9
77531.3
82356.6
64127.3
10828.5
89350.2
47891.2
79307.4
26648.6
86461.8
137334
48669.3
20019.1
53006.3
11806.2
48654.6
55110.8
52714.3
128868
117934
56925.5
32436.4
63383.4
31619.5
63464.7
100821
59825
59983.6
30171.4
25386.7
76150.4
109848
16683.1
23981.9
53062.3
56052.9
95064.2
164064
73080.2
43990
97048.1
79829.6
74932.8
50586
79521.3
107936
69987.8
42840.1
68258.7
75735.4
115572
108688
96992
102272
108088
18162.6
29826.8
35353.5
