7580391
399791
648096
516278
683106
828540
1.51731e+06
1.62771e+06
1.85491e+06
1.63647e+06
500300
496100
774926
2.29508e+06
631780
846488
590900
2.12258e+06
94221.8
366052
423775
806060
294821
279146
390362
287810
224068
546807
427468
269808
510772
425096
424564
407280
383074
566420
510603
409836
633286
192224
326075
227368
300044
232059
74578.2
218774
289559
219690
171591
361089
501926
180922
128580
224085
25425.3
91504.6
326638
197877
190382
154351
229286
215817
289583
247135
155135
343632
9960.02
239291
259449
49756.9
305387
23703.3
63090.4
214029
305373
148261
70670.7
48580.5
145893
43822
206754
272078
165126
182141
100161
198230
190461
127812
77648.3
101956
60149.2
216235
179971
33374.5
169023
315996
196716
215147
41352.2
191996
20965.8
100663
178777
40770.1
67928
67346.9
139174
45126.5
74425
46878.1
188170
218916
104626
107354
118377
71790.5
68738
36260.5
152372
101857
132912
52090.4
80922.3
212283
67897
46239.3
97303
131219
118598
106265
141576
137275
57423.7
85441.8
35397.4
141974
92074.8
99601.4
29159.8
30631
120022
46649.5
26828.3
98456.9
168520
183341
23272.9
92534.7
78225
93923
214761
37403.5
43203.7
86652.4
98504.3
15173.6
14183.9
175268
41948.1
108376
71607.4
68343.6
80733.4
122618
104714
81189.9
100301
119386
106963
69062.2
82379
93548.3
119614
43656.3
122255
185365
93761.6
11418.3
36367.9
47104.1
51190.8
55112.1
175537
33227.4
79392.5
113954
105420
73185.8
89518.5
43970.4
27580.8
52400.1
100755
6641.22
66796.8
72629.7
50517.4
127255
125951
36910.7
88636.6
105013
80120
44382.3
152292
71250.9
85393.7
109148
136968
118269
35693.1
72155.7
96323.5
27580.7
100327
90409.8
107191
79177.1
86627.5
40628.4
50710.6
20239.2
121610
88846.5
58523.2
95874.4
60759.7
43532.1
44113.3
65695.8
107657
152036
79300.7
54331.2
66995.4
19560.4
36175.7
81159.1
33608.6
30937.8
98259.6
101573
91508
82509.3
83419.3
59668.9
82529.4
83435.2
21288.8
11835.5
120260
62247.7
150108
56583.7
34468.9
64050.3
