7401316
445441
518418
576249
895923
2.43782e+06
3.63506e+06
466935
170252
63047
243342
799860
180158
85371.8
302191
395433
183614
1.90625e+06
721091
466011
489005
402203
438407
801618
370667
403429
631287
485796
429058
554346
371544
207118
238301
82585.3
543390
335704
186475
135971
205405
217985
336181
254909
151470
201448
73682.3
658275
216034
28949.6
312004
168593
41713.2
132790
39014.2
272585
203405
122222
237014
513197
253322
68951.7
293491
158255
19276
193323
186038
195883
162206
160796
248364
58190.1
61152.7
138098
37378.6
153452
45317
143780
183357
128174
206659
139744
118268
176431
130707
130092
131305
105916
124427
81124.5
178174
84258.9
73899.8
210410
179199
124086
78228.7
53350.4
93498.1
132025
70114.6
69138.2
110386
118159
40599.9
129053
230594
125868
75554.6
84385.5
110263
70745.5
78340
91924.9
90818.2
116676
64791.8
128834
75568.1
46685.9
86923.4
65098.5
85724.8
71904.9
32666.9
125840
98199.5
165213
25976.8
110572
97784.8
158757
27232.2
116023
238515
47400.2
9455.26
35508.8
121960
73761.6
12290.2
22677
55255.4
117377
105938
114442
102264
76797.5
103820
118696
87147.7
57360
81724.2
164901
110725
127472
90047.8
132183
60594.6
42205
54427.9
27332.3
104091
29324
21911.5
56643.4
115705
78264.8
98816.8
35505.1
75019.9
83408.4
28051.5
29528.4
94871.4
54017.4
34784.9
111827
112977
58448.8
98824.5
67942.9
41628.9
26663.8
29192.3
68999.4
98508.7
42259.8
21992.8
125938
17483.7
85332.3
74229.6
26258.8
101348
54465.9
96787
134090
60559.2
86665.1
44235.2
95389.2
13791.4
49361.7
66155.5
106513
49190.8
20482.8
94311.3
55642.4
46275.6
67691.2
80359.6
99409.4
105960
33389.1
35541.9
112506
12724
106619
33609.3
38237
16924.8
45726.2
62722.3
92825.4
40475.6
50317.7
113552
78359.3
17793.1
96755.4
79094.7
32638.1
39833.4
74802.1
22724.2
124963
53761.3
90402.1
93324.8
67836.5
33186.8
9087.38
8170.97
99747.3
22875.5
39130.1
77136.1
80099.4
88429.7
65005.5
78005.3
105743
92981.8
22884.2
52493.9
87531.1
