6839339
356081
889774
377063
431359
3.75019e+06
539065
1.03878e+06
271259
1.31938e+06
1.3808e+06
250677
659681
711472
964890
802438
426040
843672
814317
708085
661880
287768
541429
475479
354573
387754
427910
131051
460972
639662
332721
226124
118553
86775
125043
123920
130394
216661
202176
482979
188113
271576
188689
262567
120638
143552
268841
35607
165498
567141
138222
226532
45037.5
113263
98694.2
63532.3
111482
147322
56914.8
261614
46613
140178
174034
197047
195456
60624.4
140629
98856.2
74123
114506
108079
113361
165754
128595
184783
89383
57787.3
218231
138013
110479
53243.8
165067
107344
301749
22557.7
103790
90442.4
174385
51107.8
177504
75073.8
112829
59692.7
229741
54118.2
68314.6
98483.4
144204
85014.5
71368.5
51630
64850.5
22356.9
64646.5
113997
55632.6
34990
60334.3
183207
194029
63243.9
68574.7
69874.2
98818.4
54010.8
62369.1
71376.5
92781.1
71065.5
142134
5436.88
77326.1
7556.7
84268.7
57562.8
140376
112820
83736
97864
89141
69667.4
137058
65150.5
141633
32150.7
34070.2
33139.7
35377.5
59026.9
75688.6
70940.9
57255.1
63383.3
123110
74871.7
123679
93322.4
59249.3
69751.8
102751
47069.5
90366.3
124800
72130.4
70757.3
34776
91638.3
34423.3
55605.6
91726.1
8181.73
80603.5
92501
100042
96282.8
25160.5
23421.1
112739
58751.6
10151.8
50364.6
34573.7
8292.36
74250
42611.4
81905.6
36604.2
87692.4
45656.7
67613.9
21663.4
59104.2
57720.3
87314.2
51292.7
36150.5
50486
79644.2
117849
45844.6
32045.2
35516.5
105214
166650
44099.5
11153.5
37442.7
71169
83415.5
15759.7
56492.2
64202.5
72103.8
15026.9
52188.6
43081.8
15260.4
121638
30305.7
64072.5
25452.1
40746.8
72798.5
61620
87484.3
16631.3
22725.9
84692.7
5344.62
114409
26339.2
64602.1
44655.5
64252.4
75138.5
62526.1
34309
118230
18732.3
61169.3
74654.5
84763.7
29016.1
20841.4
49623.9
24717.8
58652.4
52527.5
46059.4
35803.6
24872.3
91082.8
27968
31379.3
11280.9
37475.4
57475.9
31608.1
81024.5
24015.9
43540.3
158394
60112
65519.2
33848.4
71200.1
