8976474
518784
1.5516e+06
638745
4.52511e+06
864665
782621
1.29835e+06
354198
788759
1.3734e+06
282110
320065
192865
466885
790079
140992
770304
464910
255250
258969
487685
364107
205396
155486
196291
382925
160432
526971
418431
263314
382362
108879
198192
306199
163229
327914
93850.7
95976
155111
266242
12814.2
333920
249059
346415
153196
146428
213579
227434
183117
152921
56872.6
224906
169613
85539.8
7011.27
94800.1
316792
185222
206991
19555.8
163418
74591.6
68281.9
162691
231360
139219
149166
100163
46960.3
196793
60470.2
58346.7
125759
53277.7
42493.7
109667
99053.4
245403
112032
140237
52606.4
95778.2
31593.1
43684
110162
46718.9
108273
4393.24
82819.2
86740.2
176040
47461
69307.5
47819.1
99105.9
81234.8
45504.5
63490.9
118911
38066.3
79583.8
82451
87828.5
28468.9
128312
76701
39310.7
54707.1
74232.7
54987.6
82417.8
5424.69
32014.8
92182
78686.2
130424
71163
90327.7
66566.9
43672.8
23969.5
30523.4
112415
53295.8
70747.1
76550.9
39960.1
46447
79414.4
56187.7
132643
88553.4
47533.9
47320.3
58389.2
23056.4
105687
33972.9
123107
48109.4
15931.2
72862.6
54639.5
96412.9
70655.4
38084.7
50349.1
49422.2
69656.2
76008.1
68462.3
117433
124578
52423.6
49030.8
14241.4
37917.4
38159.8
12071.4
57565.8
69579.9
60103
105160
76262
76492.7
77112.1
48553.6
76101.3
35167.6
73020.4
59924
58375
39195
75841.9
27039.8
20486.1
65479.1
28660.5
103846
25861.2
66051.2
58847.3
40024.6
40076.8
68902.3
60721.1
66633.1
20415.8
55618.4
33277.9
51574.1
84854
59348.1
8094.12
14951.4
12454.4
23259.4
7139.68
33820.8
118761
37702.6
45747.3
45391.9
13058.6
14054.5
78793.4
14990.3
49804.1
7738.9
37427.8
79980.5
25279.3
61014.1
59132
16306.8
22331.7
83207.7
40664.5
17302.6
47131.9
39732.2
22005.7
5809.15
77003.7
93507.5
43219.5
76936.1
13944
33674.2
46662.5
18891.6
56743.7
24597.3
21198.3
10011.8
74354.4
38383.1
125331
27399.3
71632.6
23072.3
4300.62
34115.1
60900.4
50191.6
84237.6
9864.32
55137.9
60070.6
40326.4
46980.1
22148.1
80309
59651.8
75972.5
