3087085
55261.1
98809.1
219777
477370
1.15601e+06
2.29958e+06
657336
336070
320571
459171
2.03374e+06
892190
435596
247360
263444
240711
1.74082e+06
222877
131238
189837
53286.3
440902
861419
322711
295145
264298
189309
293541
192808
109589
161139
244047
173426
184492
113903
122674
136660
232488
460250
255764
55287
93864.3
44120
27736.3
603446
118760
76585.6
130545
126691
238970
435501
69461.4
41071.1
44609
34737.4
224396
165294
91206.8
83493.1
80191.8
83264.7
26414.8
56440.2
22306.9
59487.8
108526
95415.4
208698
82249.9
12585.4
69363.2
142230
337861
121877
32048
35145.1
19805.7
37707.8
384820
62046.9
61220
91538.9
40733.8
149247
216775
52058.3
75174
107222
50603.3
130274
38917.1
47228.6
24832.1
80987.8
7747.53
50345
18737.6
68451.1
15292.8
83713.1
123316
136045
44146.2
71788.9
36641.1
40698
226201
84721.2
29154.2
55747.6
54989.8
105924
212704
77641.3
61979.2
57548.5
33982.7
93228.5
99927.6
63829.1
78199.3
83003.1
79633.4
45638.1
44490.9
20683.8
45494.6
103318
51111.2
102768
39447.8
35839
37086.2
96530.6
178646
66277.8
8097.59
63558
11069.7
18240.6
201366
30188.7
33295.3
82721.1
25824.5
116859
96633.1
42328
36624
65213.3
31228.6
79209.4
5912.78
63626.3
17666.6
52197.7
49141.4
46858.4
12076.6
57768.8
18881.9
64422.8
45785.1
105616
37527.6
45040.9
41025.4
62224.4
149125
71448.8
34355.8
40953.1
24370
58897.2
150755
69326.1
64242.9
69665.5
49685.9
70093.4
66136.8
44365.7
52740.8
80710.3
77371.1
46489.1
35044.4
37650.6
34205.2
85883.8
23875.4
60729.5
20092.8
56266.1
9921.14
67487.3
98226.3
57178.2
2652.17
73427.9
26087.9
29338.2
116434
46895.9
16450.9
61689.6
6570.32
101270
57226.6
64872.6
43463.6
47409.6
71200.9
53695.3
12659.8
63542
31639.7
50815.7
87797.6
57859.5
19489.1
42790.6
30894.2
73257.8
33125.6
94910.8
37285.7
35626.3
32453.8
60903.8
119778
64736.7
35324.8
51834.7
13264.4
40445.2
107874
53156.4
57930.9
78251.7
60130.9
82498.3
25623.4
37854.1
31630.5
68739.4
79852.3
42710.7
32898.7
60780.4
13560.3
67980.6
40172.5
54269.3
5497.61
