0
14451.7
6243.91
14197.3
37902.1
159607
15932.5
10001.5
16173.3
21375.6
15780.1
12467.1
19358.9
27757.4
2365.05
9271.24
24767.4
22139.6
15210.1
9168.63
19399.5
34404.5
23233.6
29777.9
3311.12
17437.5
12434.5
14643.3
20279.3
20599.6
3457.69
24806.8
16109.8
15278.7
17289.4
7815.72
13494.6
9332.79
10741.7
15489.2
8340.62
6099.68
10166.6
7747.34
3495.94
7497.2
5252.29
7271.73
8184.76
11675.9
1101.8
7448.25
7998.41
3190.87
4292.51
8651.79
12445.1
5342.69
4438.78
2402.51
12827.6
7559.8
8807.57
5279.47
12264.2
8084.81
7995.47
5919.81
15568.3
2900.23
3082.03
1970.77
13221.5
9422.55
11608.2
6333.19
4256.82
1658.19
5983.35
13770.6
9937.46
5014.41
2001.47
7473.82
2764.95
1627.31
7555.16
3917.2
5592.01
7725.8
7980.34
6496.37
304.644
2594.96
3593.31
13062.6
8108.58
4608.88
8382.09
7485.77
4363.82
3107.49
3680.12
2814.33
1356.23
5433.7
4091.36
4526.83
6478.13
5761.1
3334.12
639.003
4280.54
3355.56
909.249
5625.63
3062.13
3419.05
2987.75
6902.36
5732.05
10342.8
1412.99
7692.94
1277.73
1814.42
5722.53
456.745
0
1045.88
5266.4
1719.53
8635.86
2666.57
2921.77
7825.28
3780.7
4182.48
1382
1717.48
3089.54
4909.23
1623.34
7017.4
1075.9
1664.02
2521.45
1778.03
5864.29
3969.64
2370.88
4373.43
1458.12
6054.03
2216.2
3069.23
400.731
4096.78
1539.94
4300.44
2712.12
2138.12
2921.4
1879.92
2384.36
3314.44
5822.92
4923.15
1752.44
4123.15
1578.01
10764.5
2031.94
4373.65
3049.71
3288.75
1463.67
2000.98
1494.81
413.934
1228.67
6599.84
9343.04
5253.44
4817.27
873.916
2439.12
3239.96
3042.11
6131.59
725.342
7774.33
4277.49
4606.25
4966
3461.19
5002.69
2700.01
813.022
1058.07
2924.92
1540.71
1796.32
4327.58
4606.8
5243.06
858.625
1584.32
1666.94
2356.48
3368.16
3688.03
1493.45
1027.82
2404.22
2205.13
2366.78
2113.17
5678.9
2794.79
1444.62
1520.2
6341.83
4801.23
2365.61
384.678
1561.08
2217.06
768.173
333.901
3656.9
1108.69
854.385
3078.98
882.388
1616.76
2335.96
3055.23
1427.36
2008.08
2478.33
7730.59
1319.02
166.643
2282.82
5899.25
1464.33
3243.73
1514.96
6480.84
3112.82
2345.9
2910.14
2142.8
2653.23
799.903
