0
14526.7
6162.47
13935.9
37805.7
156525
15752.1
9872.7
15976.9
20950
15705.8
12150.5
19001.8
27055
2365.05
9032.43
24767.4
22083.7
14973.3
8998.1
18783.3
33489.9
23162.9
29174.4
3311.12
16992.3
12277.5
14465.8
20183.8
20166.8
3457.69
24319
16109.8
15147.7
16841.6
7759.51
13183.5
9186.39
10574.5
15208.5
8340.62
6103.51
10097
7588.95
3495.94
7358.96
5178.48
7086.58
8184.76
11456.5
1101.8
7328.06
7998.41
3084.5
4228.6
8470.04
12445.1
5339.88
4438.78
2400.39
12512.8
7396.12
8650.34
5183.11
12264.2
7961.19
7841.22
5784.01
15199
2897.56
3082.03
1968.61
13082.5
9225.65
11427.7
6125.6
4256.82
1657.71
5987.99
13499.6
9780.4
4878.62
2001.47
7361.93
2764.95
1630.68
7490.3
3921.18
5592.01
7597.06
7819.17
6411.83
304.644
2599.18
3513.63
12943.4
8108.58
4497.06
8238.83
7320.18
4363.82
3063.24
3680.12
2729.43
1356.23
5318.4
4091.36
4412.19
6279.77
5636.5
3287.8
635.574
4280.54
3273.94
909.664
5498.64
3062.13
3353.17
2988.13
6765.55
5732.05
10220
1412.99
7545.61
1280.55
1790.81
5686.72
459.07
0
1039.92
5263.34
1697.39
8602.46
2613.13
2866.62
7723.11
3780.7
4088.35
1386.64
1672.76
3089.54
4784.37
1623.34
6841.92
1075.9
1665.02
2521.45
1747.55
5667.97
3869.08
2366.05
4266.86
1458.12
5922.55
2216.2
3048.67
400.731
4015.29
1539.94
4210.26
2712.12
2127.8
2834.91
1872.3
2384.36
3248.52
5700.67
4855.72
1752.44
4086.5
1578.01
10558
2031.94
4291.5
3049.71
3206.76
1463.67
1999.65
1494.81
415.464
1228.67
6387.38
9181.78
5134.52
4817.27
876.216
2439.12
3241.11
3042.11
6004.21
725.342
7637.19
4275.76
4516.18
4877.25
3404.13
5002.69
2702.62
813.022
1057.79
2924.92
1482.83
1789.97
4189.52
4606.8
5149.94
856.005
1591.86
1666.94
2278.28
3368.16
3618.39
1493.45
1022.61
2404.22
2209.23
2366.78
2112.19
5563.86
2749.15
1444.62
1531.09
6185.14
4747.46
2365.61
384.194
1561.08
2167.77
768.173
336.715
3656.9
1111.22
854.385
3018.08
882.388
1558.12
2335.96
2990.51
1427.36
2004.35
2478.33
7548.46
1319.02
168.434
2282.82
5776.31
1464.33
3167.48
1514.96
6420.2
3112.82
2291.5
2920.36
2104.42
2654.33
795.946
