7676045
286190
349589
890903
383936
5.08817e+06
476193
737874
718445
457570
567247
25185.2
93642.2
687472
173320
1.07652e+06
290101
468364
917026
387454
277752
184171
66252.4
311669
97409.3
258882
41326.6
208126
839210
197922
130913
169579
172005
76259
48306.4
51576.7
248072
190046
546596
24124.4
182820
60100.3
254559
150536
79575.4
67705.6
265357
155256
259938
25682.5
176864
234430
214206
116645
183066
133945
121519
84833.5
100567
72723.2
183539
264410
101782
87691.7
144209
167356
68949.3
18232.5
66936.1
147077
177758
184333
68643
97267.3
67260.5
161516
103500
99324.3
104957
112019
111052
104176
50957.6
125078
127203
109819
60233.9
141947
121386
43805.2
54098
65787.9
44324.9
163884
133306
61670.2
32307.4
122770
107184
40896.1
34371
86340
85994.1
123464
90676.4
85335.4
53829.4
130096
89598.8
37886.7
63843.8
110963
62771.6
70302.4
76453.9
23832.1
102193
140544
44994.4
38211.2
83063.3
70927.9
21140.2
64104.9
80144.6
51637.3
116049
102544
65483
51248.3
112281
45708.5
13412
28240.3
85745.3
76906.2
78676.5
68931.8
53412.1
30989.2
143542
33571.1
43326
7284.17
67948.7
60193.6
70026.9
68072.2
26981.4
69353.1
124228
24587.3
79299.8
42028.5
23851.8
46626.2
66583.6
58540.8
75728.8
74950
63249.7
40453.4
56869
89476.4
34435.9
55698.9
63247.1
39523
71586.7
72949.4
44982
22144.6
1302.69
121231
28584.8
81871.4
49366.4
22359.6
52534.6
68626.1
39469.4
40392.4
60674.2
88623.1
31956.3
82611.3
20777.9
41920.4
69627.3
74994.7
18808.4
59448.1
65054.5
33255
26240.1
42833
68348
55043.2
70800.7
94240
35189.4
35477.8
50207
13779.7
5780.68
20131.8
95305.7
49959
73433.2
71366.4
48764
42797.9
56117.1
10585.7
46732.5
39002.6
70820.9
61444
55778.1
3918.84
55466
60633.4
83961.3
44658.2
46377.6
28527.6
33284.9
39089.5
31026.6
70776
58310.6
45240.6
95636.6
57949.1
10823.8
26618.3
28390.9
21505.6
26276.9
88194.2
77249.7
44441.2
50672
51250.5
32736.4
45024.1
48536.1
65531.3
9778.58
67738.1
74789.4
33678.1
30166.6
47369.6
24010.4
68334.5
