8656697
121979
425154
353638
645383
1.01026e+06
178766
248424
1.5582e+06
692758
1.85484e+06
854121
504274
3.76965e+06
1.24843e+06
232309
458856
260230
421197
639667
157963
801213
468748
203540
313699
329066
240053
548436
144904
51046
124746
289541
461969
212668
482189
364009
895580
621281
355490
88419
272819
27074.4
171885
447701
186881
298248
218472
344003
110289
304008
332414
118223
136595
152555
349048
200228
217665
277733
89098.7
194373
346535
120488
47628.8
358543
107492
135577
313912
40063.6
69691.2
231360
268614
223559
237469
163312
128819
227825
56918.8
229412
95638.1
37356.8
253327
117826
96851.7
171629
140551
10918.2
236925
150988
197174
182310
203941
41389.1
201476
228850
33297.5
107052
195456
141389
140440
34106.3
212527
149914
122983
101964
93638.3
148513
97841
126931
61104.1
96666.6
36462.4
125115
50566.3
175271
192222
146720
137336
42603.6
21482.3
90496.6
91070.7
94549.8
202387
52715.6
123379
96720.6
202410
94330.3
103894
151747
167124
44617.3
35068.8
15937.5
22644.3
41768.3
78192
43421.9
184147
92808.9
139824
143395
93203.6
75444.2
57028.7
165964
113247
131168
43380.2
193288
68792.8
51844.9
84891.6
190529
101856
23159.9
118044
57715.4
37129.7
124529
110703
24697.4
65525.2
58784.1
43076.5
78068.5
61558.4
51366.3
111094
55607
114484
61148
110844
28175.1
96023.4
128369
151197
106924
91311.9
125635
88183.3
153614
101871
33620
34652.3
58251.6
87380.6
63723.2
47475.5
48934.9
78765.2
50092.7
63372.4
68643.8
77918.8
82686
80946.2
149510
96135.9
65332.9
48204.8
85204.6
151494
93751.4
122966
22605.2
34811.1
111394
22460.5
181725
49210.1
30157.1
26658.3
29099.5
97495.8
31852.8
53903.5
20459.8
110369
43053.9
127941
49726.1
71591.7
14993.6
49292.1
64944.8
73881.5
142936
93698.1
117423
45849.7
98292.2
113124
82759.8
26127.9
147744
15263
101721
33010.8
24399.7
55870.9
38918.3
17116.5
54883.3
61719.4
43681
27233.6
79049.5
81387.3
34909.2
58020.2
9035.07
100680
58574
222275
26794.4
