8319610
367704
572764
207754
453234
5.10314e+06
445267
148175
618019
349825
78938.3
365160
465358
267648
465061
1.39285e+06
367237
187881
591578
299042
126970
396759
268789
224966
385163
525127
237712
270699
478769
209241
127910
319380
123649
241494
258193
272480
117014
307151
315745
131422
151514
255109
59398.8
185973
122294
262717
63254.7
321746
180647
54202
161796
169239
140152
139841
64138.4
220570
97841.5
286584
46586.5
87749.9
197177
60685.3
171894
89678.2
118930
110935
103188
222896
12457.8
126841
193607
52184
136583
47932.6
128514
17070.2
110668
158533
48833.3
144393
180179
104717
52660.6
34482.7
105425
90411.2
106335
114361
52491.3
107141
165001
128673
39527.2
35137
57300.5
149287
74143.1
101962
44692.9
89195.1
119120
105751
80935.3
43616
3534.13
148641
61735.2
80573.2
62733.5
108107
82288.7
48916.1
89387.8
48786.9
41866.8
120922
46232.2
56431.5
85434.6
138258
72617
15227.9
69982
52252.9
56195.6
72728.2
59658.2
40862.4
92683.5
150429
57829.8
49405.2
60560.9
40078.6
52599.3
36342.5
64389.8
47286.7
89260.6
130078
31440.5
63685.5
86284.1
39273.2
42458
54192.4
59605.9
63045.6
78859.6
90987.4
23304.5
45662.7
117458
30921.9
47816.5
83909.6
44424.8
57827.6
51411.1
49062.9
57363.4
15062
123405
20991.5
46265.4
96813.1
28912.6
30796.1
34071.5
45782.5
87894.5
42664.9
101072
13393.7
21510.3
95662.5
19329.2
13143.6
57221.4
52325.3
102188
63741.7
68914.4
4748.45
16898.4
70164.6
31200.4
17399.5
90745.6
42659.2
98874.5
76754.8
17955.5
14265.8
58996.2
30661
31360.3
21574
110754
25294.2
88633.4
45616.8
19031.9
17383.5
85536
7283
39513
32924.9
104582
38043.2
72148.5
6252.04
27318.3
15495.5
82183.6
40202
47626.2
47969.3
69698.4
56972.4
76575.7
29262.5
13019.4
14727.7
65243.5
54135.5
56357
69633.6
28118.5
65616.1
81502.1
49384.6
19031.5
26164.7
24441.6
46954.9
62526.7
70696.2
17792
57738.6
89775.3
48187.7
48634.9
24472.5
15226.4
25717.6
63891.3
53752.2
43213.9
45384.9
88891.2
33455.4
76285.8
27236.1
39447.3
29767.3
