7985777
1.51263e+06
2.04682e+06
2.17318e+06
389573
717628
366902
419565
796739
591011
286219
402005
2.06531e+06
1.45595e+06
571743
603026
745960
967378
565708
544517
302213
550694
461151
533124
449334
667836
897733
578311
504628
561759
267804
386293
423613
326758
237292
140355
212098
177526
275221
68616.1
242034
330979
129490
146059
96904.1
55798.6
77392.9
268204
144754
129123
397358
176290
108619
140092
167315
64481.8
300404
272767
278180
185647
254415
226272
301255
270365
205250
437241
218835
427997
550343
492143
414720
354130
74205.6
375463
365849
79415.1
326014
356831
105041
459786
411511
101921
260017
156870
122234
373883
226765
112782
265790
118396
222524
151118
83434
318610
111968
189039
325528
133472
229630
43550.6
17618.9
248997
274819
224494
172728
94669.5
117854
284603
79856.4
222124
66695
168258
270706
149925
179665
239472
128667
178615
100074
155075
124475
131677
140316
83834.3
116425
105797
58784.2
142680
102935
161487
148167
166311
142547
68274.3
164968
97347
108191
20282.6
69912.2
86537.3
89297.6
155045
89705.7
81389.7
159768
181004
97394.7
81759.7
23915.4
120141
143908
57696.4
92044.1
117570
209456
174482
36622
164566
10798.3
118412
134634
50436
100148
112689
144204
88620.4
148156
165613
87793.2
73245.2
95934.4
51505.6
98479.2
75147.9
135001
103161
194412
79613.3
157093
110330
37562
124227
67733.8
94164.4
202236
35000.3
104862
135788
15731.7
80005.1
92146.2
87299.8
28930.1
143275
92555.5
91692.7
74572.9
30181.3
81074
23094.5
167790
148474
71817
91624.6
80745.9
79568.6
46617.6
53274
53228.7
111160
144929
135656
126595
153453
32302.8
74849.1
85958.4
113622
124954
23746.8
51427
97543.7
49897.1
43907.8
84318.2
60160.5
21902.2
47190.8
142468
95589.3
115994
60655.5
29189.9
42848.9
176013
148353
113010
156878
83084.6
120529
25196.9
121423
79769.1
45939.1
122292
170111
84041.3
35808.6
61276.8
97389.1
97474.6
62121.4
130884
112437
102273
49769.7
