7206359
405752
375358
152377
252928
4.55696e+06
796353
364312
203918
191102
708420
381931
171379
319950
507950
1.40276e+06
547631
366901
530095
546434
913622
179989
321230
273081
114062
269136
599391
120890
73446.9
57931.7
307995
538165
66628.6
38156.5
171506
347521
322778
152985
282109
271352
275865
516344
354213
222033
84137.7
54924.1
142757
211334
66318.1
39668.7
17498.7
386729
149254
24825.2
136418
127930
98624.9
92519.7
129699
164416
144282
301465
107279
97069.4
149677
36502.2
248072
115552
111168
77745.9
44775.5
159904
109501
94642.6
138988
41526.1
204988
76438
170154
66494.2
60782.6
132370
86227.4
64346.4
79724
37830.4
111412
158683
179327
38873.8
98195.6
87188.2
61873
110291
98062.2
50262.1
164617
106726
192085
47020.9
47408.8
111600
117492
117127
95731.7
67061.1
35348.9
141665
39389.5
100094
99001.3
21425.8
157067
22197.3
148604
75738
74230.6
50793.8
66827.3
81741.2
36703.8
125480
163662
80485.5
76618.6
37880.4
63627.6
95008.3
46338.8
74643.1
43492
30711.7
151136
55202.1
128095
28056.9
29276.3
18708.8
55577.5
58545.4
29584.4
33343.4
150991
49914.2
81156.8
36262.3
39663
40483.1
67567.6
51865.9
66697.9
40003.9
129295
40021.8
41042.3
19013
25657.6
90218.4
57147.2
62779.7
94803.1
38234.1
68762.7
82951.7
47069.1
60221.3
34529.8
93216.9
116356
38094.2
59521.1
83631.6
37306.8
28682
2311.09
57342.9
76099
91853.5
76668.3
69832.3
24856.6
40231.3
61162.8
74228.9
73635.3
56995.9
9885.74
77825.2
172110
14939
69724.4
56095.9
8155.3
41867.6
8648.61
94003.3
42853.3
66166.9
95174.5
52648.4
32057.2
18812
19455.8
41798.5
39882.7
48411.2
57265
100295
88142.2
39390
18705
56825.6
50861.3
82013.5
27492.8
71148.8
30475.8
70358.6
36968.8
49098.9
3736.69
79306.6
62082.3
57490
51495.7
74141.9
27737.6
46430.7
49772.2
35569.8
19258.5
72890.2
52042
27714.9
68763.7
59898.1
17808.5
22181.2
72129.8
6785.19
12119.4
90741
5002.46
97739.7
98489.7
78900.7
64297.3
19426.7
30459.5
90521.3
60840.9
68538.2
46769.8
54677.6
22697.2
59115.9
