8261031
256366
738258
1.24436e+06
349626
4.57712e+06
504799
1.17784e+06
637490
362051
411787
338335
450244
831126
548093
678747
560608
707648
327368
434368
471414
376502
356861
358714
564705
78650.4
325056
149434
77253.7
179600
206573
329416
480636
326644
315157
29114.5
165720
154070
102879
154892
120702
146194
348183
343876
86997.7
141654
148878
158476
226206
199394
58189.7
139087
96047
264346
59564.1
130989
124652
146554
237989
67191.2
154422
237853
35184.6
124692
68249
87017.5
63463.4
64267.9
146292
149404
236023
136313
92030.8
50210.1
152164
59976.1
18065
110487
81563.8
105397
153967
69173.4
169812
63384.7
179397
60705
31648.6
112135
46742.8
53397
102423
89170.5
123097
93317.9
147559
54718.9
115304
90847
23746.8
83813.9
88283.6
39292.9
113483
118463
30367.6
53659.4
145775
99271.3
43307.3
59805.7
53982.5
57711.8
105181
118273
89234.9
54802.5
46936.1
57060.7
86402.9
83741
75858.8
108091
51340.6
90310.5
71065.1
49677.2
78813.3
68773.9
45982.4
35032.5
93777.6
128778
29386.5
60603.2
35481.3
81906
82800.1
50263.6
31169.5
47433.1
108439
77394.5
23213.9
86318
83036.1
63349.5
28627.9
43384.1
53007.9
67666.7
122976
32840
32669.4
49671.7
36226.5
54269.5
100998
44169.1
82581.9
55311.8
83523.3
51419.7
43554.8
47720.8
25611.1
37781.9
77128.8
16043.4
123227
46672.4
22943.4
97789.7
41318.4
28693.7
24879.7
34029.1
18477
17483.5
106190
84184.6
54552.5
80734.3
55670.2
53440.9
11847.8
32830.9
26414.8
39304.4
72790.5
89669.2
17586.9
11811.6
91246.9
83881.7
42320.9
25310.8
56479.3
36751.7
60964.2
35111.7
55200.4
61513.1
53012.1
51136.5
59267.1
52038.1
70082.2
11834
93008.1
56377.8
42382.8
27379.3
15048.1
31242.3
48169
62761.5
71329.3
13537.1
81906.2
87064.2
36799.1
45473.5
45935.2
21339.8
19581.7
52894.2
58459.3
60909.6
9168.16
75456.6
60702.2
70013.6
42533.2
65720.5
8446.09
39023.5
39303
82461.1
42456.6
33420.8
20236.5
50902.5
32161.6
62679.4
42893.5
100820
63630.2
44988
42275.2
6852.19
25252.1
35409.9
7654.71
21670.4
56211.5
92081.4
