5899485
925469
524837
2.4291e+06
1.00822e+06
1.7878e+06
1.1967e+06
1.4997e+06
1.68729e+06
479931
1.69804e+06
658301
1.55181e+06
1.13475e+06
394222
184013
327094
593478
444087
549317
289908
387859
411771
87653.5
88976.1
263857
388915
305321
390114
353949
261077
220839
459524
239650
201139
303971
234962
233900
429031
153131
32723.9
146921
272051
229846
184916
345026
97324
38152.9
123751
135331
331350
127049
201341
323919
53446.9
124528
59564.1
25695
145339
118647
110158
163244
231078
70286.7
74771.9
32874.5
109269
263647
85021.1
111115
200250
177479
28312.5
276633
187856
43252.9
93910.5
120095
51053.6
86784
82694.2
82060.2
80844.6
73733.7
68949
177660
149003
167949
50064.1
31000.5
77426.8
126139
37577.5
73895.7
95018.9
130610
68991.4
123605
132013
209331
107403
50081.9
89076.7
94660.1
79573.6
126769
102321
28050.3
61000.4
60301.4
67711.6
115741
48720.6
64925.5
89382.5
92124.4
18255.4
94848.7
50520.9
78381.3
73308.2
91421.3
160039
112846
84332.2
71606.1
31175.4
70331.9
98339
66011.3
120734
80226.4
76669.7
61669.4
50011.1
47186.4
22965
23987.9
41966.5
26260.8
132682
103593
27938.1
25520.2
126080
47157.4
117008
71998
19333.5
83885.8
80395.4
51292.9
39171.4
63256.4
105904
72242.2
90310.6
49876.9
17275
50822
39628.7
47414.8
87227.6
24613.6
147880
69898.6
57756.4
57360.6
57554
32728.6
26563.7
93017.4
25809.6
39690
48470.1
55688.7
56301.1
50779.2
84066.3
78290.4
50485.8
19186.7
123949
50366.8
40781.1
118983
25035.3
12299.5
24746.6
61684.6
70129.5
54418.3
17493
16449.4
77815.7
85847.9
55772.2
87538.4
13843
71648.1
21840.1
35379.9
14160.7
7237.09
60118.7
91097.5
84768.5
61673.3
53187.6
99061.4
72725.7
62495
48977.3
27048.7
15124.9
32326.7
43879.8
59421.5
68795.4
61538.8
38001
67818.5
27706.8
95440.9
66300.7
62940.6
51955.9
48497.1
29894.4
60491.2
48609.6
47743.6
67061.8
29744.1
87439
49471.3
74029.2
48191.4
27266.2
81759.3
46177.5
31176.6
61840.1
57959.5
50227.9
65878.5
53573.4
79360.5
13753.7
33130.9
80771.2
32569.9
58529.2
20500.2
82056
61897.5
