8588743
421030
226074
320091
756456
4.39782e+06
745722
167729
372359
29605.9
715247
214499
567109
401863
567841
634281
426580
341817
295264
841784
996310
82810.7
1.03818e+06
451811
687274
280861
82161.5
248556
91068.4
724774
498509
178845
614235
353017
702364
176144
410318
328151
96160
172656
48926.8
651474
210935
223737
197980
161299
97977
233909
123865
232497
250956
372271
249263
225328
224918
83630.5
542478
290280
353772
326662
179173
284627
131837
70192
45380.1
123677
359195
64284.8
100205
48401.3
64846.9
184342
111474
200240
46863
227248
143306
147332
144800
124082
158309
127113
84640.3
158630
105103
43265.4
109564
232620
120519
115857
190012
169550
75407.1
48664.4
7576.36
183128
48255
109694
137606
187073
202635
161811
62702.9
94433.3
114020
218866
16245.1
156831
128882
51094.4
103897
159588
111220
36326
66534.5
147173
35271.5
92930.4
140711
65644.4
84029.4
175897
168440
97837.5
91440
58276.8
136205
144685
131108
36108.1
40480
47804.2
56253.2
72475.2
139630
159406
80885.5
182728
16653.5
123318
50581.8
84792.9
32689.7
13421.6
117950
153871
38357.1
69883.8
143166
134509
20293.2
46876.9
30988
43965.6
78860.3
130052
71089.8
59824.3
94634
72460.7
75094.5
47463
120683
57708.3
5382.64
113665
33218.2
24503.6
42402.1
107907
40231.3
61924.7
76202.9
144661
64575.9
10678.1
22573.6
61750.2
77253.1
110383
80125.8
31277.7
36770.1
47113.7
20315.3
75206.2
76472.4
72372.6
33013.6
119697
58702.3
22018
47026.6
25777.6
76749.1
82487.5
57865
153746
60261.6
107928
175175
52339
87314.1
83140.6
21941
50704.5
77878.9
89117.3
55187.5
33712.2
91092.8
81600.4
108672
101205
102048
56703.4
37462.1
29503.2
29498.2
202708
49058.8
39423.6
13089.3
135268
52161.5
26301.8
73743.4
87595.5
83776.4
152095
56479.4
84804.1
15065.2
94942.5
143815
38001.9
93883.7
96033.6
29301.7
50532.1
28557.9
31595
37623.9
19209.1
105445
23970.2
14915.8
86483.9
30875.2
32086.6
40529.3
35499
81828.7
58563.2
97390.9
65093.9
