7605006
315636
294256
885150
917260
772581
357830
595560
1.73094e+06
2.31789e+06
796342
1.31684e+06
826235
1.79588e+06
779016
445667
787750
2.33467e+06
606309
366130
957597
461317
273357
184016
325038
692438
261828
565246
408980
480051
404487
468116
467609
601705
368504
391736
758760
304607
184138
486193
187278
227228
317618
19067.4
255882
402839
208944
168380
407342
291135
303809
297205
133256
95390.8
73690.7
221330
44447
485922
119568
104601
195280
372686
113525
198448
474297
153917
251276
183820
256747
110964
206369
126196
69125.8
102105
204895
170398
96646.3
77492.8
166399
117469
234118
296071
157738
299350
116946
118023
113226
137732
72329.7
116646
94527.4
200267
88949.6
172645
231390
212117
192723
196504
138285
113890
112846
161711
106932
120555
136614
139871
98877.7
60664
77716.1
37400.4
164980
198665
145448
144405
160564
85467.1
61351.7
39615.7
104605
71413.1
142665
117961
47670.4
220161
142117
106004
118442
111551
167165
104366
61349.6
72152
142734
71960.5
34731.7
133471
52550.8
142243
63461.6
10210.1
78971.2
189030
122164
76537.6
140907
188225
140968
33983.9
60405.1
126492
41388.5
111377
107015
124925
74464.1
65009.7
63817.9
128391
94621.5
159689
62226.4
40233.9
104040
140965
138456
130720
62504.5
119289
63759.2
6018.43
217460
87776.6
50965.3
120965
44365.9
55898.2
97164.1
146627
18290.8
100045
26597.2
87881.8
106063
20762
26721.2
101300
98020.4
121707
31674.7
106870
36461.6
74690.2
89332.9
14019.5
30921
114853
54078.1
177775
102233
56694.6
60878.5
48079.4
65347.7
19267.7
39313.4
65725.6
45390.9
133013
169210
124518
22377
13075.2
107960
49658.9
133776
61104
96496.5
72700.7
41181.7
100098
60464.4
21135.7
77632.3
173470
53638.2
125690
67728.9
78216.6
76964.9
52263.6
78212.6
92045.3
41281.8
78117.2
85092.2
7940.63
59326.4
97176.7
45412.9
35259.4
95742.8
132009
94388.6
31000.2
56354.2
40243.3
44096.2
61481.5
60348.4
95756.1
35115.8
204143
73649.6
77095.2
121687
55785.9
