6329121
195470
836756
887374
1.20882e+06
2.38295e+06
420575
2.11826e+06
1.86822e+06
280039
2.00084e+06
302522
934599
685986
798871
638995
274172
853105
735614
443277
852698
914019
195251
610063
938012
163539
206554
323693
422790
426926
196068
112394
279196
464179
279144
91268.8
233770
59673.1
92175.3
254948
406090
436225
316886
202138
251872
101806
181953
116651
224613
316381
320579
137718
151478
251073
165642
107737
256100
267473
39548.6
154361
58235.7
74125.2
205716
172591
114217
26947.9
437461
209779
240303
223979
143064
81288
135037
20054.7
149437
35117
77722.6
93033.4
198510
210284
105030
180139
259781
53645.9
131291
136945
103094
13856.3
100435
172209
45775.9
147854
17032.1
82777.8
100765
300930
119900
103163
58591.7
190706
172007
112194
78822.7
67996.2
140632
81061.7
60181.5
116649
21165.1
45725.7
146576
130530
244447
18587.4
106377
70849.3
53074.7
40748.3
71109.4
92930.9
127659
76587
83351.7
138828
248104
122813
115381
78816.6
103452
50371.2
101438
36317.8
51786.8
27768.5
104556
62824.4
30888.5
167344
139461
120914
115711
75779.9
32769.1
88231.2
118439
126306
64787.3
76806
36461.2
106847
85356.1
142059
54214.6
9332.96
144782
26326.9
111827
104494
52009.7
43402.6
85232.1
46127.1
115480
63704.5
81614
45721.7
54597.4
92894.4
156653
31370.3
64406.4
58568.9
16599.8
47851.3
105140
59685.8
36854.1
90632.6
64548.6
60157.5
55453.2
82282.9
94628.2
166969
138687
79053
95772.8
76594.3
39226.7
74990
42773.9
28223.6
39882.4
56903.5
95458.2
104354
54322.6
87517.6
23301.1
33828.1
95745
53704.2
86116.4
65940.9
38081.4
38247
37654.4
87845.2
38849.8
29732.3
122306
73543.6
87046.5
37546.9
55188.4
27141.1
102010
35218
21297.9
65526.8
42875.2
92343.5
130463
53561.9
50947.1
61383.9
89079.4
38580.4
106897
50098.4
98429
16326.6
25128.2
39463.2
107139
67854.7
86745.3
35315.6
70564.5
110339
26565.2
26697.7
49924.6
72509.3
92238.1
73855.6
14338.7
28904.6
30116.9
79679.1
24587.2
86089.3
26868.4
28498.4
96451.3
89052.2
