13636149
293081
383707
363039
486907
579496
2.31996e+06
895858
220953
139609
90890.8
231108
882704
1.89921e+06
555836
404192
289809
223768
159969
1.92823e+06
312230
198702
248764
205628
315937
1.10865e+06
332681
123846
2339.13
90290
117999
273520
410803
138840
93404.8
94662.8
48074
53278.8
43470.4
40451.4
72750.1
54639.2
118023
89796.4
294822
110434
21364.1
111658
47450.1
16604
241578
422956
144239
117984
124169
87547.8
67716.5
625048
112619
85301.4
163159
62692.6
93218.9
462912
93300.8
48531.4
29361.8
92038.5
84288.4
172790
163519
79884
74411.6
99234.7
58144.2
69764.8
34952.3
36681.5
63742.3
36611.2
103773
87781.6
131160
65463
14581
106562
51755
21858.5
139410
227924
57532.5
75004.9
90237.9
72489.6
76751.5
347279
70170.5
47322.9
146832
43095.9
42845.1
289849
33512.4
27224.4
54106.6
70830.7
71627.8
146721
79996.2
46454.5
58686.4
95645.2
63436.8
70772.1
19248.4
39822.7
57282.3
26263.8
97290.2
91215.7
67506.9
58953.6
10669.2
98456.4
60804.4
45134.5
89272.4
152069
33034.8
66979.1
71139.5
60007.3
83511.7
225356
50330.8
26095.4
137730
43176.8
29377.6
202462
19994.2
23477.1
73239.7
57801.5
60972.8
128116
26603.8
20148.4
58340.1
92694.6
66557.2
76899.6
6418.78
34823.8
54187.3
29320.3
84289.3
95500.7
38294.4
58329.2
21412.1
86017
64940.6
59465.3
51787
119590
27093.5
65347.7
47743.6
49164.4
76081.7
159526
35807.4
1899.79
119553
44337.9
33208.3
148391
13290
15772.5
86562.3
42075.3
49342
116214
16599
2856.86
52255.8
84604.8
63478
87470.6
19476
23561.5
48265.5
43601.6
71486
101397
19775.9
66344.4
35174.3
75344.2
64685.1
66458.2
27622.7
106312
35318.8
64345.1
32674.2
33867.7
70847.7
123653
40480.9
26618.6
103270
42485.4
40541.6
114001
14163.8
6106.67
96587.1
24934.2
31062.4
103298
29310.7
20875
68136.9
68339.1
57260.4
94690.4
37799.2
16786.4
40568.7
57982.5
59400.4
96223.4
17125.4
71351.2
47342.1
66660.7
58423.7
72000.2
15832
105285
47060.2
59045.4
31539.3
16455.8
55372.4
105730
49399.3
46928.1
82556.6
31462.3
42104.8
99579.6
20910.6
9720.74
