9037619
47424.4
296857
437929
416887
562809
1.36486e+06
976206
858295
622358
336417
449593
965956
3.23147e+06
1.73743e+06
212361
135983
602214
605543
897364
1.74757e+06
448516
973110
368507
446714
164176
401571
201039
441335
347048
540224
199675
323019
711415
428467
471429
396036
112924
256909
297796
380272
299183
467321
178277
147846
439279
208304
589793
224861
363139
255583
75825.2
419084
218686
420746
136558
328859
338290
321109
127744
211650
240950
185108
210956
144531
274235
79026
350732
230647
160260
131304
141383
60361.4
82595.4
394151
100051
161518
98503.5
142629
443500
248934
216828
339444
84018.7
20071.6
37943.5
188571
149729
170655
68605.7
322156
151865
130886
131225
95712.2
58120.8
189082
170498
216646
250013
162702
51650.6
118710
78146.7
39788.1
24008.6
196199
87366.5
84518.9
158356
114710
192225
90881.4
94996.7
210198
34124.1
140897
70887.7
117374
256788
106272
230363
105937
84835
83856.2
41512.2
70781.9
84272.5
103601
182879
105949
151421
177134
107951
179716
146839
72363
122643
73373.5
85488.9
150463
111517
102870
86132.2
111927
107177
42244.2
45251.9
149409
125194
99547
125989
47374.2
107287
212526
110973
121119
46081
129395
135685
148007
131996
65029.5
89026.1
130175
138516
26354
192872
97382.9
34967.6
62380.6
44717.3
64143.4
58718.4
90749
79956.1
80322.9
92689
33469.4
18540
72310.6
140852
26579.1
118824
36132.3
98134.2
102025
66852.8
46818
115007
145370
199981
8677.59
85443.8
146173
57460.9
40869.5
100923
140326
113725
36846.1
88584.8
64340.3
71071.8
53974.9
93520.8
55145.3
58097.6
37181.8
78071.5
119582
74309.9
77778.5
26530.6
167669
116001
9997.44
77856
45033.5
107919
226988
48406.5
84803.7
172873
45554.4
35562.9
36392.5
33807
65332.8
42435
29367.7
102436
38423
130225
47849.5
88272.8
90545.7
24073.2
32013.4
72417.9
86318.6
122987
32768.6
43168.8
91726.7
35618.9
99392.8
160575
109997
82781.1
59146.5
97393.5
190102
83315.3
77525.6
126026
