8160563
383203
836975
554751
3.2613e+06
1.01086e+06
177840
1.02481e+06
1.31221e+06
1.87744e+06
1.99582e+06
359618
555712
1.59259e+06
553312
199251
320520
1.03523e+06
489285
658522
478321
583272
623228
558426
365801
179731
229165
674836
528054
136677
333479
409179
310711
207385
237135
456499
119285
181842
208737
183005
360998
108904
108583
386627
223709
192400
184049
377633
223024
150072
154297
251824
301539
167399
301974
97919.2
16527.3
99084.2
234715
200733
135514
162499
88842.6
133096
79205.5
233661
177931
210116
93074.5
136816
241314
96433.2
103545
187115
133958
43018
46544.7
67306.7
113158
196132
13429.5
168006
195734
97041.1
61213.6
76331.1
74375.5
298451
225686
73905.9
76166
90272
185880
73297.7
77586.7
122621
77947.2
202587
22836.3
158924
76107.3
95309.9
120701
107076
48541.4
79720.3
167245
61581.5
102121
89002.8
76198
23552.2
89769
75275.2
133616
31878.4
125146
35672.3
107940
85454.6
86605
85867.6
125387
56504.1
83020.6
86667.1
108045
107780
98233
140439
75560.4
53719.7
122696
81559.6
79239.2
146316
96984.7
8376.58
86339.4
155252
30802.1
139532
60477.4
95214.9
35657
111486
31319.1
40576.6
90672.9
88242.1
26134.5
55629.4
108335
22295.6
66536.8
95384.5
37485.1
81563
30990.4
65050.8
81845.9
36750.7
173548
97339
108416
88471.3
115704
19912.2
18878.3
71730.4
32059.7
65934.6
107370
67726.5
53488.3
19946.7
114552
68988.2
106310
21780.7
45455.7
21414.8
51518.4
44284.6
33823.1
44236.7
62617.9
23766.6
58334.1
114453
58010.7
81307
103116
30645
67179.1
40736.7
61990.8
102687
98617.4
162645
75534.5
69939.8
37429.9
89588
20311.9
49061.8
70578.5
70639.9
39390.1
38150.1
44262.3
85072.1
61171.3
65353.2
101031
32011.1
82243.5
67904.9
84057.3
30373.1
27483.3
35568.2
41180.7
18399.8
95279.3
49534.4
121210
29814.5
24632.3
32087.4
60889.7
18805.3
16483.4
22980.5
81077.5
50179.5
57745.5
95330.4
176803
18265.5
68220
30053.4
51335.4
21989
48270.2
60057.8
40185.6
84239
5171.96
55777
27036.6
131633
79050.8
36790.6
37302.8
76286.5
