6873694
250330
305863
320884
632430
1.62629e+06
4.44147e+06
958805
524121
357672
313601
736149
940786
481101
439384
343651
249332
1.1883e+06
348194
237179
293891
220418
257820
986660
37205.4
63952.2
155029
85661.1
125516
288735
88892.7
89496.6
126506
248927
705804
422178
157604
125461
138765
196952
262858
116177
106555
79727
137118
218844
450786
59927
60034.3
109743
107492
224996
275802
136676
153392
23079.3
39329.6
259287
97916.8
13496.6
99070.9
57804.3
67869.1
470166
55998.4
66831.5
87072.4
43165.9
38732.2
23989
62731.9
108124
14930.6
52311.8
233899
236640
104748
82268.1
44991.3
122116
147824
49762.5
24983.7
133012
80609.8
84183.2
232536
36573
64527
117062
119732
140035
168401
54323.4
69228.7
85206.8
69139
33035.6
101693
22666.6
69775.4
7365.61
85292.4
241271
93453.5
12687.9
58151
19410.9
67912.8
111995
94995.8
118257
24291.1
55297.9
146973
128191
52193
52403.1
53182.4
83680.9
136902
25815.4
63979.5
107534
10990
27153.9
118312
52891.8
33409.6
73056.2
82477.9
42779.3
171500
64082.8
79968.1
68327.6
83905.8
45347.8
27291.9
8600.08
117567
38761.9
29589.3
131287
86219.7
48004.6
70590.7
39160.4
61639.7
82237.9
54866.1
62260.5
62647.9
36462.7
53994.4
126799
20611.3
54479.9
63995.1
107937
103739
51087.6
39531.1
60817.1
37253.9
63039.2
67940.5
77925.1
66776.3
47518.3
42488.2
56782.6
106801
68670.1
22953
40926
64101.7
12645.7
52539
61275.1
121778
32678.4
17854.4
99775.6
64374.2
30344
59822
76727.1
50576.3
70448.3
29223
86645.1
56242.8
34356.4
31557.7
90222.1
27033.8
67363.7
24890.2
79305.7
28545.9
80264.5
49023.6
59019.1
26012.2
76271.4
94422.9
43025.7
45582.8
81615.3
56371.8
19691.7
87072.4
55127.2
37421.7
59484.7
77598.7
8664.03
34929.1
60371.1
84472.3
14220.7
17335.5
53255.1
90553.7
15453.5
48298
70332.9
73706.7
64646.2
49367.9
68830.6
25869.6
37686.9
40166.9
80157.9
57910.8
102090
27704.5
38007.4
38186.2
54825
62909.5
7781.02
45438.5
58739.4
60640.2
12866.8
66473.4
85025.1
50907.4
16897.4
100407
41241.4
33041
32871.9
