7433537
267256
342344
647259
381875
5.03349e+06
338023
540214
412885
309535
882473
198831
401442
627348
269665
1.15084e+06
294544
364363
412445
386689
611876
176511
412077
531829
154173
303361
219887
193792
395355
349040
313409
126949
327298
415448
96781.9
250471
155402
217792
238889
217993
40873.9
157223
219819
307085
168555
270066
148418
270058
41356.4
41727.9
119377
197644
129347
204707
172840
174222
96615.8
209942
115395
86501
148784
209213
173637
98593.4
134207
52681
48743.6
75398.7
185875
141134
120876
186682
164363
77788.9
99948.7
98740.8
49283.8
79740.2
155566
148611
61158.8
121136
81747.7
115835
83599
137396
52137.5
158761
78712
99446.4
54355.6
92041.1
64551
105171
62936.9
155764
45911.7
168443
17748.4
79882.7
101117
83474.2
122739
55066.7
26884.4
107135
25825.7
105648
31056.6
69831.4
150841
77139.7
132105
53286.6
27010.1
30824.4
57234.7
46681.1
29296.2
54631.9
172096
57959
86986.7
60578.8
43240.6
89100.6
77702.5
44282.5
46343.1
35886
124594
30924.1
46140.4
53558.9
54893.9
141308
80173.7
89373.1
70871.6
24198.1
29170.6
27604.3
13255.1
5903.26
68016.3
121595
71470.6
111215
83029.3
21374.9
52767.3
29607.4
18218.8
33967.2
80767.8
59821.5
50404.7
106574
76497.8
37941.4
91913
26136.1
27347.2
45312.2
75076.6
79055.7
22911.6
69258
77188.2
53562
79418.7
16708.3
28435.9
20800.2
44340
127949
33687.3
57230.5
60731.8
42664.6
32377.6
26186.1
17814.2
28427.4
40188.8
139459
48024.7
80186.7
25611.7
18862.8
13777.9
29167.5
55952.7
41116.2
55558.7
105899
37950.5
65957.7
29406.5
39703.5
28980.5
28934.4
104583
55695.3
40465.9
58960.3
27553.9
23421.8
61035.8
63510.4
22790.4
14396.1
113176
53363.8
17083.9
56004
16387.2
58165.5
63974
47921.6
32084.3
14408.1
75763.6
65898.4
9994.82
65350.7
18713.2
100338
40168.1
15760.2
36474.6
44864.4
27306.6
60246.5
16388.2
59167.3
26924.4
107776
33780
24096.7
32316.2
85847.5
41006.4
53531.5
21283.9
29724.6
14428.5
72978.2
41841.9
54816.9
51458.7
95230.3
60240.8
52091.5
36405.5
13859.9
