8170176
305377
703348
732048
300735
4.84262e+06
166544
502635
545162
345217
159027
196894
735157
673275
415258
1.17368e+06
108214
290502
347055
281952
51204.6
165409
642962
566398
399292
271636
113487
56669.3
237690
173876
180539
249851
480821
361449
317442
145822
85271.4
89167.2
162450
124378
243141
291576
229575
197065
201124
161146
80474.3
134658
143148
206927
250190
237304
35642.6
179314
106301
129395
38589.7
105159
85701.8
253876
186657
145828
61119.7
160218
134742
102921
62671.2
109747
85841.8
220276
160124
94313.2
71321.8
64184.8
150497
103134
101954
127325
52505.7
126380
182584
113260
45862.7
64884.4
145696
41018.4
106068
108899
46241.7
62422.3
140626
105259
22084.1
105560
146824
35725
112332
58652.2
95362.1
39627.7
86068.3
79428.8
34022.1
108720
155735
75254.6
68550.5
98277.7
117941
50387.6
23100.7
38650.5
72971.3
72456.7
122072
40988.3
34305.8
130465
105312
56486.7
63971.4
20274.1
108218
72828.9
74270.8
56464.8
20201
114812
72709.3
58537.1
69368.2
10994.7
100091
77042.4
57094
116410
4069.31
54971.4
47753.4
78667.1
55280.1
11488.5
59825.8
47702.2
81018.5
146019
12812.6
19589.4
51894.2
88001.2
48665.9
20332.6
45222
11970.9
65754
124324
18349.3
57982.6
66872.4
79720.8
43764.4
14942.2
99114
57496.9
26863.6
70179.4
2552.27
64074
75023.5
56986.7
18768.5
32920.4
114754
77591.7
47224.5
22831.2
16478.5
52103.9
77513.4
36228.3
26800.5
78611
83026.9
63866.4
77963.8
7933.96
42445.9
30600.4
55526.6
54273
57672.8
86682.1
38237.9
48243
81343.2
29780
44169.7
31325
5208.82
73846.1
52384
79174.8
57764.3
59576.6
60454.8
51158
27618.2
47063.2
48428.9
68316.7
36914.7
44736
75809
69006.7
40178.9
53053.9
29002.9
55610.5
68695.3
37734.3
62975.2
7220.23
64988.6
51777.1
48095.7
31707.9
60213.8
44922.6
55444.3
26752.4
83452.1
44391.1
65131.8
36482.4
70437
11309
66788.5
22916.6
18510.8
27590
66250.2
70947.8
57890.9
28073
84831.8
49654.6
50926.4
32392.7
56950.6
26218.1
23446.8
67365.7
31213.3
19640.6
87061.1
54446.8
