5814560
410936
2.33089e+06
2.54617e+06
575797
3.0457e+06
637800
266104
17134.7
507050
416860
722106
1.2628e+06
530050
602195
572250
836425
546914
718334
542846
555669
298887
52355
405656
458315
681242
218758
260532
272433
259269
352462
374042
239625
220876
182919
54694.7
104857
361799
123492
276823
356195
111258
99449.6
117798
353253
68883.2
265256
40532.1
200311
26534.6
153515
234146
148976
230248
193782
48517.1
169791
245950
215205
109602
164651
158633
171060
194564
153995
93327
185248
24287
174271
130852
101710
13473.1
142134
206394
62018.3
76274.7
139096
38262.7
165225
49005.3
114400
193418
95673.2
202590
76801.4
244022
84139.2
147039
121467
66326.3
97001.4
48304.1
84810.1
227813
103557
27860
79309.8
90411.5
114982
22401.5
180775
63462.6
81876.3
56975.1
110740
158458
54371.9
38906.2
170998
77536.8
63990.7
42193.2
100164
100012
53122.2
94447.9
52992.2
35296.1
46484.9
64673.3
83975
114526
48039.4
7647.52
44352.9
114420
136372
76893.7
134785
63574.7
37789.7
46202.6
100438
69346
42762
89656.7
133230
9545.45
34766.2
41908.1
40186.2
105874
66535.2
93535.3
67926.5
17461.3
108635
39930.6
34135.1
77816.6
109388
116754
58996.3
132598
21074.9
13910.2
72265.8
41225.8
13961.3
31706.9
47050.6
82388.2
31170.1
51836.3
31533.1
20688.2
34605
42036.6
63817.8
47121.2
44545
74091.1
71770.4
64764.3
39369.8
36796.5
33072.3
46564.9
121583
40114.6
18961
39041
50135.3
40297.9
78222.3
92044.2
56832.6
27185.4
26493.6
22977.8
62977
91844.5
42796.2
99747.7
39167.8
109680
37993.1
64751.2
45773.5
25539.4
52844.5
35255.8
49546.4
78890.5
26694.6
65616.1
58206.2
20406.1
21240.9
20444.5
109739
46342.7
52012.9
31808.2
95494.9
31942.2
18321.4
57795.1
104277
30111.1
93544.2
77438.4
15420.2
66855.2
31954.1
85903
35750.9
62303.4
13082.9
58422.6
59503.6
38297.4
62855.2
25998.2
79087.5
17892.6
16346.3
26184.7
84827.7
67976.4
6083.33
72480.8
29178.5
23553
49031.5
22329.5
115331
27974.7
47418.7
66867.6
41667.6
77658.1
80077.8
129300
12138.6
40510.7
