8324612
790738
342360
260955
2.82312e+06
222165
688431
1.95785e+06
1.14651e+06
429079
1.98317e+06
176108
663363
1.98814e+06
1.02756e+06
950050
199143
1.26401e+06
849410
495575
271283
173031
167758
530503
66888.6
829801
463281
664058
178055
403070
265662
580136
164646
157710
670153
145463
285296
342368
568989
88951.8
347746
336481
293735
239606
294974
160293
194394
85639.7
145353
119070
261374
415884
191617
163960
105239
141180
130757
117675
238893
266150
132099
418004
278731
310337
103254
262542
123759
117202
151622
130832
115421
63121.1
189258
272057
48397.9
235117
33568.8
195055
199205
95180.8
184195
39694.7
113693
42635.8
46874.7
227446
299425
73067.7
96652.7
112172
66285.7
95959.9
103317
223718
206928
63331.6
108390
74904.4
76456.9
65478.5
217383
113068
116138
120640
82043
176388
121966
98707.4
27601.6
22215.6
82711.7
175515
34806.6
28940.6
91733.3
46603.8
119219
85305.4
92608.6
16708.8
214018
15668.1
74611.5
113558
36755.8
97800.2
16325.1
151712
103638
48887.1
133794
70113
39775.5
154814
171912
73709.8
80329.3
200905
110544
126887
82440.4
73037.4
38339.5
30614.9
100808
57789.6
90099.2
163385
149194
97789.6
54846.3
128581
60982.1
54212.7
103024
51787.7
74175.9
33227.7
105211
46604.7
45681.6
11699.6
92263.9
105283
45205.8
109401
156911
55138.1
134663
12558.4
54547.4
68713.6
30547.4
87020.2
127093
16680.4
96705.1
72956.7
85229
72357.3
128486
74419.7
31859.5
59649.5
57884.3
123803
150527
43462.8
109629
62567.5
85581.5
77681.3
46243.9
30016.2
56158.3
108950
58911.9
50950.9
65019.9
77507.4
74169.8
57290.5
120442
45715.1
9958.84
43087.3
28696.3
41311.3
63554.5
37586.6
61299.2
41622.2
112198
73746.3
176529
90382
27490.4
35221.1
100651
20065
86425.3
65609.1
33295.4
55672.5
80125.6
128071
28222.4
81037.7
44135.8
79748.7
17927.3
62504.4
40919.4
85132.6
18246.5
87534.9
41294.1
62996.2
74131.4
68595.3
104180
132163
58285.6
74248.8
71186
57183.9
16359.2
94229
70359.9
112089
116959
41185.4
67314.1
36710
77633.5
109412
