8383984
932926
974864
865997
395755
4.15424e+06
1.30079e+06
638349
952394
142132
698956
87130.9
185072
1.17873e+06
162068
897826
383416
806682
935471
178728
467016
269821
564700
189604
866767
616028
347880
84988.2
392554
444112
561060
121475
409124
264750
156440
372659
428543
243926
306952
182166
125196
124617
238266
187468
79536.9
239205
97435.1
215753
241339
152542
223503
240948
190297
44299.9
194449
268986
99805.5
164830
175270
37280.3
152553
227802
154647
75610.3
219276
68842.1
37887.4
107724
85756.9
89356.4
202242
158866
44093.4
86156.2
146490
140715
303085
110235
49926.9
139261
257034
48998.1
212695
51893.7
72993.3
59226.2
92531.1
214833
160763
93333.7
125697
94757.9
54014.1
216885
247394
35057.4
12128
44810.9
119761
130069
69401
69729.6
69124.1
92762.1
68532.7
116363
22922
136755
87480.3
92474.9
50908.8
100239
46332.1
74819.6
50912.7
55152.9
96259.8
75384.5
171606
38494.1
99362.8
92264.9
121744
52493.2
31741.2
101311
155255
70999.8
32437.2
102309
52488.9
19044.4
68903.7
91512
122471
100489
225002
74924.8
109284
98682
169381
27853.2
45831.8
30201.8
32079.5
41506
72492.5
97642.7
40778.4
78452.5
67263.6
93315.9
67958.1
17345.2
45411.3
60618.5
155495
126831
62257
14937.4
124051
52240
83127.7
63622.2
45632.9
47538.5
127634
95441.8
29207.8
82759.5
43928.9
52263.5
56741.2
63205.8
55897.8
16783.4
105343
15350.4
55543.6
49889.8
86364
122681
122202
19544.9
124698
66547.4
46668.3
62101.8
55496.2
19553.6
35451
94203.6
79544.4
45660.5
128227
70271.1
18157.5
56153.2
111979
122522
24719.5
83968.4
108595
87618.4
41251.2
112929
80982.7
29840
32610.2
34446.3
66479.2
82395.4
32138.5
89343.1
51128.1
19167.8
94308.6
69155.3
85463.7
79079.3
60269.3
59114.6
57903.8
94937.1
20826.4
37908.3
73898.5
76185.1
91694.3
51992.3
56758
61168
70411.9
50332.3
8808.92
43055.3
39318.5
67987
129703
60997.8
77581.7
66097.3
59405.9
63199.8
94838.3
90379.4
44721.7
77606.5
111799
84345.2
53290.3
68949.9
93787.9
21315.5
34119.2
72088.3
