6889322
131828
596007
3.5139e+06
1.2376e+06
1.11392e+06
385854
695651
2.39658e+06
645686
1.36358e+06
795986
100987
1.07454e+06
837959
139629
978986
206634
336499
262750
72865.8
757503
366033
466173
615800
228947
191976
266731
207096
163667
384987
345409
91703.1
410262
586647
272691
174377
135434
115094
559920
154623
245650
225306
156919
313496
323329
304684
285184
229687
116126
76585.9
232027
173998
253358
68164.2
176060
75889.8
90122.6
284748
122231
254826
129854
165485
246451
124321
97477.1
214947
135702
160376
101391
48345.5
236280
60852.5
51103
197008
43100.1
206429
123939
109975
198841
114011
167385
26093.4
107779
132164
67477.6
42373.1
79831
85532.4
165350
83263.4
38042.6
59901.8
133426
123702
79249
143295
204307
147561
184609
77268.4
64624.2
140362
74458.5
100542
109166
40681.7
38644.4
125019
70877.2
102103
113136
56002.3
67635.6
64509.2
105773
38056.4
84437.6
148654
42467.5
115868
177985
53108.2
45968.7
53377.9
111868
110278
30420.1
46330
47259.1
81145.1
114359
81582.9
91112.7
68104.7
53339.4
75518.9
89431.3
53561.7
36787.8
31762
47853.4
75886.5
54751.2
39232.6
106773
49910.1
52818.8
52268.1
52163.1
65445.1
105668
101870
91044.1
128764
53915
32158.1
8557.72
32797.5
48901.8
47074.5
22599.7
36468.7
123239
21891.8
105592
85373.7
84285.6
35138.5
56408.6
76303.3
85592.2
92717.6
20126.8
26349.7
88075.8
157984
38551.2
47063.7
29299.9
70375.6
87341.3
43898.7
101820
25221.5
78104.9
104923
37705.2
123092
50267.1
88987.3
61881.7
128934
26563.2
82372.7
66105.6
14725.8
25931.7
99869.3
36170.1
55742.9
32107.3
58332.9
19040.2
110006
50706.2
48945.1
88651.9
95200.2
104478
41763.1
52632
33649.5
29133.9
70986.7
8710.96
83569.5
86698.4
71277.6
45973.9
19708.8
51228.4
39054.4
64391.8
12028.7
45253.9
53295.5
51728.2
49782.2
95731.8
98469.5
71564.1
23632
12809
14596.8
81793.3
28508
49815.6
82591.9
84863.1
58908.5
50825.9
38673.8
56126.5
23751.5
65485.8
48714.7
73552.9
41039.7
78774.3
79606.2
50787.5
60770.6
104902
3323.66
49052
