7966807
539651
898099
1.25125e+06
592947
3.95304e+06
648756
1.20573e+06
791.506
911240
480627
337165
790947
1.19255e+06
539889
677764
35846.6
146251
356654
694408
909934
374327
764929
356232
298480
380722
152910
233896
86866.8
238882
413578
429945
627281
215085
107974
669368
439686
641494
387814
573726
135172
112918
200809
130844
321480
247422
232062
560829
326843
242476
251352
252489
312599
179623
280655
197239
140242
147680
267317
249087
227714
146121
278152
185902
145521
140825
119567
106148
42975.7
218556
49523
182263
276050
52689.9
229765
169777
238602
259633
102848
143841
63881.7
159718
138860
115812
222617
101381
136157
143506
53122.3
64529.6
173339
85956.9
194631
143570
31723.6
33043.6
118525
84162.6
134869
122611
35505.9
149502
71465.5
174276
89819.5
123571
86652.6
113649
36315.8
127974
38643.7
165437
175722
66459.5
126621
29791.5
70058.8
165600
129299
90783.8
139921
108916
182046
174462
123102
46661.8
70773.1
74173.4
176516
118189
58403.2
128017
147418
101364
139445
89467.4
117417
38196.7
152950
75645.7
52094.8
74615.6
47506.3
53702.4
138625
162005
86057.7
112348
18991.3
50726.1
52602.7
100233
11798.3
174015
73181.2
84344.6
19549.4
29513.6
12353.8
55497.3
45099.4
68319.6
103880
163412
71722.2
96862.4
50427
20417.8
152626
85588.7
99182.9
71789.1
164411
74879.1
66301
107763
54853.7
56024.3
43058.7
52014.9
55803.6
91041.6
69061.9
118702
12021.9
66356.2
83313.6
76391.8
37745.3
49721.8
168831
60879.3
127088
44246.8
28489.1
54601.6
105022
149331
15631.4
82540
67552.6
84777.5
69989.8
51741.2
19368.2
94375.9
91113
41672.3
122413
62994.1
67735
32337.8
18725.4
85227.2
70194.1
47067.4
64513.4
147756
24649
25896.7
64440.2
81924.2
94731.7
65857.2
154889
57017.9
50299.9
64105.4
9212.06
12522.5
42080.1
83785.5
45063.6
53231.9
88049.4
41232.4
93393.3
92052
114704
21083.7
41280
45790.6
68767.8
57870.2
96248.4
19546.6
53878.7
20850.6
105874
44133.5
84950.8
99577.2
43894
64537.1
26735.7
41767.7
