8125846
362444
1.09732e+06
678500
635093
4.05637e+06
552071
737441
641391
696743
408790
37299.5
231375
1.20127e+06
1.17613e+06
792268
305975
142161
333122
761599
821135
255962
758901
602255
790628
351035
173433
215343
225986
443064
361099
221210
218161
260072
407819
494600
286860
972247
279102
223379
308502
98949.2
205796
208038
301997
77564
285885
740393
188751
269600
96069
298990
409592
201648
319193
171775
129512
134602
146701
242259
75894.8
149609
263013
243058
243066
219898
207159
62697.6
161478
82101.1
181151
216399
135757
210097
91448.5
25775.1
80231
331647
179162
79631.5
43894.6
27911.8
47642
135103
214065
87835.4
133532
105199
126221
140459
153223
188939
132309
174828
95933.3
41694.2
152292
117676
58200.7
100873
148390
115076
94451
105474
53854.7
78017.9
64233.6
212498
161101
85059.5
105683
176309
83251
44935.8
145571
68879.2
52781.9
164648
155214
95309.5
152610
242267
117140
128073
38504.9
94175.4
27971
64188.1
46339.3
33621
100028
38717.5
95943.4
92389.5
27507.7
167167
92691.2
70924.8
139420
52923
73423.4
28030.6
40270.3
108121
40454.4
148023
52675.7
73564.5
79593.3
87323.5
77884.8
75107.3
89553.4
60808.1
86034.8
41744.7
67203
56968.6
44149.6
33398.1
31856
91982.6
153820
139596
77484.5
25220.8
50692.7
119699
57363.3
95905.9
54954.9
27821.6
129761
75478
148202
23543.3
85782.5
59192.5
67393.1
47330.4
22504.5
55334
98864.3
88992.1
108798
45005.7
26372.5
85808.1
31018.8
115218
60594.6
175915
200237
23678.9
38652.7
125029
38022.4
156259
68067
80854.9
16824.7
66779.9
53900.5
66431
24314.6
135398
48658.7
86965.5
51930
92271.3
77173.9
9056.77
68299.7
14977.7
137811
54805.1
137724
77536.3
84522
71726.6
43823.8
74539.9
101951
64110.7
115455
21159.4
24395.8
49846.5
7850.52
52544.2
37572.6
82168.5
50081.4
90170
108887
57658.8
94859.6
127854
46225
16338.3
27934.6
28263.2
53596.6
76136.6
49512.2
47686.6
70997.5
77777.3
50910.9
67632.9
37415.5
67515.7
63378.1
81651.7
92602
43728.1
