8065128
633936
1.46544e+06
1.20154e+06
1.0319e+06
4.3316e+06
782030
319522
1.32161e+06
334900
862457
587509
617678
1.06596e+06
464284
290664
444201
601224
233531
280226
796238
439089
39896.4
138068
106777
192196
415872
336098
424176
54672.7
466420
141682
215522
390973
181809
359620
168333
174485
98487
97894.6
272853
271158
175091
75275.6
161448
133218
250290
82422.4
89888.4
248603
272400
209930
110181
135082
19701.4
161894
212510
157151
186314
156308
15854.5
75114.2
83815.6
126287
73701.2
188245
191342
144643
117347
61725.6
138696
89901.5
61667.2
32372.2
207574
126766
147823
23384.9
199019
64301.8
75101.5
52103.9
79964.9
66185.3
134499
32258.8
72761.3
60289.5
130647
148167
61145.4
196891
67533.6
30687.6
67674.5
62010.8
119349
88562.1
36858.3
80863
126931
77807.2
56022.6
72566.8
125303
91884.7
30512.6
77562.2
32586.2
113904
109748
80984.6
81642.7
89069.2
61889.6
91594.1
100209
61240.7
53692
140778
40275.2
38438.6
25464.2
115528
62004.2
60466.2
22378.2
8218.77
144.25
110623
124372
15209.8
106064
80437.4
10783.6
103576
40073.2
70003.3
62162.8
30850.1
78127.5
86976.3
29573
19248.8
51581.5
122062
23977.6
13434.8
84744.6
26529.4
63305
89474
50135.2
63602
101325
41969.1
38370.6
79188.7
47609.8
25541.6
98203.7
72645.6
43907.9
51196.7
36906.5
38440.7
47479
61076.3
49640.5
69029.1
95043.2
4358.26
51817.8
34514.2
68430.3
104305
53669.8
50874.3
41843.9
78396.7
30243.4
19741.3
67560.6
16098
52982.1
59084.5
60483.4
72011.8
17640.2
25359.2
63034.7
53936.1
76210.9
85421.1
44566.6
43940.5
58879.8
37935.4
22079.7
5089.62
89251.5
37912.2
109158
18619.5
43431.3
36088.2
61631.9
30045.1
40188.6
23742.1
10769
32766.4
74514.7
60983.8
92285.3
96299.7
38169.2
20473.7
33791.2
40935.6
33158.8
64887.5
31775.6
43403.7
62819.5
21893.3
42520.6
67088.5
66319.3
80426.7
23951.7
46613.8
41466.5
36891.2
32604.3
30563.6
56343.6
99707.1
3834.31
70176.9
74598.5
33936.8
8460.11
64271.5
34075.2
25163.1
14589.5
95647.8
25964.1
29640.8
65700.2
28588.4
29259.8
49631.8
89892.5
24108.2
