0
14460.1
6016.83
13507
37611.4
150527
15361.7
9668.93
15563.1
20125
15541.2
11568.1
18293.3
25717.9
2365.05
8596.29
24767.4
22027.2
14484.8
8664.18
17588.9
31761.2
23035.8
27953.3
3311.12
16177.2
11993.4
14100.6
19975.1
19355.1
3457.69
23305.5
16109.8
14897.8
15991.6
7619.29
12575.5
8941.26
10234.8
14625.9
8340.62
6103.51
9938.45
7307.85
3495.94
7126.53
5008.62
6722.25
8184.76
11056
1101.8
7079.51
7998.41
2890.71
4080.22
8120.42
12445.1
5339.88
4438.78
2400.39
11879
7087.9
8351.58
4982.48
12264.2
7646.07
7556.17
5545.76
14492.8
2897.56
3082.03
1968.61
12816.8
8816.12
11083.2
5718.89
4256.82
1657.71
5983.35
13010.1
9780.4
4618.12
2001.47
7108.77
2764.95
1629.99
7348.89
3921.18
5592.01
7294.96
7538.41
6218.69
304.644
2601.75
3356.72
12717.8
8108.58
4315
7994.86
7037.98
4363.82
2990.45
3680.12
2620.17
1356.23
5075.2
4091.36
4184.03
5876.71
5401.76
3287.8
637.853
4280.54
3121.08
909.664
5232.88
3062.13
3176.36
2988.13
6463.95
5732.05
9998.85
1412.99
7237.71
1274.37
1754.61
5632.86
460.831
0
1034
5263.34
1637.4
8565.87
2516.28
2785.28
7531.96
3780.7
3929.23
1377.6
1578.71
3089.54
4531.24
1623.34
6536.53
1075.9
1663.01
2521.45
1656.25
5302.4
3659.52
2366.05
4106.97
1458.12
5647.47
2216.2
2989.44
400.731
3851.9
1539.94
4031.36
2712.12
2114.92
2683.65
1872.3
2384.36
3164.54
5506.32
4654.13
1752.44
4054.03
1578.01
10156.2
2031.94
4168.16
3049.71
3050.04
1463.67
1999.65
1494.81
412.884
1228.67
5988.89
8911.27
4909.47
4817.27
876.216
2439.12
3241.11
3042.11
5777.71
725.342
7347.78
4277.49
4368.28
4680.28
3233.61
5002.69
2702.62
813.022
1056.44
2924.92
1445.66
1789.97
3924.11
4606.8
4978.21
856.005
1587.48
1666.94
2134.46
3368.16
3485.52
1493.45
1022.61
2404.22
2209.23
2366.78
2112.19
5373.44
2730.52
1444.62
1531.09
5889.21
4688.18
2365.61
386.871
1561.08
2068.47
768.173
334.648
3656.9
1107.94
854.385
2907.9
882.388
1459.37
2335.96
2867.99
1427.36
2001.69
2478.33
7184.53
1319.02
167.502
2282.82
5515.03
1464.33
3026.62
1514.96
6291.58
3112.82
2198.37
2920.36
2044.44
2654.11
794.638
