7966083
617700
765333
601992
1.5253e+06
573046
524507
1.68239e+06
1.26415e+06
884154
1.53262e+06
445368
798775
2.73608e+06
1.24178e+06
392274
1.46814e+06
1.40517e+06
523442
408096
441582
218164
434496
108415
657623
943850
396747
368304
393924
192158
835840
129180
390888
208649
534583
167076
327579
135584
446114
120442
255815
152729
371213
37211.3
285187
342933
191770
463140
66588.4
48652.6
147949
312527
172648
361650
331283
346527
161468
99986.9
357246
410164
105349
116382
371584
180336
86639
132148
302841
8637.48
378681
174673
125149
96438
183746
136974
21212.4
88182.6
243911
100049
57460.3
148222
235288
52476.4
153100
170323
36444.7
151118
90619.9
78337.3
157937
213252
58468.1
204727
219836
185864
85177.4
39486.7
203766
154039
168925
107198
92114.9
176154
111892
68169.1
210863
67377.7
212546
124169
37645.5
148479
109840
64651.6
174264
42026.8
176323
134787
79341.9
30629.1
192695
29410.7
143707
165131
119440
172011
126929
62061.2
117742
68384.4
32783
161841
86391.1
150323
60302.7
69307.2
130154
121940
47093.6
100573
159322
175153
37262.5
57342.9
127806
72191.1
141315
209340
84538
21901.6
84208.6
112642
9838.53
67680.2
124685
102729
66974.1
147363
115606
29095.5
91308.5
60031.7
103100
75557.3
57685.5
104221
68412.2
63186.4
57370.4
84792.7
31341.4
50547.2
161393
63131.3
151630
51652.2
64328.4
111060
54161.5
107517
171128
49265
95794.8
73303
34081.2
77349.1
71133.7
91181.4
98700.3
89341.9
115880
64531.3
44706.3
5408.95
99967.7
87483.7
38019.1
98792.5
22662.4
24350.3
72416.1
152001
94969.9
119236
66307
49573.8
39730.8
26603.8
112118
51435.3
152589
138954
86092.5
113071
46725.2
24176.9
45728.6
67791.7
69602.6
55986.9
187562
81141.7
52167.3
65790.8
70175.9
68855.1
157688
40535.6
48748.2
127540
48406.1
43069.3
64824.6
46077.8
50381.9
119846
61279.6
51539.1
70216.4
73511.9
138401
61078.1
46344.5
80614.4
78447.2
45308.5
61593.9
62692.5
54750.2
104239
64028.1
86454.7
74974.2
31984.6
70798.2
98168.8
121003
83324.1
