8685729
113548
317365
146854
3.46717e+06
1.47829e+06
161868
1.51919e+06
1.65026e+06
654152
1.09594e+06
569396
980017
1.64062e+06
1.04298e+06
200863
531136
1.07025e+06
730586
489540
279008
957421
196429
576705
152766
716467
318537
646139
201904
52764.6
34183.1
409627
279565
180363
346748
266306
90071.8
303077
242200
431997
223191
310400
350891
182041
147421
201043
311983
127230
45782.4
119220
186869
149738
167939
230071
337955
252633
133429
62870.6
113265
208674
126563
182306
229967
51011.6
25863.1
209480
69192.2
247580
18635.9
162350
99638.1
169805
327553
163382
228517
232953
194237
58626.4
36246.6
92440.6
158479
154456
72563.9
157649
66859.5
30603
67684.2
49711.9
120712
165272
62510.3
60324.4
50027.2
37329
37368.9
198538
123680
97436
35947.4
149728
93023.2
158662
121527
145353
138403
29780.9
198994
127947
23035.2
10198.6
92989.3
91864.3
180110
70689.4
92769.9
82511.4
145236
43274.7
67859.9
88503.3
169879
64182.4
28943.4
79249.2
13344
65352
82294.3
81488.5
73175.3
37943.3
142216
23175.8
140474
142139
100755
91898.9
33753.9
69854.9
65233
114400
108889
177393
34431.1
69467.5
33063.2
43357
53103.4
52835.8
102277
61581.1
42314.8
15561.2
107644
47967.9
184463
78471.4
31363.6
86976.8
69743.7
12240.9
74628.6
19824.2
57645.3
76287.8
106222
112024
109175
84552
32832.8
38675.8
68041.2
85542.7
23499
102447
55925.1
7824.52
36273.4
64009.4
91371.5
23901.3
63236.2
89347.9
45148.1
75917.6
57815.5
113999
65161
42787.1
173503
33851.8
43629.1
60028.6
80642.4
17238.4
82263.4
26995.5
68860.5
105735
93872.1
109557
104571
30531.4
28611.3
31507
24368.2
85911.8
46589.8
56100.5
36164.1
67026.4
70515.8
40931.6
48261
6039.76
51050.8
60527.9
37651.5
50844.9
96285.2
36284.8
63087.6
104007
51951.1
56834
77875.2
82882
41865
29480.7
100776
39108.3
100512
153018
26496.4
58349
89613
52252
5723.64
27616.5
53265.3
93889.7
34949.1
54385.5
112319
23879.3
77639.6
42631.2
65047.8
93151.3
79870.3
61496.3
51772.1
8771.79
57501.3
47700.8
28858.3
74680.5
