9042070
915180
2.16017e+06
1.22309e+06
678247
3.73197e+06
170324
936094
1.77996e+06
1.11059e+06
774156
490406
692463
1.06105e+06
158359
602474
439544
442670
215941
248182
119669
408962
246113
469941
434775
381659
479388
264418
63375.8
467332
103761
246726
189369
334144
405648
225805
104039
50680.6
195368
149425
115020
252454
321331
130951
92060.6
77156.9
192181
275842
139026
159832
327109
90462.7
158204
113241
187309
106059
68881
116422
146102
210083
117588
36427.3
142272
123516
149421
135264
116972
57804.4
240377
18737.3
165205
78650.5
172205
110151
82847.6
85229.5
126301
95459
22878
85769.2
109108
181090
43346
39179
14201
19026.3
95251.6
75299
269469
81214.3
87421.2
110726
92962.9
50772.9
8837.84
80505.1
78136.4
39021.7
78943.8
60858.4
113362
132546
60363.8
13608.8
38033.4
142977
153222
94775.4
89946.2
79476.2
44717.9
43760.2
90341.5
45805.3
85827.8
8337.72
10817.2
100038
94963.7
101502
96526.4
9219.95
56976.7
103906
68041.4
100295
54681.5
98561.1
46407.4
9682.57
81402.8
116766
36732.9
36941
51706.9
123176
24387.7
54039.6
82597
32132.9
55433
7357.9
83902.3
113208
43215.5
49837.7
101712
45230.7
57008.3
82338
34420.7
90549
50345.9
24743.3
20802.4
129937
11713.8
29207.8
32116.4
32667.7
19468.9
81469.4
93280.8
57016.5
113550
40688
8984.33
5827.24
10174.8
91797.6
81499.7
65449
41177.3
95761
59671.3
22424.8
26437.5
32231.1
28906.9
13379.4
52472
104073
46377.8
78002.6
72242.6
41942
56802.8
45134.3
99044.6
45723.6
37774.3
38286.3
7875.99
49455.6
86143
13327
37341.9
45515
62236.3
44160.9
34710.7
108968
63642
65417.3
59740.5
33723.3
42223.6
34802.9
29283.2
13745.2
91030
30814.6
64523.9
49384.1
50605.6
41563.3
55770.7
71472.5
70858.8
66964.9
17838.7
52717.9
29999.3
26796.6
48282.4
52140.4
40589.2
39656.4
105494
39877.2
21618.3
67776.3
31155.9
37740.8
27669.4
83640.6
69427.6
22479.9
60962.7
43132
13914
46347.7
66499.1
55709.6
28328.1
45804.6
74865.5
61510
74705.3
28563.2
8666.4
37149.9
50624
46282.5
29255.7
70509.9
