7073215
652233
425739
1.74511e+06
526800
1.79597e+06
775198
1.31538e+06
2.64744e+06
550495
2.25439e+06
353180
1.09213e+06
382074
583637
827014
389014
378221
745189
198530
666449
717637
259298
290633
311701
163710
504138
370571
745277
449081
524662
274140
381908
397908
397726
458576
271775
184034
228645
411453
252412
279805
230188
142551
79315.1
144208
242883
434017
437955
291006
300909
367372
194011
203037
142850
191849
81695.8
199196
219892
134653
26739.5
151097
83071.7
39074.8
128783
143453
42052.8
291232
60098.6
208170
143203
328607
76260.1
171714
55814.8
197919
132252
53971.5
322026
99736.5
150312
125372
146873
117766
112182
186390
133696
81000.8
115836
202243
87253.1
205868
218577
49155.1
156309
19347.7
14954.7
67779.3
53141.1
220004
83099.5
64353.6
78146.9
56938.4
75232.2
52300
55839.2
154121
121186
215342
50361.4
80200.4
217532
78568.1
79166.1
77735.1
45848.8
60381.4
25986.2
119199
44397.3
84597.6
167357
32529.6
59813.3
95416.4
95160.4
118774
163800
53413.8
148599
140245
29352.1
32582.5
7233.64
69362.5
65493
82547.7
94535.1
78904.3
32088
42739.5
48634.4
70847.9
112761
79250.8
75000.2
70331.7
91482.7
73838.6
97213.6
126067
65753.5
188524
66877.7
53877.4
57732.2
62688.2
64373.6
34762.5
63354
89069.9
47187.9
72033.1
43028.9
78441.1
57273.7
119103
146641
27291.3
145296
108394
58641.1
58192
35508.4
16294
85435.6
48692
69466.7
49399.2
59704
87895.7
62397
94500.1
108138
69089.2
108526
44287.9
71940.8
86062.3
68427.4
146920
19102.7
39680.2
51933.6
133125
107358
78951.9
147679
62983.9
90392.9
79932
92367.7
61304.8
54057.1
14623.8
66691.9
35856.5
71047.1
40760.5
45321.9
119510
46142.7
53342.8
49456.2
64217.8
108716
35319.3
94332.1
8984.13
47328.6
83415.9
86394.9
65102.5
27360.3
27418.2
47844.5
114983
96037.7
72700.2
57249.2
43855.3
103113
22327.6
56527.8
49803.8
27102.5
6602.29
78314.1
70882.1
18317.7
69339.9
87708.2
36313.3
47668.4
42906.7
70015.9
141910
115423
48167.2
77973.8
26669.1
78090.1
52442.5
4054.28
97670.4
