6398992
1.57663e+06
1.72086e+06
3.0705e+06
1.07138e+06
1.74771e+06
249205
1.78389e+06
820896
1.11015e+06
1.47047e+06
421916
569418
388900
724571
538550
831031
534204
289502
321681
431996
462035
396434
495988
118374
614089
419784
103707
395373
482697
378213
36636.3
257986
19582.7
128217
96224.6
281236
202516
189227
133397
168229
123828
187012
78774.3
331846
150574
162954
86096.9
216906
220473
198033
214646
91233.5
120701
61144.4
49533.8
102400
202214
90912
126740
203031
276156
49010
221183
121683
56003.2
141870
132472
85763.5
211764
94583.4
11539.4
122444
81298.8
85338.8
14047.1
178665
8131.18
63523.2
152243
154509
98276.8
140558
99929.3
37365.8
112041
102531
81261.6
130570
122270
96668.8
79568.4
37983.1
41491
51804.3
56078.1
143847
127112
110275
64109.6
49926.2
116175
102771
53404.6
49140.3
136964
43697.7
64052.9
33588.2
38842.9
71673.9
24731.3
93677.9
57800.3
107777
128239
138056
94297.9
55005
35562.1
111218
49768.2
57938.3
16706.4
83929.7
139453
101789
85633.4
32656.2
84073
39632.9
38562.2
7714.84
120324
45251.1
114224
52492.9
90927.7
60617.1
35549.6
93183.8
20702.2
11803.8
11649.3
82182.9
26106
9083.25
32793.6
8886.5
95498.5
57778
18034.4
111458
50274.1
50026.4
98329.6
97756.9
17989.1
82216.3
27535.4
41688.2
58458.3
71113.5
85493.9
59581.7
92172.2
73341.7
49805.3
93399.9
72992.9
53731.7
87563.7
66418.4
3092.25
79736.4
19596.4
53104.4
72911.9
51769.6
71264.3
31240.3
37832.1
44586.9
33893.1
43850.8
29530.4
36600.3
51521.7
29756.8
17495.7
31757.1
125241
35129
87835.4
15137.5
33406.3
59489.1
26050.7
46881.6
19146.6
36093.3
63193.1
113176
65576.5
66420.8
67027
84710.5
17582.6
18088.7
67249.8
65993.7
86965.8
27812.6
13316.3
55353
73426.3
59922.4
46139.4
36831.6
42339.1
42942.1
82963.7
53438.1
19878.5
48565.8
33372.3
37046.3
14507.5
34065.7
53976.1
97650.3
35861
51770.4
23719.8
38081.9
59234.5
25772.8
38712.9
80686.7
39377.9
9757.41
47189
65636.2
46553.8
82623.1
64714.3
52728.5
44992.4
17644.5
70215.5
39679.2
32153.2
37831.2
30664.7
44968.4
91597.4
