6859636
396113
629936
631979
500003
3.91522e+06
598127
391827
1.17183e+06
552681
641685
583441
287226
1.07794e+06
421435
1.18607e+06
566358
616977
538337
807700
521538
432652
180883
730137
111065
304687
956692
454233
99342.7
604800
259495
150410
177350
359854
209238
135708
669143
272333
177140
492724
41378.1
43701.1
10901.3
181233
114393
205611
557768
133613
211234
255180
183615
152421
227075
105540
154137
88194.7
141972
154495
255462
119887
146282
140463
96946.5
192419
248209
83080
82503.8
167372
226002
146386
132968
169459
61445.4
184180
270661
176936
80740.4
182361
122893
58782.3
131705
98374.6
142191
208391
189353
113493
61690.6
240152
127133
102276
85759.5
149925
106656
40039.2
120688
101929
64317.1
166501
49563.7
144735
18428
51088.6
49945.6
56783.2
76755.8
144796
64732.1
75150
101370
108201
7544.22
161060
51680.9
126710
74290.9
148139
49926.9
113923
79013.2
132587
55192.4
94404.9
28018.7
12344.9
120756
99581.9
167274
82109.1
72405.2
57996.6
75332.4
54191.8
70271.6
70407.9
114029
85750.5
165114
124780
19755.7
92121.5
144263
9004.12
10392.7
71707.2
70924.5
62633.3
134505
68963.6
25002.9
117396
58164.2
16816
119370
73188.6
30228
95313.5
88785.5
49550.1
133916
75156.7
54359.3
41497.7
151345
46413.5
36991.2
41499.4
17616.3
63513.7
125862
58766
45350.6
63900.4
136057
38410.6
21713.8
81390.8
78968.2
122049
185717
30844.6
5399.21
42751.4
45163.8
119447
30896.7
66313.3
35859.7
106408
42386.3
29205.8
11604.3
59954.6
30599.4
63875.8
33291.1
69530.9
63451.4
111709
35411.9
63631.8
45550.3
34637.9
94794.1
29776.7
26613.5
64136.3
28907.8
45522.6
81215
31599.5
26770.4
53668
31335.8
43464.9
66694.5
117201
41317.9
67505
66788.7
104548
81898.1
56680.7
45781.7
61459.1
94507.5
61179
10597.2
69594.5
56435
79272.3
74626.3
93269.9
58616.1
24066.2
114576
66523.4
93614
81275
21527.6
53259.7
143939
30291.2
50712
86774.5
72899.5
41748
58983.2
40725.5
36415
21956.7
91296.3
58070.9
64725.3
27385.7
71227.9
6060.61
