5901025
826251
1.22439e+06
595407
1.37324e+06
2.92054e+06
1.16242e+06
1.48584e+06
1.39741e+06
1.06533e+06
1.46175e+06
348976
601062
1.36108e+06
164720
1.43271e+06
537635
450508
529878
370619
389984
285307
166641
298070
376281
263909
307677
786756
428981
134384
439685
315156
204006
412497
108673
456289
149831
63915.3
140280
122075
216055
163601
474710
107863
117101
376000
256301
441328
38887.9
168037
92640.1
60274.9
220247
104501
166860
172365
67612.3
169733
113156
105417
205398
254804
127745
183000
107967
80898.9
172781
268945
24174.3
148494
136937
116200
113952
108652
52906.4
118918
76355
180163
223946
27660.2
82383.7
87684.6
123679
83763.6
38820.5
63720.9
136980
57515.6
122585
140088
155116
24622.1
135684
298455
122626
177727
100408
16544.8
138533
68955.6
61183.8
88327.8
67061.2
61529.2
99478
8749.11
77542.7
101243
173649
156235
58984.1
58746.3
60293.4
106454
76361.1
83120.7
60298.4
22812.9
79126.8
28485.7
27675.3
145511
174303
101022
70101
68804.4
89137
118336
131049
27282.2
57581.7
79249.4
19238.7
55123.6
32321.5
92370.8
83304
105842
37024.9
24672.6
60554.9
90873.4
78132.8
110747
105465
61263.3
56672.4
14967.6
53424.4
59679.6
123830
71489.1
5182.31
79949.1
93114.6
162961
56402.1
24972.1
85085.9
65739.4
120028
17025.5
14401.7
39411.9
76216.4
57935.5
14561.9
65919.8
63731.1
94900.7
143465
93151
34852.3
92023.5
59476.5
132580
85701.5
29990.5
30314.1
65956
13935.7
58815.5
41452.8
75820.6
26150.2
42248.3
46384.1
53738.6
25800
75367.1
114631
29545.9
20813.9
32924.9
68285.1
4578.77
44567.9
58053.1
74191.4
103213
3503.22
113355
15832.2
61378.4
83380.8
91902
99550.1
10397.9
32524.5
85750.8
28166.4
30515.2
87463.9
55522.8
37674.3
76048.1
44484
69218
41961.4
89319.3
29638.3
94327.1
35959.3
4113.84
47882.1
42516.4
60943.6
55657.4
31884.6
102686
105484
123717
48507.6
84873.8
85119.1
30062.5
33400.7
48409
55061
19715.4
54298.3
88192.6
36422.7
19094.3
74799.4
75972.7
48496.4
5157.93
23779.7
125270
24297
72983.1
53565.4
32360.5
31707.8
56346.2
