8311256
465072
773184
621592
1.56118e+06
444862
1.04891e+06
630863
1.56074e+06
986766
1.38921e+06
1.725e+06
1.73174e+06
2.90944e+06
846720
718310
447023
207744
167185
367600
323933
603630
201547
211613
231207
286285
273754
454596
467929
507948
594628
720274
182565
134650
254321
665634
625790
182251
328051
235550
296783
69850.4
52228.2
110177
565269
113052
181520
97297
368421
279410
463157
81778.1
117043
41913.9
67883.5
268244
262712
235612
121667
217298
121913
113023
315601
143270
237453
218792
229594
222135
186792
347413
110998
208300
164477
264599
19412.3
64088
83869
122410
95011
228108
149913
41461.3
83040.8
68962.7
100120
122108
121179
156289
180340
190876
50496.7
129682
196936
245823
239052
138328
171380
96146.2
16256.7
11571.9
46859.4
196343
37423.6
212033
47743
143804
126616
94562.1
13987.4
51955.2
41590.8
158614
13282.9
159088
119625
113020
178498
150235
81040.4
202439
92707.7
166557
96120.5
113360
165103
44986.3
137859
28998.2
118212
112093
120961
96010.9
89746.4
110117
43258
42892.2
14599.6
79753
196987
107083
69488.3
29510.2
42024.8
7580.98
101166
136798
60994.9
70782
55693.1
137484
21049
64485.1
85211.1
183413
92093.5
74549.6
121597
105326
76418
39382.2
99234
107974
80173.2
61836.5
146254
64051.7
51192.5
101580
101509
19313.3
69290.1
33123
29518.9
74005.1
96567.3
72704.6
191833
94353.8
146088
167346
66300.5
34514.1
90182.8
38011.6
47681.1
107569
37120.6
19603.2
36120.9
38438.9
67287.4
75969.6
12439.1
20364
56896.1
81347.6
46216.1
124319
43508.5
26763
88610.6
263898
17208.4
95380.9
23512.1
90187.4
30127.5
36318.2
115085
67442
55747.5
48465.3
24354.3
50548
107958
16118.4
60251.3
98951.6
67981.4
50333.3
62991.2
56228.4
67225.6
87048.5
98763.9
43613.6
20128.1
74315.1
91323.4
71717.2
58228.4
149774
58111.4
93375.1
100180
54565
43023.6
140758
27391.7
3785.15
85068.6
48882.3
10804.5
4867.63
59544.1
134489
36420.4
45463.1
28764.3
30156.8
64426.8
90587.3
101050
44914.2
170914
40252.7
