9271554
766367
201753
1.11161e+06
635017
3.36983e+06
509132
1.04512e+06
1.32456e+06
1.93947e+06
2.01911e+06
477702
823770
160265
665633
524021
158340
613136
289854
293736
321124
396167
884320
59741.5
1.24826e+06
539171
209464
484483
198355
413777
118122
273803
108848
162233
496545
29687.2
132884
361811
95548.9
327639
148809
494753
360112
355132
190750
177090
198526
157436
229947
154179
236364
160762
128125
241585
349723
186004
312252
166359
333687
176625
197239
296497
115839
158396
165956
57255.1
102034
203725
282522
77524.7
102624
313528
84763.6
69400.9
222570
277476
247605
128183
166550
77217.8
90480.3
104526
61234.8
50067.5
232603
136205
88405.1
102201
194997
124261
63721.7
93996.3
41177.1
142461
159530
83710.6
128973
172564
117569
35970.5
80252.5
160209
73171.9
116326
67868.6
184244
113394
16824.1
197255
132971
144769
134321
30886
80607.5
92433.4
27381.1
79506.3
67682.5
127758
154521
149700
51021
108873
59785.6
82210.7
61565.3
119647
140714
73789.4
119569
130372
148204
45586.3
44392.7
58623.7
67670.3
36648.3
92378.6
64675.6
105544
127445
67254.4
88007.8
58802.5
15130.2
81121.9
93187.1
113383
138300
48854.4
39234.3
15870
73425.7
105029
146370
91104
114068
19495.8
61082.1
162757
74195.7
88479.6
48927.5
130852
54243.4
89396.6
67919.1
45575.8
86488.5
105721
43056.8
24987.4
26230.9
96338.6
92653.9
70425.2
5616.45
36661.6
65318
36321.3
117929
68883.2
91217.7
18423.3
30656.6
59914.4
108183
57878.5
59667.4
63147.5
64069.2
39044.2
60485.8
152582
69075.4
51541.7
55734.6
75959.1
73602.7
20768.6
76762.1
53385.3
61090
129294
31170.2
60992.8
25848.9
84477.3
55265.7
33129.6
29464.2
45286
34167.5
67119.9
89223.7
50956.5
63324.4
112093
61978.4
71160.9
55483.7
61873.6
51277.6
49391.7
75768.4
24746.2
104987
114374
90976.7
103804
40939.7
30094.1
118565
29721.4
53734.2
68260.9
43056.9
86486.2
46986.3
94313.6
49811.7
67686.4
69796.1
53527.6
21321.3
47108.8
61709.3
44865.8
59380.5
110492
92308.3
143124
95972.3
33657.8
58151.3
61524
