6077153
225938
594479
1.85646e+06
369063
811995
593355
292251
1.22105e+06
471763
2.65991e+06
508851
792314
1.90602e+06
552281
1.45047e+06
207704
445009
664215
608193
1.13676e+06
159320
544645
488172
348583
583829
192605
683747
367254
586059
277702
289298
254077
416641
175204
501382
383745
144125
119509
337341
9694.15
433766
264140
241186
144845
301921
85899.7
116778
173736
173493
424488
193749
242657
279294
202891
389684
235089
272839
319075
162060
8856.95
153664
132149
173070
219563
282747
195659
241738
133784
181234
175845
223220
90213.9
106849
355510
213185
57958.4
122682
82873.7
177836
53240.2
100410
45100.2
114754
240972
114669
146936
153732
199836
53906.3
151631
81972.6
162886
73723.3
236738
204790
34561.7
19255
181621
305085
197497
51004
60348
36807.9
213482
199381
92489.7
108394
78022.8
70487
74133.1
193299
83309.6
108165
89111.8
136142
63460.5
53412.8
83929.3
73763.5
96382.6
98342.9
208992
86047.3
135407
155026
126642
30862.9
45863.7
39941.5
31533.8
56785.6
109373
135745
131408
94038
112029
165036
139789
139064
29164.3
108745
175262
134844
71638.2
176589
62003.7
66746.9
90966.9
112787
80223.3
52684.3
120459
28432.1
101486
56699.9
148109
53159.4
93320.9
113715
73752.6
33184.1
90401.1
65514.8
117654
142933
114536
50053.3
87017.3
37878.9
31703.1
63255.4
52810.7
16739.9
96426.5
118530
6144.89
134995
40010.4
47722.6
81352.3
51242.8
178204
160123
42639.1
22768.7
84272.3
82518.9
72845.8
145307
60056.3
40857
29370
129541
26119.1
87166.2
36934.6
117906
55254.5
26077.3
73761.9
81311.2
33024.3
48460.6
116576
61451.1
110756
68839.8
38534.6
17309.8
126033
103022
103212
58976.3
65258.1
76354.8
50283
80439.5
68432.2
106431
117052
39275
85196.5
20491.4
76735.4
21550.8
74266.2
122636
89818.3
32892.4
40947.9
116833
38984.4
66418.7
74902.7
104332
84413.7
26171.2
60592.6
43044.8
44955
55501.8
36046.4
9345.23
66948.7
26530.9
38090.7
30135.9
156931
36522.9
87503.6
83804
96718.3
55033.8
117795
99083.1
