7608949
297745
380991
260629
435352
229093
607893
1.61817e+06
1.35762e+06
332487
641942
280684
531489
2.80873e+06
1.54545e+06
1.24414e+06
406584
193765
728848
186201
2.00369e+06
782947
813152
405124
525744
691640
750853
784359
332168
254938
294810
405210
394103
349551
303577
491112
292523
324926
44329.3
199695
272799
472379
420800
131879
453115
305771
376284
403526
312009
176008
66946.7
250450
488130
177899
343542
331474
81239.5
223876
68657.1
277048
592217
105611
93113.4
270089
86684.9
344428
217747
232412
241074
251897
223963
66203.1
112875
113888
166229
126907
174192
242053
186841
57088.6
192508
152556
203096
198028
124271
166239
289308
196534
295005
119874
161980
289269
219029
90262.1
164496
55055.5
50998.2
61755.1
176034
40326.7
182502
167768
33586.9
142437
86629.6
152102
215972
82564
26628.9
56602.7
167008
112155
31046.6
133595
211713
46087.2
140880
170065
156244
195225
144369
136905
144815
113274
177416
258380
78995.5
159906
47016.3
113816
106833
86236.2
50087.3
179051
87911.9
68772.4
113386
132297
166706
78703.4
114846
76914.8
84473.3
122872
45086.7
130492
52732.4
39478.6
22623.8
35801.2
111920
143828
121091
177115
113278
101111
164950
113737
9441.32
159183
205276
178774
65570.6
51457.9
119756
103862
111860
107423
132782
80828.3
114005
62548.6
84934.6
34945.7
51073.4
109935
127478
29049.2
87608.8
75390.1
83897.1
78186
87590.9
85033
18243.4
106514
39151.4
114568
103092
53691.4
166334
127542
145550
168093
177628
110517
66586.6
53624.5
70450.6
57331.5
111886
65468.3
49527.8
14943.3
48566.2
130695
31915.7
75247.6
97440.9
79003.2
111835
77654.3
61944.7
129334
92018.8
71764.2
101999
44986.2
78595.3
61273.1
57649.5
85552
85955
83687.4
113553
71425.1
101616
88606.7
92073.9
138614
51712.6
24298.6
127814
89012.4
122869
46278.2
28600.6
68297
84813.9
77508.9
150575
52170.5
115064
124152
73047
112505
23341.7
37359.9
8764.83
119660
99579.3
51530.4
110467
79333.8
162526
97639.6
