7970187
158224
719791
507107
737308
4.72395e+06
698006
150958
840521
68479.3
429878
254795
434651
762490
475066
1.08849e+06
440910
217243
675384
284439
370469
225460
222671
647749
204212
295085
195354
326488
351324
371452
264262
255636
242266
346947
180736
154293
341978
243118
135063
223851
111009
239532
216610
162394
101903
181533
337359
204994
155698
81475.2
56071.9
173041
139649
161439
181549
169645
175621
199007
167193
102306
102629
93951.3
65047.4
123943
292383
88332
43932.6
71757
199800
76517.6
133045
57747
48596
64147.7
244477
119108
20290.3
93767.9
126899
84171.1
101321
58361.4
111060
47986.1
170550
132566
61648.1
151867
32163.2
110610
52915.5
72869.9
112453
94288.4
130143
35544.7
92737.3
105718
70040.4
101573
123174
53758.7
69079.9
112163
104634
45771.3
69696.8
32798.4
64140.7
105513
132860
84541.9
38443.4
82603.4
82373.6
61323.9
116076
27432.5
82323
76257.4
77903.5
100860
56427
32961.6
44514
19065.6
138887
88637.6
118147
26585.2
56968.9
61348.1
69969.3
30761
42791.2
21671
82831.4
124264
84641.1
60132.6
81310.2
79105.8
31133
32187.5
84390.2
3041.74
22223.2
99317.3
17309.9
41350.2
120958
81516.5
62872.9
22363.2
76549.3
32757.7
34229.2
28376.9
14908.6
51650.6
122456
56755.6
97709.7
59806.2
44170.4
31281.3
22519.5
17252.1
53523.3
96884.5
59604.3
34774.1
76678.9
76929.7
38981.3
22220.2
31191.2
5002.68
89862.9
102472
15119
46063.2
23110.7
67935.2
58536.1
54315.1
25140.4
52255.6
69284.5
69046.3
35033.1
84213.8
15518
14168.4
56017.9
66406.9
53706.3
70255.3
12119.3
60380.5
29008.4
101744
24859.2
31563.1
52421.8
44961.5
70805.1
50223.3
40283.7
76646.4
62227.2
51479.3
39813.3
28948.5
59943.6
25626.8
52828.5
33757.5
42519.3
115593
63500
34087.8
32609.3
4691.21
67179.7
32021.4
21222.8
38239.9
3762.18
113622
23740
69331
64504.5
11449.4
64184.7
33581.8
14365.3
42371.5
31565.4
75908.2
6836.05
53450.5
104832
20388.2
68564.8
11113.2
24608.7
58443.7
32668.7
62534.3
35370.5
10951.3
92794.4
54837.6
54708.7
35625.3
