7253336
628582
836034
1.1101e+06
903680
2.81724e+06
390997
459379
1.83639e+06
943570
1.08103e+06
904162
631105
1.40902e+06
1.36796e+06
1.04051e+06
284229
464026
582336
1.13693e+06
996725
546757
306215
127697
735203
391830
533156
271341
371814
248770
493284
364643
351866
465581
386142
372977
265262
217308
180913
397572
93580.8
99993.4
242844
446144
111302
415645
205076
107742
191821
377536
392673
239818
60161.4
198412
253887
228423
177371
455841
111543
138885
72658.5
17758.9
195581
236579
232924
253571
238961
58536.4
243009
93874.7
63692.9
331050
182393
69400.1
122558
199525
213211
82400.7
40610.4
155029
194287
211616
39432.7
167016
135227
103358
193926
118092
138147
123202
134641
79732.4
84114.5
132973
181749
62056.2
269825
29803.7
34307.7
91168.4
94705.6
214572
117534
52538.1
268065
25999.9
139692
33940.7
65616.5
53899.1
194942
168721
142867
24829.3
43944.7
74472.6
157912
102570
96062.9
141742
27095
44279
46799.6
48473.9
161435
136641
64731.3
32841.9
103697
44332.4
5524.33
36438
69947.1
49432.2
115042
113940
31098.2
87595.8
42389
98851.5
90481.7
89650.8
91750.6
104170
191732
39546.4
25040.9
90512.7
14927.6
240484
55171
109862
50824.2
42837.4
83824.1
71545.7
51834.2
25042.5
88576
131284
75194.2
109403
29374.2
107082
94610.5
53127.2
78771.5
93082.5
124066
16133.2
84455.7
80288.5
39493.4
95131.6
120171
59787.2
49850.3
66082.2
63527.1
80756.2
135632
77108.1
145531
16445.3
69454.4
17833.7
117163
88382.9
149162
25949.8
38120.3
32914.3
45263.6
96534.5
56480.5
96885.7
138556
65875.4
43176.2
46337
100636
139683
31954.3
111509
12585
86763.5
33297
32056.3
36058.5
56403.9
113948
59835.4
109507
46383.3
36493.2
102420
31031.4
97432.8
86351.5
68450.6
46429.8
54624.4
109049
90920.9
137895
69176.4
44916.8
35160.7
36394.1
62075
25163
137462
46983.6
130917
104740
43893.3
90564.5
60188.5
43148.6
75747.1
38900
89227.1
11868.4
88987.8
6449.91
14036.6
78121.2
76955.3
52483.4
79924.8
21809.9
43817
58515.2
37959.4
123241
80696.7
