0
14479.4
6003.01
13370
37559.7
148868
15245.1
9613.63
15426.6
19902.1
15495
11396.5
18098
25354.7
2365.05
8482.03
24767.4
22008.8
14333
8577.44
17288.6
31294.6
23006.6
27631.6
3311.12
15948
11909.1
13984.2
19925
19123
3457.69
23013.1
16109.8
14831.5
15752
7588.32
12406.3
8879.15
10140.6
14463.7
8340.62
6103.51
9886.38
7223.45
3495.94
7072.43
4953.87
6614.13
8184.76
10945.9
1101.8
7014.56
7998.41
2841.98
4052.38
8003.92
12445.1
5339.88
4438.78
2400.39
11706.1
7002.57
8256.13
4920.66
12264.2
7566.26
7483.52
5490.25
14302.8
2897.56
3082.03
1968.61
12737
8689.74
10984.1
5605.81
4256.82
1657.71
5987.99
12872.5
9780.4
4540.27
2001.47
7048.76
2764.95
1630.79
7315.46
3921.18
5592.01
7219.18
7474.16
6175.15
304.644
2601.75
3307.07
12652.5
8108.58
4272.85
7915.76
6953.43
4363.82
2990.13
3680.12
2578.96
1356.23
4993.1
4091.36
4122.11
5765.72
5330.11
3287.8
638.659
4280.54
3096.94
909.664
5151.42
3062.13
3122.6
2988.13
6397.81
5732.05
9927.56
1412.99
7143.74
1280.55
1755.62
5628.23
459.07
0
1034.18
5263.34
1626.73
8549.75
2503.19
2794.01
7487.96
3780.7
3894.61
1382
1547.6
3089.54
4471.02
1623.34
6433.05
1075.9
1663.01
2521.45
1648.4
5208.53
3608.04
2366.05
4056.95
1458.12
5575.9
2216.2
2968.68
400.731
3795.07
1539.94
3999.68
2712.12
2118.04
2648.42
1872.3
2384.36
3164.54
5443.15
4608.88
1752.44
4054.03
1578.01
10042.5
2031.94
4118.86
3049.71
3006.33
1463.67
1999.65
1494.81
412.121
1228.67
5864.47
8838.96
4848.25
4817.27
876.216
2439.12
3241.11
3042.11
5705.96
725.342
7270.16
4275.76
4315.31
4623.43
3206.89
5002.69
2702.62
813.022
1056.61
2924.92
1425.18
1789.97
3838.08
4606.8
4942.12
856.005
1587.48
1666.94
2090.54
3368.16
3452.3
1493.45
1022.61
2404.22
2209.23
2366.78
2112.19
5327.48
2730.52
1444.62
1531.09
5807.63
4676.45
2365.61
386.124
1561.08
2028.87
768.173
332.291
3656.9
1107.94
854.385
2887.57
882.388
1459.37
2335.96
2839.05
1427.36
2004.68
2478.33
7082.89
1319.02
166.721
2282.82
5446.39
1464.33
2986.9
1514.96
6231.51
3112.82
2180.9
2920.36
2023.52
2654.11
794.081
