5815711
416028
3.21312e+06
739039
936658
1.51725e+06
627924
2.49597e+06
567736
910085
942884
725441
710140
612912
707932
874308
621444
55589.5
221362
281462
423546
35545.2
103445
363351
715889
580387
64405.3
239551
243760
334660
424401
500581
255436
208859
239071
212546
191762
176627
260520
262774
441493
167043
152049
424163
179444
243439
238610
251202
199237
39003.1
221563
260599
82551.8
99077.4
145274
207779
235435
201045
59404.9
90434.7
78689.9
67058.3
274978
156566
207698
122741
122424
208890
184235
24217.7
183786
130668
81294
93582
61443.3
149234
131879
80957.4
208690
26046.9
37786.6
130822
147689
92205.3
91672.3
43614
147142
35298.6
175263
182866
37041.1
52010.3
57450.3
169596
78450.4
106093
20623.2
57853.2
140982
92230.7
88017.9
163307
182233
37890
143496
65977.5
71376.6
63916.9
9418.43
31402.5
52872.7
98906.4
47937.2
83933.7
140125
20550.6
14910.5
143713
62038.1
86251.4
158581
87665.1
132564
35091.4
37228.5
35418.2
32171.6
60167.6
73340.8
26184
66166.5
95787.6
61489.6
94122.5
47805.1
30852.6
1244.52
118073
33043.8
56488.6
46518.5
69364.9
94206.7
47010.6
55987.7
75283
9453.61
62900.8
43793
37047.1
85460.1
53436.1
50245.8
101062
70022.9
61156.6
68213.5
89440.4
60274.9
96091.3
67080.5
18638.6
35751.3
46983.8
24928.6
21970.6
38378.7
42940.7
97938.6
97463
48948.4
24574.8
133392
45687.7
50145.1
153740
36684.8
69881.4
18693.1
13795.3
61825.7
59390.2
56945.5
75369
64664.7
124102
48880.5
40185
107271
36452.1
47595.6
62846.4
49541.7
43844.7
22320.7
100638
99632.2
48087.5
55188.1
120071
72146.3
59210.7
15693.9
38636.1
16682.3
41936.1
91437.4
34056.8
93613.6
65366.2
49338.9
75925.3
44921.2
42572.9
90749.9
43369
18658
57415.7
39577.3
50329
71652.6
29562.2
35630
13036.1
34882.4
29593.7
25898.9
116046
52072.9
51110.1
117360
45740.8
32637.9
64594.3
24945.5
12386
31999.5
54672.2
32081.9
38468.1
80869
28217.1
19209.8
51104.8
35833.4
78209.1
95079.4
21639.2
28735.4
86828.6
51379.5
43619.9
63711.9
30362
93699.8
15137.7
