4924049
829684
554374
1.60436e+06
657112
2.07399e+06
983079
1.61348e+06
1.23534e+06
865551
616707
877987
1.50306e+06
1.26117e+06
1.37683e+06
1.19686e+06
90209.8
553490
740461
587771
33716.3
237638
111647
538072
239719
198908
383888
393237
471120
345091
82295.7
248013
663292
212796
105462
116799
380259
152053
219871
89919.5
193728
140815
242149
226870
289425
59006.8
101794
246807
73083.1
422145
157969
117921
328887
214168
65464.6
153427
160215
180396
286325
236883
147098
233500
193851
90555.4
68496.9
161448
92488.2
159645
113818
145966
128715
227958
56303.9
165701
106444
125410
157596
153290
110667
99355.6
107480
40715.6
88982.6
28825.2
82382.3
12518.8
154207
101713
180326
65714.9
170623
242304
120353
92115.6
72763
104964
227447
125984
133078
49923.2
118271
102028
85405.7
66810.7
100895
54270.6
46250.1
46612.1
72485.1
61751.2
111949
83425
51738.2
157951
6692.11
111723
41829
158981
31617.6
46374
97376.2
76701.7
55513.4
169813
116118
52284.9
86175.3
99686.3
103700
62728.3
117864
35139
47636.4
81773.9
87435
107174
106898
83575.4
60709.6
71159.8
53446.6
60489.3
88277.7
37889.7
82400.1
79044.7
52491.2
104544
69108.7
20151.4
28012.8
65757.9
169907
78886.7
108674
47466.3
47505.1
126368
47305.6
29888.4
61091.6
49964.1
54606
26977
47620.6
8980.53
36839.9
124515
31416.1
22822.4
65437.6
54769.7
90986.9
125743
93532.6
83333
108541
70044.6
57632.7
51400.6
24586.2
94832.9
98520.6
67640.3
58655.8
15523.8
24944.4
69362.2
61776.6
53788.8
39289.5
83545.3
26719.9
41586.3
57088.7
15269.9
115339
41669.1
96311.4
82011.1
75068.8
115257
43407.3
50923.8
40554.9
47200.9
81649.7
22289.1
16069.9
9379.19
30616
133206
27693.6
6359.18
55302
67070.3
71358.2
44751
18699.3
62489.3
130275
44167.8
13040.5
31096.4
23985.4
85005.1
86837.9
39621.9
107203
85761.3
45306
51435.8
20270.3
74802.1
47265.4
27553.6
62491.3
91064.1
18981.5
47659.5
97845.8
26582.3
45066.7
47617.4
13718.2
62718.5
42943.3
59554.4
54095.3
71497.9
107053
8171.88
42057.7
50804.9
51744.1
107249
