6621622
736347
940676
731441
506634
1.51366e+06
2.72331e+06
939998
450658
449089
569794
784919
259204
339056
612528
220156
780143
2.39883e+06
150454
191100
335392
176338
943343
1.33337e+06
143547
488704
121455
549340
826424
315016
435947
628059
425142
299157
153320
147863
512962
697219
309635
147635
258559
235224
289577
224162
111229
606781
414597
199256
198539
384921
256141
251747
308084
135447
286595
114022
335623
398681
82671.6
164517
162955
155568
179284
74639.5
265549
99911.9
110008
173690
134477
98883.5
226030
202298
126911
189987
65410.5
107875
360005
281890
60033.3
315124
195565
182727
189017
256417
144851
158846
272536
132192
92450.5
50042.6
99763.3
284350
140056
142441
55243.3
13157.4
22745.4
48969.1
122189
219200
244634
171409
82168.7
192861
270048
215078
71894
112384
97043.5
143953
175209
110803
81393.8
224081
88483.2
31274.9
70084.6
83677.3
135921
31828
97096.4
111126
36149.2
62251.7
123203
105501
86593.3
48274.2
73903
121150
83575.9
171082
98212.3
172058
138016
46942.3
101683
106635
51812.5
104728
133664
133732
100298
91124.8
71200.2
15516.4
166481
100577
70935.9
129042
52876.8
107268
71642.9
120562
166071
186331
30672
124717
149249
98067.3
21250.6
77283.9
68756.7
174957
98071.1
115405
57789.2
111507
57765.2
95126.5
169322
115469
110664
43525.1
57838.3
161990
30395.9
119753
62383.1
31709.4
32271.1
5969.72
20246.3
24147.1
66061.8
28890.9
52440.4
120901
39408.6
161462
96118.9
27153.1
44506.2
160804
42864.8
77163.2
36887.6
24323.1
77226.4
50932.1
92284
42181
78554.7
67054.5
101746
63534.2
121437
40456
103296
58274.8
35176.3
27841.4
93272.5
11917.6
140346
17969.9
25410.4
111258
69708
24909
64863.4
90310.2
165336
110987
117970
92899.1
176613
112616
80559.6
127035
41534.7
101080
59862.6
90138.3
98977.6
95010.7
85045.4
69897.6
34178.5
69370.3
70507.3
41332.7
47114.5
110693
58239.7
76076.4
55328.4
58924.8
80554.5
78010.3
58984.7
58655.4
194987
57171.7
9218.49
6617.26
