7131974
626384
1.8458e+06
284247
430306
4.02076e+06
1.18267e+06
801345
1.6713e+06
600346
242210
463329
399388
1.21871e+06
398233
434117
422472
460961
475930
355532
554101
268440
224930
313784
259336
227175
342198
680082
98872
40312.1
295198
427608
204547
140492
144212
226472
252646
274443
194938
82590.9
205105
55321.3
221520
318243
225683
216749
217656
179143
147003
170378
111686
72421
127230
195353
258250
60757.9
138596
129705
92228.4
225685
158006
119197
123392
79388.2
19447.4
130318
152921
151138
106259
246681
69092.8
122413
58821.6
31801.8
98021
66483.9
137084
109582
185281
85277.9
54058.7
159204
93794.8
77060.4
68308
55494.8
88626.6
157153
63915.1
133293
43689.4
174456
98165.2
29542.8
96481.7
54086.4
37365.4
40323.5
42745.4
132980
50590.2
152131
50601.3
67377.2
103592
94054.5
16402.3
8957.06
108052
186488
70637.3
34217.4
34938.3
41881.7
18638.3
56296
85649.6
86457.7
47585.7
80247.8
75902.2
105046
117163
73593.3
12871.9
55552.8
38190.8
150021
32629.3
13457.9
75387.1
86459.7
25130.8
88535.1
25019.6
52833
81828.2
48766.6
30460.3
44082.2
124819
101890
67262.9
95560.2
55552.2
32466.3
42167.1
55541.3
112110
43462.2
46970.5
35056.1
29984.1
72242.7
59327.1
78660.5
20649.8
53110.3
83646.8
97127.6
66163.6
36643.8
73942.4
79143.5
47181.8
60235.1
57930.4
24173.6
49384.2
53757.1
38674.4
64866.2
63079.1
84926.8
66885.7
74219.1
42187.2
44627.8
43455.8
20343.9
59534
69767.8
94459.1
69025.7
47585.1
89979.1
15278.8
20328.6
48142.5
26281.1
38792.2
71076.2
33392.8
42144.6
56483.1
117592
9655.81
52110.4
12511.3
41484
18348.4
68786.6
23105.4
67600.5
70810
56993.7
90049.9
50648.9
17825.2
50486.2
49227.4
15714.5
25733.5
92410.5
20809.3
43173.5
11762
96750
36845
36055.8
31899.1
63232.2
77994
76388.9
39599.1
47941.5
45893.6
24239.2
31966.9
42266.4
21870.3
65191.5
54835.1
77681.5
26042.2
60554.2
79626
48834.5
12611.7
66559.2
21726.8
53204.7
42246.6
40639.9
109310
34955.3
36508.4
19486
13203.5
40209
67696.2
16465.2
12402.9
40930.4
57998.3
99657.7
