6500388
444138
381132
742836
367587
2.18276e+06
1.7186e+06
772443
246532
423634
1.77861e+06
213711
552677
688462
606882
2.94509e+06
1.00171e+06
562646
288588
181222
858950
247117
200073
230760
760371
697804
111685
246920
130227
104949
407405
645806
132633
273725
437363
336547
701483
312727
99609.1
99813
355382
295991
129651
262565
297654
304700
232154
87430.5
175765
195556
128191
245646
269945
114268
295800
319121
347654
492262
223458
158015
130472
275227
189536
212020
113177
167828
225075
147818
55302.9
197616
133212
115745
58384.3
377343
148615
106480
106164
180795
321272
83378
136771
149245
273615
209623
59701.2
180697
72868.9
101755
219147
37813.8
177533
39532.7
47540.7
104944
89095.9
209107
20612.3
126289
86595.9
147737
138662
86447.6
193839
169107
173597
18944.9
180131
77305.6
235658
67719.5
53317.2
15057.5
59925
168999
77341.4
136648
62848.9
73122.4
137789
47255.6
87442.2
90352.5
61534.2
99049.9
63679.1
74017.4
135365
194222
98423.1
149785
146534
37559.7
45718.8
180814
110448
79293
114892
12265.1
44063.1
104389
56889.5
87041.9
156112
40119.6
112838
101975
107411
121641
53711.6
99754.6
85010.1
111907
55811.8
85981
86541.6
28201.8
76516.7
55704.5
63035.9
9641.88
125519
81683.6
6149.58
71033.1
134592
66334.9
147004
72438
46117.1
156847
125168
71536.4
51205.8
90738.9
151347
103174
88441.9
64189.6
69487.7
22308
32538.3
169647
100223
90687
41052.9
5804.66
122114
124144
49755.4
89586.4
120700
77177.9
37672
30495.6
69840.6
63130
104680
43106.5
44257.6
7307.56
56030.5
36883.3
80777.4
129130
78921.5
45070.6
126225
119733
93812.4
33866.8
97239.1
64851
167582
56176.5
89302.7
21547.7
72923.5
122083
58121.7
37552.4
93960.5
33606.3
93395.4
46226.6
31102.7
54877.9
89909.5
50348.5
119960
94063.2
80667.6
60225.3
12214.8
136314
42393.8
47077.7
73146.2
85433.9
81794
76289
81357
11586.3
53242.1
64771.5
68815.3
47989.4
57128.9
84458.7
62886.2
153033
95154.8
93458.3
1029.38
62691.4
50025.6
33161.9
