8523797
96251.8
546012
873735
3.25486e+06
2.12555e+06
548403
1.20012e+06
1.42293e+06
598703
488181
445577
624460
2.02078e+06
1.08565e+06
217218
444530
953079
1.14744e+06
428573
349267
688295
175294
515044
589068
758020
243582
400785
548614
221625
353567
143461
455728
452604
242919
173827
280092
318793
443025
163203
366609
341972
328186
254246
277044
104357
89042.1
117006
306139
81929.3
319171
126697
182243
145403
101404
124951
187606
88004.6
388367
243093
155074
100743
207622
200116
81395.4
214343
206395
265562
56750.1
224892
65125.4
264631
32302.9
255627
147459
350906
235132
154876
103755
95287.6
71699.9
101139
161052
182498
122322
128793
84632.5
65547.7
159297
130976
251673
49477.8
48124.1
32612.5
155596
83637.1
84944.3
104399
170176
132652
160895
102772
94314.4
37881.9
97375.8
166256
49311.3
39870.4
31425.6
46128.2
120508
76378.7
42607.2
186869
86390.7
135419
144510
144032
99210
58193
99913.8
96568.5
35758.3
60882.1
50328.6
110093
118453
62357.4
46191.8
103839
78916.8
39476.6
202977
173906
133249
73421.2
44926.1
56068.9
120217
50258
76912.2
25295.1
64292.5
71703.4
83973.4
71830.1
78607.8
63058.3
40450
114185
86737.2
68171.6
18884
16790.1
77283.9
88252.2
133116
57803.3
81897
68032.8
42507.5
38364.9
35302.5
108272
56317.7
45051.1
54425.8
123533
103009
165656
50545.5
96468.4
93556.2
67615.3
86386.9
117883
72260.1
102292
20249.8
10451.6
69054
58066.6
39620.7
76456
144831
48798.6
67460.4
102176
148295
28083.6
68040.3
78670.5
43324.9
47782.6
135199
47107.1
14524.8
46595.2
25043.6
32623.2
116975
88040.8
63885.4
48539.7
53664
103456
74313.2
59227.7
22478.2
68239.3
47448.5
62874.5
60636.4
52611.1
58212.6
112462
100955
116973
133701
55362.8
30025.3
90032.5
68934.8
62271.1
24113.8
61021.3
38350.6
90136.4
61201.2
74745.5
47245.8
66803.7
149498
80625.3
33982.8
37407.7
21512.6
63191.1
57050.4
41026
76814.4
48807.7
43034.9
44333.2
45495.5
93102.1
113323
5291.49
56722.8
134426
69798.6
20340.2
10382.5
72999.9
58364.6
17632.5
