5492729
1.69495e+06
2.77165e+06
2.2445e+06
604936
1.54575e+06
303890
847706
862358
701336
1.411e+06
411953
1.00709e+06
849099
1.02955e+06
538123
672411
313907
1.01358e+06
172698
255476
591033
31538.5
629625
382714
253999
237402
152638
232052
153910
419555
282537
223974
241308
243720
208798
196155
253839
66210.9
60232.9
111179
141264
207029
203156
129141
174401
278129
185121
312690
71461.5
206612
182085
221341
157201
191680
50531.9
161146
133516
219987
56558.8
169388
72898.5
206031
86333.7
26143.4
146930
65221
107163
90360.7
160083
127792
132951
85118.2
68064.6
130662
215516
216447
151033
148223
111380
20588.3
105873
69373
37661.2
187379
125804
65996.4
107070
63496.6
92048.4
59158.1
60945
126701
46716.9
91169.3
89451.2
139756
84782.7
71786
73894.5
96203.3
45091.1
132353
54184.8
115731
17884.5
117525
87523.2
56895.2
53642.6
96449.9
117666
130309
138433
97612.3
25379.4
126913
60564
39262.4
87360.4
52701.4
104824
74065.9
122624
71461.7
116398
69555.9
82926.8
118118
27294.7
11872.8
38304.7
27996.5
50525.1
77475.1
12873
193759
38291.7
85782.8
11982.9
69003.3
95979.9
79648.4
65460.5
45538.7
65360.2
30083.3
73161.8
36589.7
17979.7
32647.8
132843
24929.2
60132.8
52216.2
38036.4
80609.6
86206.7
96989.5
25516.1
101217
55319.3
89249.8
75907.7
97492.7
41212.2
105170
38832.5
103335
59796.7
78827.3
25670.2
112076
37065.2
67667.9
70740
16449.5
121684
10096.8
26550.4
64754
73450.5
8009.7
88268.3
6477.47
60208.2
12465.5
62320.5
66724.9
46153.8
39178.3
75534
75282.1
57513
65196.3
55327.7
35592.4
27311.3
22396.9
55523.2
97846.9
45023.1
169478
35479.6
99066.7
25278.8
45056.1
35443.5
51302.1
18072.7
66716.6
109052
68310.8
88240.2
32655.1
23657
7030.04
93198.2
25005.2
60636.9
14161.5
52594.7
96781
12989.6
77125.5
68401.5
23171
48311.1
43706.3
72139.9
59977.2
24054
79277.3
35191.2
92700.8
73560.6
64370.7
23358.3
66249
29849.3
44042.5
50704.8
33542.1
105837
69267.2
2553.29
104625
48778.3
34436.7
88355.6
48523.6
59340.7
65762.2
21303.4
88899.5
46367
