10109973
1.41387e+06
1.37893e+06
1.23065e+06
1.07927e+06
823665
275317
134975
152916
394157
692847
1.06719e+06
2.12716e+06
3.10268e+06
276525
18243.6
37639.7
69130.1
221090
385936
204099
149452
55027.1
64435.3
345969
1.7273e+06
1.26571e+06
450457
271733
114786
75697.5
70322.7
413495
95176.9
24496.6
27055
30623.9
76758
383572
169902
142321
199072
219144
135625
244802
80958.2
104114
67623
127248
157236
324879
570810
40092.7
29271
36852.8
145454
207614
385395
207249
89308.8
50991.5
65403.7
153201
560386
508510
138046
119794
46356.7
56645.8
127381
351248
135044
38299.3
19722.3
21669.6
49349.2
287590
167579
87973.4
136089
128316
78397.5
181381
145377
84475.8
28381.2
74602.7
66625
90007.4
148775
66120.9
47459.1
59360
146380
158277
343067
133835
109389
59125.9
64920.6
89686.2
223424
231449
106551
75446.9
46585.3
85229.6
157229
293289
143495
22758.7
16888.5
34769.8
36424.4
171587
157562
77340.9
107705
70473
74049.5
81349.6
153705
51836.3
38112.1
76113.8
55254.1
42903.5
76009.1
72843.3
57925.5
74332.1
106347
121064
283781
44914.8
119412
47928.7
53488.3
93060.3
108210
58755
113749
65649.3
54363.4
103903
152968
244220
114764
73263.9
5778.72
40758.2
46212.1
65164.7
118182
107599
60876.4
31264.7
76772.2
16680.8
138325
34517.8
87095.7
87557.1
34913.2
68006.3
85576.9
72127.2
56275
50207.4
48010.3
120195
185699
25003.1
107129
27493.3
66115.3
83211.4
125176
63103.9
91415
83267.5
56476.2
98037.6
140020
194502
64034.3
102821
12834.2
27826
61056.3
63196.7
70381.4
121843
30619.9
19118.7
85391.9
66017.5
87459.8
21219.1
130395
70885.1
20428.9
79760.7
68790
72431.2
57334.7
31989.8
28116.2
126903
84257
49297.2
76554.7
40074.8
84450.3
43571.6
145700
92389.5
53122.1
92022.7
51375.9
78173.9
139119
127663
41802.3
101301
25533.7
16718.1
58263.5
105466
54141.7
105850
37470.9
35156.1
81772.9
80385.5
49485.6
3901.35
159124
39737.1
34441.4
81588.6
60725.2
57664.2
60835.2
67578.6
54902.2
125556
25514
39897
44410.9
80671.7
68169
55082.3
148970
87967.3
34885.6
