0
14706.4
6459.48
15367.1
38423.7
175824
16929.8
10533.7
17329.1
23686.5
16164.3
14077.6
21280.4
31488.6
2381.81
10465.5
24767.4
22295.3
16515
10091.1
22734.5
39300.7
23574.4
33075.5
3311.12
19726.1
13141.7
15672.5
20705.4
22859
3497.95
27576.1
16109.8
15953.3
19703.1
8097.96
15149.5
10098.2
11695.6
17052.2
8970.21
6220.49
10634.3
8500.07
3495.94
8224.14
5655.35
8278.72
8184.76
12831
1101.8
8105.81
8073.08
3779.26
4606.3
9685.41
12911.8
5414.82
4446.12
2401.49
14517.9
8398.69
9700.22
5746.95
12264.2
8783.74
8747.08
6578.43
17609.4
3088.22
3142.11
1968.61
13966
10503.1
12496.1
7467.22
4256.82
1657.71
5987.99
15125.3
10794.1
5725.98
2001.47
8151.41
2764.95
1721.06
7867.95
3941.11
5617.21
8549.1
8719.35
6990.14
304.644
2608.24
4098.5
13565.2
8108.58
5161.82
9116.4
8289.91
4368.94
3262.64
3795.66
3194.87
1356.23
6009.88
4093.53
5180.81
7685.34
6400.77
3654.76
634.78
4280.54
3833.67
926.808
6379.24
3062.13
3918.18
3007.05
7623.2
5902.47
10913.7
1420.61
8472.48
1305.48
1952.49
5934.17
440.114
0
1074.93
5404.41
1845.37
8732.67
2879.73
3105.95
8277.34
3790.16
4655.81
1408.37
1970.49
3089.54
5527.82
1623.34
7950.14
1075.9
1664.08
2528.2
2017.4
6926.04
4554.7
2376.92
4843.56
1458.12
6858.85
2216.2
3286.49
400.731
4528.55
1539.94
4796.33
2712.12
2234.85
3400.4
1890.94
2384.36
3553.04
6370.27
5514.66
1752.44
4355.02
1587.34
11922.2
2031.94
4742.51
3052.3
3711.05
1463.67
2029.31
1498.52
411.35
1228.67
7820.18
10036.3
5864.92
4817.27
868.622
2439.12
3361.75
3042.11
6811.87
725.342
8490.81
4668.76
4974.7
5472.88
3793.81
5002.69
2729.61
813.022
1057.16
2924.92
1732.85
1789.97
5091.8
4780.11
5632.31
856.005
1612.03
1666.94
2684.86
3500.12
4029.89
1493.45
1022.61
2404.22
2223.65
2366.78
2274.45
6178.32
3038.45
1444.62
1531.09
7229.05
5002.56
2365.61
383.275
1562.66
2450.13
768.173
332.223
3676.37
1107.94
854.385
3405.03
911.021
1856.45
2337.08
3443
1433.86
2017.17
2478.33
8796.28
1311.83
168.345
2282.82
6704.65
1477.43
3566.88
1514.96
6830.1
3240.21
2600.44
2972.19
2289.98
2758.74
816.452
