6863847
624199
856640
459146
869954
3.58957e+06
346264
1.48706e+06
1.71602e+06
919719
1.73731e+06
301228
610854
908243
225583
470931
607183
357795
448951
335476
127727
452545
683692
554048
409075
226808
473133
239706
43185.8
550615
134013
197754
166827
226147
321329
265619
244087
135849
192417
51175.3
319012
236508
171202
241292
503579
152278
174482
236603
99819.4
122290
182423
79130.5
168261
146158
102716
32326.6
241084
181783
113839
130711
154578
233576
167310
170270
187796
138644
54668
62625.5
22806
212862
58648.8
8831.05
248244
149133
147638
36810.3
90599.3
169908
142249
174189
56086.6
132358
105893
65137.8
119504
146684
87591.7
25992.3
109809
104170
78046.3
116957
46459.4
16189.2
52114.4
189974
34162.9
173184
158022
26419.4
75717.8
151787
32544.6
139238
43059.9
20020.6
95075.2
19646.8
76097.9
112886
76469.7
96830
54146.9
138040
66080.3
25720.3
154519
81345
66571.8
32153.2
116877
51026.7
42186.8
92994.9
66231.7
29873.6
39215.8
11181.9
46316.2
177371
117904
110272
50455.7
59892.8
82048.1
70590
67099.2
90426.5
87023.1
38620.6
38490.8
39597.5
41949.8
94938.3
44043.3
46119.8
18575.4
49394.4
173032
34437.2
78148.3
58842.3
78980
41800.2
60468.9
69589
34410.1
91416.1
50640.1
48117.3
89700.2
78683
35012.4
108073
55845.4
61772.6
45607.2
68057.4
70064.2
78767.6
30325.3
37821.5
104684
61002.6
10472.3
45534.4
30487
49983.4
23583.5
20456.6
88682
55126.9
149107
16052.1
6582.13
52039
45910.2
87314.3
58489.5
42029.5
60876.8
58601
51912.8
39466.4
103303
29314.8
36553.7
41659.1
27759.9
65495.4
96138.9
65090.1
56350.2
44318
43810.6
43916.4
79904.9
23655.8
31709.7
58778.1
99919.3
86460.8
52963.5
32022.8
93508.7
9109.82
54330.5
40998.7
33006.3
58997.7
9880.43
62039.6
118235
75451.7
62203.2
30514.9
50834.1
32705.2
30224.4
17616.7
35156.1
18945.5
66230.7
97915.4
32252.4
49878.3
34384.6
59306.5
59531
100895
61085.5
69751.2
49693.4
63220.7
35272
79144.7
3795.11
21289.9
28344.7
45163.7
63328.5
117553
11449.3
43897.8
52501.1
21190.5
