6966671
472765
969856
1.20604e+06
673411
1.14194e+06
747278
789479
2.41248e+06
2.06131e+06
1.55316e+06
80184.3
203898
1.40749e+06
1.29971e+06
585705
780510
1.89589e+06
220262
337820
977944
188088
533607
357856
315771
179272
128055
692281
192125
392902
416826
153735
30674.6
221821
270663
339958
541061
321209
416417
178527
302855
375642
457217
99406.2
132724
187261
381765
218683
328377
219338
270376
133125
200112
268012
163086
135794
50623.5
283266
98188.2
78786.8
201677
145892
197793
175573
395425
117350
142244
61205.8
208777
299704
146138
125514
145243
366841
260528
26753.6
91221.2
61110.7
68350.7
92392.8
114026
18166.7
79716.7
40650.3
59686.5
33746.9
176284
79870.8
81519.6
53804.4
123171
187438
66003.9
321256
140635
246753
316959
82994.4
25885.4
190809
49385.3
106962
156275
33494.4
29067.3
80165.5
120633
59036.7
56733.9
121204
52205.1
58475.7
33459.6
98245.9
86509.6
39977.7
30016.2
70975.5
162195
90390.4
224130
72470.8
57959.4
179581
77984.4
106840
84182.9
89800.1
46123.9
65285.5
184547
63067.1
175337
55414.2
47956.8
74091.7
112588
76322.3
67358.6
156632
103403
89740.4
108478
79263.8
99570.9
46216.2
111199
139363
95035.1
55263
105882
162897
106221
30890.7
123643
42501.7
78640.4
97627.5
70794.2
46439.2
41936.8
13614.2
120308
49749
94639.1
25655.2
27781.4
92475.4
113306
19511.3
12977
74650.7
138970
15801.4
96435.8
132919
130842
8425.59
46167.4
126834
82974.6
62442
83942.5
86571.9
85326.4
68665.8
83991.6
98899.8
110790
71668.8
40920.9
82390.1
10183
7206.01
29019.8
37387.7
73702.1
70215.8
59115.3
77971.3
100714
94292.7
69964.6
77059.6
54511.3
126355
177166
48540.5
78419.2
41896.2
39297.6
91078.9
109026
1237.39
88461
61766.6
30670.3
58712.7
50898.3
28666.7
36869.3
25933.1
10881.8
114433
142375
44104.9
50293.2
85526.8
67616
24657.9
115520
91758.1
127704
48140.7
23708.6
23993.2
71233.7
38102.3
53251.4
15308.6
71495
45576.5
35669.8
77813.6
105991
70574.1
40530.8
14072.2
70867.2
105641
136806
92662.4
84270
24873.2
41841.3
91834.6
