5612978
226717
2.20274e+06
899359
874132
2.83169e+06
622170
2.46889e+06
517632
773061
771139
551420
719053
946778
591376
419251
518530
618046
585214
743736
152634
185145
278641
405532
184081
118876
428591
669984
374378
216789
603965
88643.9
253474
59831.2
276683
262084
156953
207918
206453
35899.1
299743
258609
157178
43449
108389
177583
444079
173160
101731
208815
134288
193947
230900
143781
213470
107077
156125
95559
239253
73611.7
254732
166992
85882.3
236742
232378
115646
189264
141957
88241
237683
169695
25799.2
117182
207768
75448.5
62372.2
118033
112496
84824.5
144323
219708
47300.5
100782
156454
42498.7
113652
91630
77105.5
120667
38295.2
86800.9
108255
120452
181174
88642.7
56095.1
91264.3
98202.3
42078.3
156072
101700
66664.2
92414.2
136915
52460.7
85734.5
114713
63815.9
91506.2
52262.2
143229
95150.4
122439
136313
21308.2
9100.28
50024.1
114916
47884.4
27850
28481.1
115531
61981.3
39610.1
14758.9
63155
100740
100367
46420.1
80453.7
45849.3
80222.1
63228.3
87011.2
78613.9
46237.9
63710.7
36597
77547.6
27427.2
48054.5
70773.9
54002.9
26223.8
73851.6
175925
52227.3
34051.8
78459.3
82619.6
25181.4
39829.7
69373.9
42337.9
65950.7
99931
81213.9
39297
110504
56861.3
51624.7
75644.5
42665.8
44952.9
80540.4
4739.12
91898.3
49792
81589.2
75220.8
32165.8
56294.9
80200.2
49654.2
47067.8
55301.8
33854.9
83812.9
96160.6
54001.7
75405.3
61881.6
85877.9
19565.6
79292.5
33032.3
79233.2
41443.8
72812.1
69204.3
61718.8
95999.1
94042.5
48399.4
100331
79154.8
31996.8
52783.8
68429.4
45334.4
31601.9
77296.9
22527.5
70237.9
72945.8
70375.3
41383
25289.7
94424.7
55289.6
58169.2
93570.5
12869.7
56221.5
68111.4
24805.9
33027.3
54437.8
55203.5
55931.1
39658.5
69314.1
27836.9
38311
25391.4
89485.8
28108
77780.5
107546
29442.4
42464.1
99573.8
34906.6
57968.9
23271
15925.7
82716.5
28079.1
40672.7
67392.1
27042.2
46020.1
76052.9
57197.7
51344.4
77343.5
50885.3
38334
80858.8
58109.3
29412.4
15039.3
77415.6
23736
20221.9
50096.5
