14256511
172556
141975
293187
425917
539603
1.79115e+06
1.1673e+06
535574
333503
226406
300823
1.08337e+06
1.48495e+06
203768
214171
251632
344370
409064
1.49425e+06
325415
157199
109944
174498
323953
1.23728e+06
347373
280932
286618
280004
237829
482340
666324
242459
203110
48613.3
28548.2
160999
212251
176654
64567.3
117381
163061
254057
30823.6
249773
162377
125092
223151
147806
264411
456358
99423.1
82361.4
92037.3
202631
329908
245313
222443
167694
87443.3
52741.2
76091.6
394710
114992
71468.7
79978.4
89605.7
38682.6
258168
233924
38183.1
108055
25369.2
47235.7
132924
146419
116323
68904.9
54810.3
41403.4
183275
24753.3
129874
69985.5
60243.5
133648
135055
114730
253321
48891.5
20877.3
65127.6
77619.4
204178
208044
99742.1
69287.2
28672.4
108639
148154
118512
168982
46377
46335.8
95351.6
113079
47590.3
158614
83463.8
35080.7
22501.4
112208
66567.5
50255
113168
33729.2
17869.8
45104.6
115101
5924.84
104555
74855.8
22427.3
28511.4
69980.6
96007.2
136346
102.552
82647.9
54977.4
59776.9
78437.2
97484.2
70882.5
84110.6
77404.7
71495.3
81416.1
126582
78367.9
14141.4
64227
117381
121120
56333.8
165611
79380.1
40520.3
47099.4
141707
13663.1
75430.9
161706
13205.4
10963.8
82030.6
72730.2
26173
99537.7
87142.5
38064
86688.7
36679.3
104198
119468
37735.5
64405.6
51126.1
103792
120849
25298.5
75600.8
86480.8
65562.7
51205.1
26658.5
75198.2
50838.6
54312.3
33997.7
46338.4
24087.8
45007.1
76043.7
66250.1
9953.59
30439.2
80540.6
31127.4
50303.4
135187
19727.6
27273.8
85102.8
61620.9
23473.5
124118
69382.8
34690.7
84778.5
50677.3
77135.8
86381.1
79897.6
13135
46545.2
71138.6
89064.1
21418.3
59804.6
12804.2
31690.9
65854.1
55688.4
17093.6
30177.4
21990.6
40272.8
48026
83791.5
42452.4
42751.8
73550.8
41245.6
48666
91982.9
64316.6
22510.7
122794
20685.5
37202.5
44376.7
102954
17410.2
108098
51160.2
13680.8
62010.6
76157.3
60290.8
109809
67192.1
31338.2
9299.51
93276.4
40627
41664.4
124874
55251.3
49356.3
9505.93
21441.4
29206.3
59406
60639
