7939971
344935
727320
1.02473e+06
333991
1.79809e+06
349376
917562
1.03506e+06
1.19492e+06
1.00373e+06
527527
676282
2.90442e+06
1.42141e+06
1.14545e+06
537849
417060
598182
875669
776744
631159
219635
262227
886456
172457
406651
531626
662495
707009
154156
617006
955913
312728
331507
274294
549192
250148
575718
248089
529883
476035
186193
236604
116727
82806.6
214618
198844
191739
215630
125059
165291
152836
220145
492681
129335
69808.1
348620
214880
296449
65435.6
94637.4
325305
174098
95917.6
104198
191585
42723.3
154871
115179
260957
114910
147519
143729
99362.5
274798
350704
125009
39366.1
76486.4
175207
244863
251196
95535
165784
67553
206421
340543
45786.4
132317
118004
203485
259034
122365
105176
184388
177656
135003
140752
237524
90446.6
140276
80342.6
174563
214296
64122.9
236590
166435
56393
96225.6
15983.1
75458.5
85328.2
96444.1
162508
140483
179376
28866.6
143341
52877.2
32550.1
184992
27807.9
37769.6
98393.1
52162.6
85299
91193.8
65697.3
126272
203204
59510.1
116350
155578
44596.1
89966.7
24883.8
132753
160063
115936
81606.5
101722
100977
156528
65442.3
117708
131048
144199
114455
88903
71148.7
123403
40017.4
145769
109441
137695
140480
85747.4
55146
237762
30257.4
57642.9
105887
53655.1
76514.1
105728
25682.3
73113.5
72551.3
24647.3
117407
118040
116437
136003
32325.4
61670.1
104115
78971.9
61497.1
107598
20336.3
109021
140240
85870.6
63783.9
146040
43778
18944.2
89998.7
71535.9
101290
20843.6
125880
154196
51499.4
16621
87633.8
118232
11701.9
55644.4
126480
82041.6
39464.6
68722.8
88036.4
40414.3
36730.5
99507.2
89905
30210.8
5999.41
71267.7
91259.8
147141
144510
56899.8
171987
48579.4
45176.4
66939.9
92261.3
2325.41
102667
106910
23684.3
33674.7
161790
119359
23746.1
63947.6
21132
113965
133035
46169.2
109409
33715.9
18867.2
118962
42744.5
99777.9
115579
112535
51904
72838.8
97987.8
80292.1
64955.1
27880.2
55361.8
15836.8
46849
86124
163286
54908
10582
93046.5
