7828076
201781
223979
514372
500748
4.5072e+06
297325
669974
226380
133543
535311
309741
62798
428478
457750
1.03663e+06
348563
634735
376914
343238
310307
469091
205131
72549.9
405365
199530
198700
392888
416533
145913
268073
344972
177889
190954
315253
128243
286846
584551
347588
251206
167846
378421
253976
271739
251252
97212.2
230273
385712
203517
77728.5
138910
120643
244910
379575
232206
70652.3
194150
338449
231855
226524
248464
287596
161945
134485
123702
38703.6
55801
194790
194612
73839.6
34936.2
244105
231638
206477
67899.4
154557
14518.9
148966
279095
63137.4
40426.8
298091
108731
114376
128542
125552
190365
51981.3
198563
95086.8
169332
127213
64851.2
240825
122981
132825
131553
103726
155859
40272.7
177171
188302
239385
87892.8
44045.2
88545.5
238292
65965.6
77828.7
122708
218455
56702.1
140478
109596
143680
188324
50334.8
115440
124504
178799
153766
100260
31762.7
106031
99914.1
33551.7
119193
188939
209686
50682.7
210906
215724
44123.8
104001
52464.6
142794
99465.6
86288.2
31549.9
257807
116068
45010.2
88678.1
104253
32341.1
50718.8
87365.6
90244.3
182016
191070
180408
169071
169957
56849.2
93149.7
119229
78652.3
41213.1
68075.4
79157.7
142624
220231
97158.7
81367.1
64277.2
93515.6
11941.9
55697.4
64683.5
89402.7
187104
86399.9
42128.4
153941
149425
140145
94395.9
124258
64990.1
1912.26
61869.1
110387
83295.9
129365
74313.1
116615
48618.6
32881.7
33643.9
65735.2
8973.73
64017.4
83120.5
72693.7
78751.2
66146
111882
83432.1
34270.4
79188.6
29541.5
54225
95863.2
15036.1
41920.5
81959.5
39703.6
66243.6
63974.2
43157.4
31235.5
40413.6
64466.2
23866.7
45706.8
89216
52388.7
75204.5
70921.9
81316.2
12004.2
44888.1
122336
113697
24517.2
48525.2
30416.3
85967.3
98187.7
93176.1
32647.4
31226.1
68112.4
87535.5
84616.8
104168
27743.2
122970
85054.5
76537.5
79652.3
56198.1
58027.7
66907.5
58448.2
39877.4
45942.8
14739.3
56072.2
85528.8
70444.9
54599.8
38746
110787
42933.8
42436.3
