9082311
476179
958398
898078
3.0849e+06
1.72572e+06
1.40651e+06
1.45016e+06
1.02128e+06
1.09929e+06
799485
208447
245347
1.00649e+06
133660
359526
545378
1.09467e+06
694787
490076
1.04104e+06
561638
476089
343384
456830
707381
429079
291819
1.00136e+06
605502
645001
314729
441028
343789
315279
121417
141387
469659
54940.2
234388
80254.6
472930
326086
233346
250321
245769
68866.7
240517
131813
283229
384219
257777
300606
85073.3
158138
320431
100689
162667
108857
136695
153786
145412
194338
108666
61377.8
152004
199583
165510
171401
175839
31568
30055.4
129670
209322
234103
178030
119758
207404
277814
200807
69688.5
113994
117418
203497
131610
117420
49909.8
95470.8
234372
288723
21965.2
143064
126188
204508
200794
163450
144018
172215
155188
97186.4
78458.4
47148.5
21169.9
200752
95687.8
60190.8
84041.7
48126.4
84066.2
31131.4
46443.1
113857
234135
25155
145329
22115.5
152176
18073.9
11280.4
181248
81625.4
40882.3
80500.3
180879
30180.7
101798
49200.8
149913
73312.2
147466
93611.5
88400.3
101251
58968.4
155943
63752.6
119623
183528
132735
91594
122263
122717
62763.5
145689
138043
24716.2
163412
87631.2
16809.2
129843
84035.3
119032
47880.6
31917.1
115825
72813.7
55600.9
122629
170712
62320.4
52417.2
40021.3
58251.3
59254.9
92848.8
66932.9
61194.2
83791.9
105006
74706.8
18468.9
54709.8
31641.3
30137.3
109314
79189.2
48183.7
108850
45953.5
79769.8
68550.5
15525
158378
82510.5
96334.5
69784.6
58140
44415.7
125583
77821.9
45070.9
67471.9
70103.7
58741.4
44515.3
134469
109144
70292.6
49514.9
23396.3
87537.6
14836.7
81342
140143
70068.1
9406.59
77615.1
152424
24187.2
71785.5
18770.9
106971
88992.9
51017.2
69075.3
46356.3
79748.8
57436.1
138735
105758
7966.27
32059.5
51824.8
72702.5
36042.2
41561.2
97284.2
57581.9
87565.3
47501
113707
110568
101397
26789.4
60684.8
58920.2
41189.3
43361.8
75807.4
20778.7
39276.1
58320.1
23454.4
85072.7
47530.4
60210.8
41542.6
18567.5
67443.1
74511.3
66858.2
77046.7
92040
125419
6425.72
91867.4
