0065536 0000000
0065531 -000804
0065516 -001608
0065491 -002412
0065457 -003215
0065412 -004018
0065358 -004821
0065294 -005622
0065220 -006423
0065136 -007223
0065043 -008022
0064939 -008819
0064826 -009616
0064703 -010410
0064571 -011204
0064428 -011995
0064276 -012785
0064115 -013573
0063943 -014359
0063762 -015142
0063571 -015923
0063371 -016702
0063162 -017479
0062942 -018253
0062714 -019024
0062475 -019792
0062228 -020557
0061971 -021319
0061705 -022078
0061429 -022833
0061144 -023586
0060850 -024334
0060547 -025079
0060235 -025820
0059913 -026557
0059583 -027291
0059243 -028020
0058895 -028745
0058538 -029465
0058172 -030181
0057797 -030893
0057414 -031600
0057022 -032302
0056621 -032999
0056212 -033692
0055794 -034379
0055368 -035061
0054933 -035738
0054491 -036409
0054040 -037075
0053581 -037736
0053114 -038390
0052639 -039039
0052155 -039682
0051665 -040319
0051166 -040950
0050660 -041575
0050146 -042194
0049624 -042806
0049095 -043412
0048558 -044011
0048015 -044603
0047464 -045189
0046906 -045768
0046340 -046340
0045768 -046906
0045189 -047464
0044603 -048015
0044011 -048558
0043412 -049095
0042806 -049624
0042194 -050146
0041575 -050660
0040950 -051166
0040319 -051665
0039682 -052155
0039039 -052639
0038390 -053114
0037736 -053581
0037075 -054040
0036409 -054491
0035738 -054933
0035061 -055368
0034379 -055794
0033692 -056212
0032999 -056621
0032302 -057022
0031600 -057414
0030893 -057797
0030181 -058172
0029465 -058538
0028745 -058895
0028020 -059243
0027291 -059583
0026557 -059913
0025820 -060235
0025079 -060547
0024334 -060850
0023586 -061144
0022833 -061429
0022078 -061705
0021319 -061971
0020557 -062228
0019792 -062475
0019024 -062714
0018253 -062942
0017479 -063162
0016702 -063371
0015923 -063571
0015142 -063762
0014359 -063943
0013573 -064115
0012785 -064276
0011995 -064428
0011204 -064571
0010410 -064703
0009616 -064826
0008819 -064939
0008022 -065043
0007223 -065136
0006423 -065220
0005622 -065294
0004821 -065358
0004018 -065412
0003215 -065457
0002412 -065491
0001608 -065516
0000804 -065531
0000000 -065536
-000804 -065531
-001608 -065516
-002412 -065491
-003215 -065457
-004018 -065412
-004821 -065358
-005622 -065294
-006423 -065220
-007223 -065136
-008022 -065043
-008819 -064939
-009616 -064826
-010410 -064703
-011204 -064571
-011995 -064428
-012785 -064276
-013573 -064115
-014359 -063943
-015142 -063762
-015923 -063571
-016702 -063371
-017479 -063162
-018253 -062942
-019024 -062714
-019792 -062475
-020557 -062228
-021319 -061971
-022078 -061705
-022833 -061429
-023586 -061144
-024334 -060850
-025079 -060547
-025820 -060235
-026557 -059913
-027291 -059583
-028020 -059243
-028745 -058895
-029465 -058538
-030181 -058172
-030893 -057797
-031600 -057414
-032302 -057022
-032999 -056621
-033692 -056212
-034379 -055794
-035061 -055368
-035738 -054933
-036409 -054491
-037075 -054040
-037736 -053581
-038390 -053114
-039039 -052639
-039682 -052155
-040319 -051665
-040950 -051166
-041575 -050660
-042194 -050146
-042806 -049624
-043412 -049095
-044011 -048558
-044603 -048015
-045189 -047464
-045768 -046906
-046340 -046340
-046906 -045768
-047464 -045189
-048015 -044603
-048558 -044011
-049095 -043412
-049624 -042806
-050146 -042194
-050660 -041575
-051166 -040950
-051665 -040319
-052155 -039682
-052639 -039039
-053114 -038390
-053581 -037736
-054040 -037075
-054491 -036409
-054933 -035738
-055368 -035061
-055794 -034379
-056212 -033692
-056621 -032999
-057022 -032302
-057414 -031600
-057797 -030893
-058172 -030181
-058538 -029465
-058895 -028745
-059243 -028020
-059583 -027291
-059913 -026557
-060235 -025820
-060547 -025079
-060850 -024334
-061144 -023586
-061429 -022833
-061705 -022078
-061971 -021319
-062228 -020557
-062475 -019792
-062714 -019024
-062942 -018253
-063162 -017479
-063371 -016702
-063571 -015923
-063762 -015142
-063943 -014359
-064115 -013573
-064276 -012785
-064428 -011995
-064571 -011204
-064703 -010410
-064826 -009616
-064939 -008819
-065043 -008022
-065136 -007223
-065220 -006423
-065294 -005622
-065358 -004821
-065412 -004018
-065457 -003215
-065491 -002412
-065516 -001608
-065531 -000804
