2.72937
2.73316
2.74283
2.73935
2.76595
2.77421
2.81773
2.83457
2.88671
2.90571
2.97171
3.00803
3.1004
3.14135
3.24395
3.31494
3.45552
3.55765
3.70796
3.83259
4.0528
4.21068
4.47528
4.73425
5.0953
5.46799
6.00898
6.60254
7.42036
8.44696
9.99385
12.0844
15.7305
22.4546
40.7887
239.754
59.5027
25.8436
16.4962
11.916
9.37305
7.61199
6.4217
5.50326
4.83507
4.26916
3.84803
3.44696
3.1651
2.88578
2.67032
2.46304
2.29566
2.12469
2.00532
1.87266
1.77056
1.66838
1.58437
1.49211
1.42917
1.34674
1.28896
1.22413
1.18121
1.11448
1.07857
1.02433
0.991325
0.947627
0.915587
0.87763
0.849622
0.810706
0.791968
0.7552
0.738436
0.706936
0.688705
0.661676
0.648801
0.621432
0.608806
0.585149
0.572526
0.550554
0.541399
0.523279
0.51154
0.492814
0.484689
0.469647
0.458557
0.446086
0.439148
0.422622
0.415237
0.403267
0.394658
0.38189
0.377353
0.365805
0.360682
0.349648
0.343514
0.334207
0.330907
0.32003
0.318033
0.306356
0.301636
0.294517
0.291472
0.282555
0.278562
0.270609
0.268545
0.259573
0.25728
0.250967
0.249026
0.241395
0.239263
0.232771
0.231801
0.225001
0.222507
0.217278
0.213982
0.210646
0.206012
0.20289
0.199161
0.196992
0.192575
0.190467
0.185488
0.183905
0.179575
0.177838
0.175131
0.173454
0.169707
0.167267
0.165199
0.161883
0.160396
0.156953
0.154259
0.153328
0.149774
0.147717
0.145444
0.142707
0.140773
0.140399
0.137142
0.136365
0.133125
0.131824
0.130186
0.128579
0.125681
0.124567
0.123564
0.121075
0.120712
0.11946
0.116728
0.116576
0.112926
0.113317
0.110816
0.110512
0.107808
0.106585
0.103071
0.104956
0.103589
0.102352
0.0991791
0.10025
0.0977445
0.0962132
0.0949595
0.0953275
0.0939099
0.0919788
0.0915699
0.0912736
0.0895279
0.0894204
0.0871385
0.0867754
0.086218
0.0857354
0.0832644
0.083838
0.0821193
0.0810791
0.0811144
0.0804953
0.0787292
0.0790202
0.0778899
0.0761362
0.0761393
0.0735764
0.0741391
0.0742095
0.0734205
0.0730609
0.0721266
0.0709666
0.0704117
0.0709951
0.0694308
0.0700487
0.0697824
0.0688232
0.066943
0.0679639
0.0659139
0.0665244
0.0655201
0.0652021
0.0653216
0.0644344
0.06492
0.0646418
0.0633932
0.0649132
0.0624012
0.0625142
0.0625378
0.0619242
0.061384
0.0615557
0.061373
0.0603944
0.0600002
0.0618149
0.0595632
0.0606089
0.0595169
0.0606542
0.0598777
0.0596774
0.0594658
0.0592405
0.0586248
0.0592668
0.0578487
0.0596196
0.0596619
0.0593576
