0.834106
0.836184
0.838557
0.829731
0.835225
0.837919
0.845212
0.836618
0.856503
0.846257
0.856147
0.856653
0.873858
0.857002
0.883829
0.883524
0.898922
0.900635
0.921816
0.90962
0.943614
0.939683
0.957522
0.956862
0.98291
0.974658
1.01154
1.02255
1.05691
1.01462
1.11549
1.0897
1.12842
1.0947
1.42845
0.796285
1.02384
1.26673
1.27109
1.39145
1.3141
1.41393
1.45619
1.49551
1.54041
1.62398
1.64757
1.73763
1.80543
1.88445
1.95855
2.07457
2.16921
2.27459
2.4174
2.58306
2.72974
2.94088
3.17214
3.43894
3.77847
4.18699
4.63673
5.2622
6.1234
7.18607
8.8361
11.4705
16.1763
27.6529
97.0711
64.5148
24.165
14.9239
10.7322
8.36659
6.9213
5.85558
5.08024
4.49861
4.03275
3.63852
3.33577
3.07475
2.84267
2.64879
2.4859
2.33237
2.19944
2.08926
1.97996
1.88003
1.80169
1.72159
1.64594
1.58646
1.52601
1.46248
1.41616
1.37008
1.32252
1.28091
1.24563
1.20508
1.17178
1.13997
1.10899
1.07763
1.05662
1.02723
1.00309
0.979905
0.959267
0.934311
0.917018
0.899213
0.880106
0.861654
0.846379
0.828323
0.813758
0.801445
0.788151
0.771799
0.759654
0.747499
0.734977
0.72479
0.713231
0.70294
0.692161
0.683016
0.672799
0.662193
0.653964
0.647586
0.638211
0.629709
0.622091
0.613297
0.607066
0.599867
0.594185
0.584535
0.580707
0.574476
0.567419
0.559819
0.557205
0.547768
0.545332
0.539512
0.533225
0.529089
0.524322
0.518756
0.514439
0.511325
0.506754
0.500903
0.498564
0.494408
0.489902
0.486702
0.483223
0.478321
0.476185
0.472088
0.468686
0.464677
0.462947
0.457414
0.455431
0.452862
0.449188
0.447807
0.445216
0.441408
0.439113
0.436833
0.433727
0.430471
0.429781
0.425968
0.42466
0.422925
0.418906
0.417594
0.416442
0.414297
0.412672
0.409523
0.408895
0.405233
0.404771
0.402022
0.400485
0.398476
0.398179
0.395554
0.394502
0.392564
0.391102
0.388672
0.389048
0.387382
0.386112
0.384233
0.38395
0.381107
0.381213
0.380647
0.378217
0.376221
0.377442
0.376055
0.374576
0.372513
0.372137
0.370717
0.370169
0.370348
0.368384
0.368435
0.367913
0.366332
0.364483
0.365676
0.363998
0.363823
0.363879
0.362714
0.361579
0.360527
0.360334
0.359235
0.361032
0.35953
0.359315
0.358628
0.35956
0.357201
0.358238
0.356643
0.357699
0.356532
0.357369
0.354895
0.356518
0.356701
0.355124
0.354033
0.356683
0.355306
0.355434
0.355825
