1.98199
1.98187
1.99243
1.97167
1.98337
1.99014
2.00286
1.98788
2.02393
2.00762
2.0269
2.02579
2.06135
2.03044
2.07492
2.08233
2.10823
2.11569
2.15744
2.13515
2.18266
2.19574
2.22411
2.21471
2.27334
2.26798
2.32407
2.35062
2.41126
2.37217
2.52851
2.52626
2.55888
2.51205
3.10357
2.17308
2.60911
2.80706
2.81347
3.06794
2.95385
3.09508
3.21899
3.30613
3.37671
3.53738
3.62214
3.74029
3.895
4.0776
4.20644
4.40421
4.64928
4.83192
5.10652
5.46481
5.77431
6.16477
6.64717
7.16535
7.80029
8.63431
9.60568
10.7903
12.5073
14.7007
17.8972
23.2107
32.7573
55.6301
193.958
128.844
47.9882
29.4643
21.2691
16.52
13.5322
11.4706
9.90287
8.69467
7.80754
7.03994
6.38473
5.87309
5.42525
5.01542
4.70575
4.40537
4.13597
3.90402
3.70691
3.50962
3.32822
3.18355
3.04169
2.90405
2.79509
2.68171
2.57233
2.48203
2.39344
2.30338
2.23364
2.16374
2.09107
2.02344
1.97011
1.90674
1.85347
1.80881
1.75985
1.71074
1.67171
1.62929
1.58831
1.55188
1.5185
1.47537
1.44927
1.42068
1.38721
1.35773
1.33525
1.30478
1.28347
1.25791
1.23441
1.21085
1.19034
1.17039
1.14803
1.12982
1.11192
1.09641
1.07543
1.06048
1.04436
1.02731
1.01167
1.0012
0.982056
0.97119
0.957424
0.945079
0.930879
0.920443
0.907731
0.896192
0.886909
0.878075
0.864107
0.856379
0.845187
0.834765
0.82511
0.819998
0.808435
0.799752
0.792719
0.783704
0.776174
0.768353
0.759632
0.753571
0.747844
0.739998
0.733323
0.728077
0.720222
0.715486
0.707173
0.704798
0.696213
0.691359
0.685737
0.67886
0.672574
0.671775
0.665638
0.659968
0.653202
0.653498
0.645347
0.641087
0.637895
0.63411
0.629887
0.625665
0.620279
0.61809
0.614121
0.611739
0.60523
0.605591
0.600824
0.597331
0.593801
0.591985
0.58697
0.584389
0.582653
0.579576
0.577742
0.57606
0.571245
0.569261
0.567199
0.562886
0.562013
0.561432
0.55768
0.556776
0.55318
0.551621
0.548914
0.548368
0.545435
0.54477
0.543419
0.541605
0.538277
0.537463
0.535915
0.535011
0.532368
0.532919
0.530561
0.529422
0.528859
0.527809
0.524872
0.526227
0.523138
0.52209
0.522101
0.521893
0.517998
0.519314
0.51901
0.516506
0.51508
0.518465
0.514772
0.514309
0.514346
0.515494
0.513557
0.514248
0.513696
0.512197
0.511969
0.513225
0.510773
0.511567
0.513279
0.511902
