27332
27355.4
27482.3
27627.9
27376.4
27606.7
27711.6
27992.4
28066.1
28176.8
28066.1
28436.8
28636.4
29188.1
28954.9
29218.7
29455.4
29696.8
30211.5
30693.7
30907.4
31039.9
31385
32081.2
32204.2
33332.7
33148.9
33807.9
34621
36399.4
36559.6
36596.4
36976
39401.1
46983.4
52685.9
33423
41047.7
41637.7
41386.6
43060.3
45816.3
47723.2
49051.6
50491.8
51795
53982.8
56272.2
59160.5
61284.2
64178.1
67004
71085.7
75173.9
79203.3
83726.3
89448
96360.3
103956
113013
123831
135613
151938
173160
200651
237061
289543
373096
530085
909140
3.18089e+06
2.11582e+06
791848
486138
351653
276770
226797
191907
166488
147081
132145
119778
109294
100443
93148.7
86876.9
81457.9
76501.1
72066.7
68172.7
64888.2
61924.5
59037.7
56366.4
53926
51824.1
50004.4
48264.4
46413.6
44761.1
43340.2
42031.2
40803.4
39532.7
38397
37320.9
36339.3
35488.9
34609.3
33653
32851.1
32104.1
31433.3
30798
30043.3
29379.8
28839.1
28281.2
27728.3
27258.4
26684
26220.1
25814.6
25367.9
24916.9
24503.9
24080.3
23721.3
23371.1
23038.3
22691
22350.3
22052.4
21784.5
21443
21138.2
20912.9
20634
20379.3
20178
19892.3
19654.2
19464
19259.8
19028.6
18764.2
18583.5
18400.2
18258.5
18101.7
17839.4
17678.7
17472.7
17348
17185.5
17067.3
16866.5
16701.9
16597.3
16493.8
16336.9
16169
16041.9
15907.9
15834.3
15685.6
15602.8
15442.1
15357.9
15233.6
15162.9
15075.9
14923.6
14833.2
14723.8
14645.5
14588.8
14447.1
14385.9
14273
14233.8
14159.7
14075.2
13989.1
13898.1
13827.1
13728.3
13663.7
13643.4
13521.5
13514.9
13423.7
13398.7
13319.5
13254.3
13172
13131.5
13086.5
13047.5
12961.5
12927
12882.6
12808.8
12820.6
12748.3
12693.7
12640.5
12597.2
12581.3
12549.5
12489.6
12463.1
12377.6
12370.6
12368
12281.4
12251.6
12247.1
12194.2
12202.3
12129.7
12084
12078.8
12044.5
12055.8
12012.1
11957.5
11943.3
11927.5
11936.2
11924.5
11885.4
11849.6
11884.1
11829.2
11858
11828.6
11781.1
11749.5
11746.5
11782.1
11766.2
11719.8
11686.5
11704.1
11706.1
11704.6
11729.9
11682.9
11659.8
11645.3
11678.4
11685.2
11659.9
11646.9
11659.6
