38766
38795.5
38826.5
38903.3
39306.8
39471.3
39961
40464.9
41050.1
41651.4
42661.4
43297.5
44441.3
45502.4
47120.9
48389.2
50134
52365.5
54408.8
56852.1
59571.8
63021
67411.3
71755.5
77615.3
83775.7
92150.3
102275
115558
132316
156771
191974
250220
361370
654608
3.92203e+06
970149
429183
273712
200313
157738
130106
110364
95452.8
84528.3
75354.8
68059
61988.2
56928.1
52589.2
49035.8
45628.9
42821.3
40188.3
38023
35969.3
34224
32659.8
31068.8
29753.8
28424.7
27263.5
26183.2
25218.4
24263.5
23514.7
22690.8
21956.9
21223.4
20629
20014.5
19479.2
18954.8
18395.3
17915.6
17383
17033.9
16631.2
16243.1
15846.2
15500.1
15119.4
14837
14506.8
14246.5
13972.9
13710.6
13441.7
13169.8
12935
12701.7
12493.3
12257.4
12078.5
11873
11703.5
11496.6
11301
11153.4
10993
10843.2
10670.6
10543.1
10375.1
10268.2
10081
10062.5
9874.21
9731.73
9640.22
9500.57
9425.72
9307.88
9180.02
9092.37
8984.77
8885.91
8765.59
8724.72
8591.36
8532.05
8443.47
8351.29
8277.37
8213.77
8105.64
8044.3
7986.01
7908.77
7836.92
7762.55
7670.34
7633.04
7565.97
7511.12
7433.69
7369.74
7329.85
7271.77
7191.48
7157.85
7093.93
7055.39
7011.2
6959.82
6918.05
6869.48
6804.48
6750.67
6725.04
6708.85
6645.93
6609.78
6554.96
6523.94
6488.31
6454.5
6410.19
6362.48
6337.87
6304.97
6272.02
6220.03
6184.97
6160.66
6156.1
6108.75
6077.73
6039.17
6026.53
5998.04
5934.4
5943.97
5914.12
5885.49
5855.64
5816.46
5804.91
5792.56
5768.34
5742.69
5711.81
5680.65
5657.7
5663.94
5655.42
5613.65
5594.16
5555.26
5542.05
5525.49
5514.7
5482.67
5476.87
5461.32
5435.82
5438.26
5425.05
5375.22
5391.58
5369.52
5351.81
5340.68
5305.43
5312.67
5282.28
5288.73
5279.1
5246.5
5228.2
5236.79
5226.79
5220.94
5210.53
5179.85
5167.77
5171.41
5157.38
5164.64
5135.73
5127.67
5130.06
5109.36
5117.94
5096.37
5091.5
5087.58
5117.62
5069.41
5069.77
5054.05
5035.75
5060.83
5024.33
5024.52
5021.95
5018.62
5010.16
5008.92
5003.35
5000.1
5001.96
5008.87
4997.19
4980.33
4977.31
4966.64
4986.35
4979.53
4988.49
4979.69
4968.79
4987.93
4972.52
4989.66
4967.32
