27332
27378
27481.9
27637.1
27387.2
27611.3
27685.6
27969.6
28065.1
28162.3
28055.5
28449.4
28633.6
29175.1
28960.3
29210.7
29455.9
29702.3
30200.4
30683.8
30922.6
31024.3
31385
32074.3
32208
33294.7
33146.2
33798.5
34648.2
36377.1
36538.5
36583.4
36976
39375.5
46626.9
52549
33676.1
41082.4
41668.1
41452.7
43060.3
45811.8
47728.8
49079.6
50460.7
51812.2
53983.2
56295.6
59160.5
61289.2
64177.9
67000.2
71080.7
75167.8
79213.5
83773.3
89448
96364.8
103946
113021
123790
135644
151936
173136
200651
237030
289522
373135
530055
909126
3.18077e+06
2.1158e+06
791839
486170
351704
276697
226797
191884
166476
147109
132145
119778
109307
100470
93148.7
86906.7
81473
76487.3
72071.2
68181.6
64897.1
61921.8
59037.7
56364.4
53948.4
51831.4
50004.4
48271
46404.8
44760.6
43336.2
42025.1
40829.7
39535.3
38397
37318.2
36339.3
35483.5
34609.4
33660.1
32859.5
32107.9
31433.3
30786
30057.9
29387.5
28839.3
28314.9
27751.4
27259.8
26661.6
26214.2
25827
25358.4
24877.5
24504.5
24087.8
23737.3
23371.1
23024.8
22683
22337.6
22046.8
21778.1
21425.4
21144.5
20912.9
20627.9
20380.6
20137.2
19892.3
19657.8
19457.7
19272.2
19028.6
18770.8
18596.8
18406.5
18258.5
18107.4
17887.1
17678.7
17472.7
17341
17179.7
17057.4
16860.5
16708.3
16605.1
16481.9
16336.9
16154.5
16071.3
15906.8
15834.3
15701
15603.6
15453.2
15357.9
15225.4
15193.2
15050.3
14923.6
14839.4
14704.8
14609.2
14588.8
14477.6
14379.1
14277.7
14198.6
14155.5
14092.6
13997.2
13897
13811.2
13731.9
13670
13640.4
13521.5
13518.1
13419.3
13398.7
13324.5
13250.3
13173.5
13135.9
13087.2
13047.5
12961.5
12927
12861.6
12815.6
12812.8
12748.3
12693.7
12646.3
12590.6
12581.3
12537
12468.9
12473
12405.2
12385.5
12368
12255.3
12265.8
12249.3
12194.2
12191.5
12129.7
12088.8
12073.7
12028.2
12055.8
12025.5
11949.2
11924.9
11927.5
11908.1
11923.6
11885.4
11848.2
11868.1
11799.9
11859
11830.3
11781.1
11772.1
11731.6
11782.1
11727.6
11727.6
11686.5
11702
11718.4
11706.3
11715.5
11675.5
11645.8
11630.8
11711.1
11687.9
11650.8
11646.9
11657.7
