1.02505
1.02435
1.02742
1.03984
1.0433
1.05915
1.06319
1.0851
1.09846
1.12962
1.14792
1.1832
1.20279
1.25195
1.28663
1.34097
1.3818
1.44852
1.5116
1.60237
1.68015
1.79913
1.91543
2.06788
2.22733
2.44365
2.68038
2.99472
3.39866
3.9266
4.64897
5.76644
7.53092
10.9108
19.9701
119.879
29.7728
13.3007
8.52555
6.26906
4.954
4.10252
3.50531
3.04683
2.7042
2.42961
2.20465
2.02428
1.86459
1.72614
1.6116
1.50885
1.42631
1.34678
1.27754
1.21123
1.15729
1.10306
1.0556
1.01504
0.971103
0.937474
0.905507
0.872729
0.843852
0.82095
0.791325
0.77137
0.749347
0.726868
0.708198
0.689297
0.670074
0.65647
0.638344
0.624878
0.609746
0.599251
0.585171
0.574579
0.560236
0.550452
0.539679
0.530953
0.520258
0.512715
0.501502
0.493887
0.485565
0.478381
0.469325
0.462223
0.456664
0.449541
0.441305
0.43635
0.429754
0.423026
0.418681
0.413065
0.407268
0.402107
0.396388
0.391983
0.386978
0.382386
0.3792
0.375257
0.369716
0.366587
0.362649
0.358072
0.352959
0.3512
0.347078
0.344276
0.340196
0.33727
0.33359
0.330344
0.327225
0.325052
0.322125
0.319223
0.31571
0.314038
0.310703
0.308428
0.305907
0.303436
0.301251
0.298014
0.297049
0.2942
0.291637
0.28917
0.288637
0.285613
0.283519
0.280196
0.280059
0.276488
0.276728
0.274032
0.272508
0.270833
0.269084
0.266411
0.266832
0.26424
0.26279
0.260882
0.25963
0.258021
0.25728
0.255597
0.254017
0.252338
0.251546
0.249795
0.249151
0.247064
0.247215
0.245581
0.244806
0.24305
0.242588
0.239944
0.240359
0.23853
0.238535
0.2354
0.235951
0.234107
0.233933
0.23219
0.232983
0.230572
0.229842
0.229439
0.228657
0.22721
0.227735
0.225226
0.225128
0.224936
0.223306
0.222443
0.222274
0.2214
0.221378
0.22002
0.21982
0.218626
0.218064
0.217578
0.216615
0.215954
0.216648
0.215026
0.214643
0.213753
0.21327
0.212223
0.212406
0.21141
0.211515
0.211015
0.210986
0.209077
0.209371
0.209067
0.208255
0.208385
0.20878
0.206857
0.206979
0.206255
0.2066
0.205476
0.205805
0.205572
0.205298
0.204976
0.20478
0.203431
0.204066
0.203093
0.203475
0.203021
0.202809
0.202312
0.202129
0.201972
0.202248
0.200794
0.201721
0.201768
0.201648
0.200858
0.20164
0.200346
0.200481
0.200629
0.200761
0.199652
0.199399
0.200511
0.201374
0.20041
0.200162
0.199569
0.200228
0.200974
0.199869
0.199621
