3.19125
2.68721
1.41506
1.04839
2.40498
3.24244
3.04277
1.89973
0.829997
2.18791
3.37216
3.54298
2.53528
0.952605
1.9705
3.65644
4.28405
3.47685
1.52008
1.74202
4.18507
5.56185
5.10971
2.78454
1.43695
5.34387
8.2624
8.7374
5.88979
0.938303
8.91324
17.6514
23.8577
23.4334
6.85914
197.335
92.4021
45.9623
22.1868
4.89682
7.11921
13.119
13.5676
9.70784
3.49151
3.12299
7.62569
9.16796
7.48091
3.43594
1.89218
5.98661
8.03279
7.2661
3.95293
1.20911
5.62458
8.48213
8.47445
5.38363
0.72996
6.24684
11.0054
12.5173
9.53549
1.94379
9.60363
22.7602
35.1789
44.4882
48.802
47.3867
40.6226
30.0302
17.7788
6.19661
2.91746
8.15955
9.50745
7.62199
3.83432
0.682381
3.72447
5.25084
4.8794
3.027
0.66447
1.97849
3.38122
3.55142
2.57598
0.95819
1.07072
2.30728
2.733
2.25156
1.13161
0.576132
1.59908
2.15305
1.98932
1.22243
0.418549
1.0988
1.70763
1.75751
1.25834
0.504922
0.73334
1.347
1.54411
1.25241
0.635913
0.482539
1.04219
1.34109
1.21583
0.741805
0.360224
0.788858
1.14848
1.15366
0.818044
0.374053
0.577394
0.96572
1.07622
0.860375
0.452411
0.417956
0.792097
0.982876
0.875215
0.539137
0.326671
0.633045
0.878602
0.866008
0.610118
0.315665
0.491953
0.768254
0.834721
0.66076
0.361663
0.376671
0.655387
0.786203
0.690537
0.427981
0.301379
0.541805
0.722589
0.700214
0.490475
0.282278
0.437084
0.649467
0.689619
0.540081
0.308359
0.347024
0.56989
0.66532
0.575914
0.359659
0.283255
0.484741
0.625987
0.596379
0.414211
0.260786
0.401863
0.573923
0.59915
0.46246
0.276545
0.330218
0.513121
0.587849
0.502687
0.317487
0.271717
0.445804
0.561043
0.526415
0.364354
0.245209
0.379092
0.524137
0.53717
0.411383
0.253635
0.316089
0.475723
0.534653
0.449976
0.285502
0.265593
0.420679
0.517879
0.478485
0.32838
0.237295
0.364913
0.490296
0.493619
0.372163
0.238008
0.309811
0.452923
0.498266
0.413123
0.263774
0.262125
0.407221
0.489798
0.445118
0.302866
0.232488
0.358241
0.469437
0.465803
0.347769
0.228803
0.307453
0.439724
0.474356
0.387223
0.249656
0.26243
0.401716
0.472328
0.42142
0.285479
0.231445
0.357394
0.458875
0.446108
0.327725
0.223644
0.310401
0.434403
0.460394
0.371368
0.239945
0.265572
0.401587
0.463496
0.407715
0.27401
0.23354
0.362067
0.455328
0.435432
0.316556
