2.05014
2.05147
2.05512
2.06047
2.08725
2.09772
2.12792
2.16115
2.19675
2.23457
2.29485
2.34191
2.4069
2.4799
2.57421
2.65708
2.76422
2.90148
3.02289
3.18549
3.36013
3.57334
3.83088
4.09321
4.4532
4.83727
5.35926
5.98363
6.7974
7.8515
9.29908
11.4971
15.0615
21.8991
39.939
239.313
59.5527
26.4722
17.0495
12.5566
9.90765
8.21396
7.01077
6.10792
5.40912
4.85434
4.40882
4.0247
3.73026
3.46005
3.2235
3.02947
2.85309
2.68485
2.55499
2.42467
2.31426
2.20812
2.11082
2.02555
1.94373
1.88006
1.81219
1.75057
1.68871
1.63135
1.58364
1.5367
1.4976
1.45505
1.41512
1.37786
1.34119
1.30874
1.27657
1.2501
1.21984
1.19336
1.17083
1.14492
1.12154
1.10199
1.07903
1.05934
1.03957
1.0207
1.00275
0.986378
0.971216
0.953931
0.939449
0.925992
0.912629
0.898785
0.883286
0.870695
0.859468
0.848459
0.836977
0.823119
0.813499
0.803488
0.793476
0.785586
0.774585
0.76626
0.756714
0.748163
0.739374
0.731676
0.724823
0.71586
0.70854
0.701073
0.693631
0.686985
0.680622
0.672663
0.667195
0.661326
0.654706
0.64836
0.64327
0.63738
0.630626
0.627437
0.622212
0.61631
0.611704
0.607352
0.602894
0.598452
0.593319
0.589804
0.585084
0.580967
0.577831
0.572519
0.56841
0.564933
0.560559
0.558347
0.553133
0.550462
0.545581
0.542387
0.539432
0.536142
0.53303
0.529556
0.52614
0.522892
0.52005
0.517526
0.514654
0.512658
0.508685
0.507439
0.503365
0.500986
0.498205
0.495795
0.494851
0.490503
0.488792
0.486193
0.48358
0.483146
0.480302
0.478721
0.475149
0.474473
0.471439
0.470138
0.467776
0.465519
0.465366
0.463647
0.460127
0.459715
0.457835
0.456649
0.453566
0.451481
0.450564
0.449077
0.447286
0.445411
0.444269
0.44345
0.441525
0.440526
0.439572
0.437689
0.435928
0.435867
0.434498
0.432858
0.431645
0.429071
0.429057
0.429312
0.426245
0.426194
0.424532
0.423428
0.422486
0.420814
0.421259
0.420806
0.419252
0.418996
0.417199
0.416592
0.416467
0.414787
0.414805
0.41418
0.412141
0.412691
0.412287
0.411439
0.410914
0.41006
0.409387
0.408366
0.408002
0.407358
0.406093
0.406955
0.406271
0.406863
0.405295
0.404563
0.403741
0.403888
0.403646
0.403258
0.402393
0.401898
0.402678
0.40295
0.402319
0.401773
0.401413
0.401781
0.400147
0.401321
0.40025
0.400296
0.400546
0.400135
0.401004
0.400268
0.399758
0.400182
