1.09909
1.10345
1.1165
1.11708
1.15345
1.16222
1.21975
1.24082
1.3146
1.34048
1.42484
1.46595
1.57919
1.62939
1.75672
1.83788
1.99984
2.11311
2.27866
2.421
2.67013
2.82805
3.12406
3.40262
3.77123
4.16815
4.72214
5.31261
6.17239
7.16881
8.73513
10.8508
14.5415
21.1828
39.6772
238.701
60.4872
27.036
17.6602
12.9999
10.4713
8.69599
7.5223
6.55818
5.89881
5.31754
4.89151
4.48743
4.19557
3.88782
3.66867
3.44415
3.28669
3.10095
2.9768
2.82483
2.72255
2.60565
2.51088
2.41717
2.33512
2.24883
2.19085
2.11124
2.06189
1.99837
1.94381
1.89138
1.84971
1.79556
1.75771
1.71465
1.67584
1.63882
1.60538
1.56864
1.53989
1.51115
1.48335
1.45488
1.42954
1.40105
1.38004
1.35579
1.33487
1.31282
1.29195
1.27333
1.25568
1.2356
1.21837
1.19952
1.18672
1.16814
1.15388
1.13867
1.12408
1.10868
1.09717
1.08334
1.06927
1.05801
1.04618
1.03257
1.02275
1.01084
1.00014
0.989385
0.981077
0.970116
0.961955
0.951049
0.942912
0.93281
0.924278
0.915816
0.9086
0.899735
0.892085
0.883866
0.876902
0.870384
0.862617
0.855221
0.847858
0.841135
0.835798
0.829563
0.822845
0.816491
0.8115
0.803262
0.800167
0.791989
0.789131
0.782004
0.779302
0.77122
0.767398
0.761003
0.758829
0.750914
0.749024
0.742022
0.739657
0.734509
0.731616
0.725568
0.723688
0.717515
0.715137
0.709809
0.707066
0.70167
0.699823
0.694792
0.692582
0.687545
0.686173
0.68157
0.679708
0.675088
0.674518
0.669215
0.667295
0.663378
0.661899
0.656661
0.655991
0.65148
0.650445
0.645905
0.644991
0.641032
0.640574
0.636673
0.636049
0.630967
0.630176
0.626633
0.626418
0.621729
0.621921
0.618676
0.617486
0.614408
0.613453
0.610771
0.609477
0.606247
0.606086
0.603103
0.603123
0.599615
0.599194
0.595516
0.596657
0.593379
0.593042
0.591735
0.589422
0.586579
0.587573
0.584456
0.584306
0.582492
0.581599
0.579891
0.579542
0.577052
0.576797
0.57482
0.574432
0.572569
0.572419
0.571497
0.571243
0.568735
0.568997
0.566975
0.567771
0.565082
0.565959
0.564012
0.564056
0.562172
0.562274
0.560803
0.560184
0.559806
0.559756
0.55778
0.558312
0.556904
0.55696
0.555781
0.556479
0.555042
0.555264
0.554011
0.555165
0.553159
0.553971
0.55268
0.553653
0.55158
0.553264
0.55143
0.552202
0.552134
0.552192
0.551088
0.551852
0.550544
0.550682
0.550915
