0.443176
0.440979
0.437841
0.436347
0.462211
0.463197
0.47772
0.472714
0.488116
0.506625
0.540729
0.55325
0.579052
0.570081
0.625844
0.639449
0.677501
0.707131
0.736278
0.739961
0.768853
0.828032
0.869269
0.911376
0.944023
0.94808
1.02104
1.07119
1.09808
1.07234
1.17152
1.20945
1.32191
1.31234
1.16356
1.0178
2.04391
1.68137
1.71577
1.88178
1.95624
2.01115
2.07217
2.15908
2.28916
2.4322
2.57365
2.70571
2.80829
2.98174
3.16982
3.40944
3.60016
3.83171
4.09376
4.41985
4.79614
5.17728
5.64958
6.18599
6.80899
7.6791
8.6691
9.88103
11.477
13.7122
16.9901
22.2526
31.7749
54.7002
192.706
129.635
48.9678
30.4718
22.1477
17.3465
14.3681
12.287
10.7685
9.59323
8.63267
7.84245
7.22628
6.71049
6.2552
5.86304
5.51307
5.21018
4.95221
4.71943
4.50165
4.29564
4.11935
3.96743
3.8278
3.69202
3.56084
3.43812
3.34002
3.24369
3.15014
3.06231
2.97678
2.89914
2.83097
2.76578
2.70185
2.63533
2.57469
2.52628
2.47764
2.42822
2.37808
2.33046
2.29309
2.25394
2.21436
2.17799
2.14014
2.10381
2.07389
2.04508
2.01223
1.98163
1.9549
1.92742
1.90169
1.87752
1.85237
1.82848
1.80609
1.78436
1.76247
1.73871
1.72146
1.70346
1.68496
1.66677
1.64815
1.62964
1.6142
1.60053
1.58405
1.5677
1.55256
1.54036
1.52572
1.51375
1.49905
1.48488
1.4746
1.46218
1.45115
1.43958
1.42725
1.41542
1.4072
1.39747
1.38847
1.37617
1.36656
1.35851
1.34784
1.34023
1.3315
1.32183
1.31431
1.30572
1.29859
1.28961
1.28271
1.27302
1.26836
1.26157
1.25452
1.24827
1.23941
1.23269
1.22885
1.22228
1.21404
1.20733
1.20468
1.20066
1.19449
1.18794
1.1827
1.17803
1.17201
1.16839
1.1634
1.15812
1.15202
1.14851
1.14636
1.14167
1.1364
1.13287
1.128
1.12699
1.12225
1.11802
1.1151
1.10914
1.10717
1.10448
1.10148
1.09913
1.09465
1.09023
1.08893
1.08534
1.08422
1.08061
1.07756
1.07539
1.07319
1.07043
1.06935
1.06527
1.06378
1.06209
1.06024
1.05768
1.05553
1.05343
1.05257
1.05093
1.05009
1.04669
1.04519
1.04349
1.04289
1.04227
1.04116
1.03817
1.03632
1.03686
1.03654
1.03626
1.03228
1.03118
1.03163
1.03251
1.03057
1.02908
1.0296
1.02844
1.02957
1.02885
1.02738
1.02674
1.02587
1.02786
1.02846
1.02694
