1.12799
1.12646
1.12557
1.13631
1.13414
1.13574
1.13397
1.14658
1.13524
1.15192
1.15207
1.16121
1.15445
1.18216
1.1701
1.18255
1.18428
1.19864
1.19504
1.22698
1.21666
1.23804
1.24496
1.27305
1.27153
1.30493
1.30347
1.3226
1.32389
1.39389
1.34041
1.39651
1.41202
1.48991
1.21851
1.86615
1.68427
1.54904
1.61177
1.55247
1.70132
1.69318
1.72673
1.77992
1.84251
1.86814
1.95623
2.0108
2.08099
2.15062
2.25598
2.33841
2.44075
2.5826
2.7081
2.83547
3.03189
3.22577
3.44956
3.73236
4.05419
4.42283
4.93834
5.57297
6.33774
7.50585
9.14116
11.6623
16.4049
28.0209
97.0787
64.2692
23.9556
14.5799
10.4518
8.15813
6.61254
5.5689
4.81137
4.22152
3.73594
3.37082
3.05875
2.79087
2.5686
2.38241
2.20124
2.05778
1.93035
1.80806
1.70105
1.61404
1.52682
1.44589
1.37757
1.30947
1.24603
1.19704
1.14446
1.09316
1.05133
1.01223
0.967196
0.933614
0.900101
0.86939
0.83708
0.811817
0.780588
0.755104
0.731147
0.709226
0.685229
0.66895
0.647358
0.627138
0.609049
0.595801
0.575281
0.560902
0.546717
0.531018
0.515187
0.505817
0.491372
0.477746
0.46825
0.454739
0.444414
0.433329
0.424622
0.412963
0.404093
0.396216
0.385713
0.375702
0.368944
0.361883
0.353442
0.344903
0.338357
0.330702
0.32452
0.31943
0.310726
0.304421
0.299087
0.293133
0.285554
0.282898
0.276127
0.27048
0.265459
0.260651
0.255442
0.250834
0.24541
0.240569
0.2364
0.234154
0.22676
0.222599
0.220175
0.215833
0.210374
0.208474
0.20421
0.199992
0.197012
0.193687
0.189725
0.188601
0.184597
0.181007
0.17802
0.174025
0.171289
0.167805
0.165374
0.162174
0.160345
0.15785
0.155155
0.152172
0.150012
0.147683
0.143094
0.143989
0.138865
0.137926
0.134043
0.133353
0.129788
0.129221
0.126849
0.125093
0.123202
0.12131
0.119574
0.116955
0.114573
0.113797
0.111753
0.110859
0.107463
0.106079
0.104533
0.102936
0.100213
0.100523
0.0992116
0.0991942
0.0943404
0.0948778
0.090347
0.0899618
0.0900413
0.0907226
0.0870275
0.0864481
0.0852966
0.0824592
0.0819162
0.081486
0.0791438
0.0786744
0.0790841
0.0766405
0.0763245
0.0744323
0.0736382
0.0725917
0.0726775
0.0722046
0.071456
0.0713867
0.0679171
0.0683268
0.0671415
0.0670934
0.0652676
0.0659729
0.0646398
0.0642833
0.0638344
0.0645891
0.0627481
0.0643177
0.0625907
0.0621873
0.0614645
0.0634045
0.0606295
0.0617497
0.0616037
0.0609222
