0.54953
0.553571
0.557757
0.559631
0.576862
0.58155
0.610591
0.620253
0.657341
0.670845
0.712038
0.733426
0.789071
0.815126
0.878788
0.919804
0.999488
1.05627
1.13931
1.21155
1.33384
1.41427
1.56192
1.70201
1.88467
2.0839
2.36111
2.65639
3.08644
3.58556
4.36743
5.42704
7.27114
10.5909
19.8324
119.351
30.2422
13.5178
8.82865
6.50128
5.23642
4.34816
3.76134
3.27975
2.94897
2.65953
2.44596
2.24388
2.09753
1.94388
1.83499
1.72235
1.64277
1.55065
1.48821
1.41184
1.36144
1.30261
1.25565
1.20735
1.1675
1.12445
1.09519
1.05637
1.03024
0.998856
0.972156
0.944904
0.924283
0.898388
0.879641
0.856999
0.837295
0.818884
0.802454
0.784415
0.770104
0.755383
0.74162
0.72725
0.714457
0.701141
0.690606
0.677768
0.667632
0.657771
0.645522
0.636421
0.628168
0.61731
0.609648
0.599023
0.593557
0.584427
0.576394
0.569391
0.562465
0.553219
0.54907
0.541483
0.535361
0.528728
0.522752
0.516899
0.511259
0.506159
0.499725
0.49495
0.490658
0.485323
0.481048
0.475344
0.470274
0.466554
0.462214
0.458218
0.454127
0.449543
0.444939
0.44174
0.438636
0.434861
0.432515
0.427816
0.42346
0.420697
0.417324
0.414189
0.411428
0.408557
0.405925
0.402071
0.399689
0.397331
0.393512
0.391383
0.389741
0.385818
0.38357
0.380349
0.379424
0.374745
0.375311
0.371263
0.369738
0.367841
0.365534
0.362036
0.362338
0.358421
0.356477
0.355514
0.35288
0.351271
0.349468
0.346832
0.346091
0.344137
0.343574
0.340604
0.339739
0.337972
0.336943
0.334729
0.33467
0.331917
0.331025
0.328306
0.328345
0.326341
0.325439
0.322366
0.322389
0.320793
0.320067
0.31778
0.318409
0.316518
0.315282
0.313927
0.313443
0.31191
0.311926
0.308681
0.308522
0.308054
0.306698
0.305781
0.305481
0.3035
0.303686
0.301856
0.301708
0.299894
0.299355
0.298007
0.297712
0.296856
0.297043
0.295604
0.294926
0.292775
0.293383
0.291647
0.292326
0.291289
0.290534
0.290211
0.290124
0.288082
0.288384
0.28812
0.2869
0.286548
0.286427
0.285805
0.285103
0.283915
0.283927
0.28256
0.282912
0.283318
0.283032
0.282606
0.282105
0.281086
0.280435
0.280954
0.279987
0.279607
0.279875
0.27933
0.278338
0.277764
0.279267
0.277849
0.278112
0.277606
0.277577
0.277141
0.277886
0.276593
0.276654
0.276591
0.27667
0.276431
0.277558
0.274614
0.276398
0.275731
0.275798
0.275151
0.276608
0.274771
0.275749
0.274998
