0.443176
0.445006
0.438217
0.468551
0.462038
0.476136
0.477303
0.51485
0.488029
0.544071
0.540284
0.574045
0.579339
0.644595
0.625782
0.67536
0.67758
0.718499
0.735968
0.805562
0.769854
0.851706
0.8695
0.913921
0.943846
1.03265
1.02132
1.08035
1.09861
1.26487
1.17161
1.3328
1.32213
1.45798
1.17219
2.20039
2.03703
1.61117
1.7151
1.72878
1.9548
1.94053
2.07232
2.19057
2.28922
2.3787
2.57329
2.63823
2.80903
2.99311
3.16981
3.32371
3.59991
3.83244
4.09383
4.41265
4.79604
5.16803
5.64951
6.20006
6.80998
7.60967
8.66863
9.87277
11.4785
13.8127
16.9911
22.1712
31.7747
54.8276
192.711
129.784
48.9687
30.2766
22.1464
17.482
14.3684
12.3219
10.7682
9.5496
8.63279
7.8934
7.22632
6.69572
6.2555
5.85332
5.51347
5.22004
4.95245
4.70146
4.50185
4.31007
4.1196
3.96648
3.82744
3.67894
3.56087
3.45465
3.33929
3.23667
3.15019
3.05891
2.97678
2.90731
2.83094
2.76194
2.70179
2.64259
2.57536
2.53031
2.47765
2.42586
2.37855
2.34082
2.29323
2.25167
2.21395
2.17535
2.1404
2.10915
2.07368
2.03964
2.01187
1.98411
1.95534
1.92756
1.90233
1.87534
1.85237
1.82858
1.80481
1.78428
1.76281
1.74729
1.72173
1.70277
1.68476
1.66788
1.64841
1.63574
1.61452
1.59989
1.58435
1.57164
1.5524
1.54166
1.52594
1.51371
1.49924
1.48981
1.47412
1.46418
1.45146
1.43979
1.42729
1.41987
1.4067
1.39629
1.388
1.3779
1.36656
1.35686
1.3474
1.33986
1.33076
1.32355
1.31428
1.30674
1.29829
1.29185
1.28286
1.27816
1.26853
1.26208
1.25443
1.24753
1.23955
1.23675
1.22897
1.22248
1.21417
1.21419
1.20436
1.19813
1.19413
1.18941
1.18313
1.17852
1.1723
1.16853
1.16335
1.16021
1.152
1.15179
1.14667
1.14167
1.13588
1.13409
1.12776
1.12471
1.12225
1.11894
1.1151
1.113
1.10696
1.10472
1.10197
1.09713
1.09457
1.09332
1.08877
1.08531
1.08371
1.08152
1.07743
1.07614
1.07306
1.07191
1.06973
1.06767
1.0634
1.06211
1.05977
1.05838
1.05553
1.05579
1.05229
1.05069
1.0502
1.04937
1.04511
1.0463
1.04291
1.04194
1.04141
1.0406
1.03605
1.03669
1.03642
1.0336
1.03243
1.03574
1.03187
1.03141
1.03104
1.03227
1.02973
1.03046
1.02926
1.02814
1.0269
1.02889
1.02637
1.0273
1.02869
1.02721
