1.18304
1.18209
1.18533
1.19748
1.19908
1.21759
1.21969
1.24374
1.25245
1.28604
1.30168
1.34075
1.35623
1.40979
1.43814
1.49636
1.52997
1.60039
1.6608
1.75523
1.81878
1.95361
2.05654
2.21161
2.36936
2.58829
2.8126
3.14497
3.52659
4.08987
4.78445
5.92551
7.63612
11.0986
19.9796
120.099
29.6086
13.1809
8.35361
6.18154
4.81389
3.99069
3.3676
2.94568
2.57952
2.31816
2.07774
1.91126
1.7372
1.62168
1.49615
1.40559
1.30693
1.24185
1.16035
1.10909
1.04415
0.997755
0.948315
0.910757
0.867453
0.839539
0.79915
0.776118
0.740464
0.72039
0.692893
0.673959
0.647902
0.632289
0.610438
0.595904
0.578455
0.565034
0.546741
0.536619
0.519833
0.508926
0.495541
0.485717
0.473024
0.465341
0.452712
0.445552
0.434918
0.426476
0.41845
0.410193
0.401358
0.396627
0.387324
0.383301
0.374152
0.368612
0.362758
0.357365
0.350848
0.348384
0.340326
0.337212
0.330721
0.327304
0.321751
0.318328
0.313361
0.30929
0.30688
0.301873
0.296522
0.294475
0.290067
0.287222
0.284407
0.281086
0.2774
0.274897
0.27137
0.269326
0.266257
0.263745
0.260135
0.257785
0.254627
0.25306
0.250815
0.247571
0.245705
0.243534
0.241357
0.239289
0.23715
0.235607
0.23312
0.231725
0.22972
0.228135
0.225102
0.224643
0.222081
0.221659
0.218462
0.218758
0.214784
0.214931
0.212693
0.21116
0.209624
0.209567
0.206014
0.206306
0.205499
0.203425
0.202534
0.201206
0.199594
0.198754
0.197418
0.196375
0.194917
0.194156
0.192517
0.191679
0.18982
0.189469
0.187835
0.187869
0.185971
0.186803
0.184301
0.184168
0.183001
0.183664
0.181014
0.180806
0.179611
0.17998
0.177504
0.177788
0.176984
0.176036
0.17477
0.175031
0.172937
0.173794
0.17285
0.171804
0.171265
0.170934
0.169923
0.169619
0.168174
0.168486
0.167318
0.167647
0.167137
0.165696
0.166009
0.165559
0.164104
0.164613
0.163794
0.164254
0.162985
0.163426
0.162006
0.161955
0.161306
0.160963
0.16011
0.161035
0.160265
0.160007
0.159477
0.159013
0.157739
0.158481
0.158083
0.158447
0.157612
0.157735
0.156992
0.156647
0.155925
0.155474
0.155529
0.156402
0.155487
0.156161
0.154706
0.155095
0.154586
0.154541
0.154638
0.154583
0.152851
0.154357
0.153336
0.152898
0.153285
0.153408
0.152297
0.153367
0.152949
0.152666
0.151884
0.152837
0.151706
0.153483
0.151664
0.151933
0.152468
0.152654
0.152082
0.151145
0.152215
0.151499
