62725
12039.3
62919
12090.2
63658.4
12469.9
64828.1
13100.7
66598.1
13835
69075.6
14887.4
72159.3
16225.7
76324.7
17886.8
81465.8
20084
88297.4
22729.4
97000.8
26239.5
109133
30821.9
125614
37409.6
149454
47432.2
187211
63742.7
254298
95300
406058
185049
1.06445e+06
2.05871e+06
1.57533e+06
231784
444395
111795
256093
74150.9
178893
55939.9
136912
45003
110463
37777.5
92423.1
32817.4
79419.1
29017.7
69457.7
25977.9
61681.3
23658.4
55488.1
21689
50378.5
20050.8
46117
18738
42507.6
17568
39412.6
16478.8
36785.1
15602.4
34456.1
14846.7
32433.9
14126.5
30651.6
13492.5
29042.7
12951.6
27594.7
12399.6
26301.1
11944.2
25108.2
11539.6
24037.8
11122.8
23069.1
10750.9
22174.7
10421.9
21349.5
10112.5
20593.6
9841.69
19888.2
9571.41
19237.6
9299.74
18641.6
9078.7
18078.9
8847.36
17554.2
8638.51
17082
8453.57
16629
8266.27
16171.5
8079.17
15767.6
7914.41
15392
7761.03
15042
7604.15
14709.5
7464.62
14374.9
7338
14086.4
7197.45
13812.7
7076.63
13526.3
6953.89
13280.6
6866.68
13025
6747.3
12793.9
6646.11
12568
6563.2
12353.4
6467.4
12156.5
6380.09
11950.1
6289.61
11787.5
6226.53
11603.7
6141.91
11438.7
6066.21
11272.6
5973.45
11121.5
5918.44
10966.8
5850.13
10841.8
5778.62
10700.4
5717.94
10567.1
5664.66
10453.5
5603.89
10323.8
5540.12
10207
5497
10093.8
5444.35
9994.31
5393.57
9901.1
5355.41
9795.18
5302.24
9703.84
5274.6
9623.42
5212.07
9533.9
5166
9447.2
5148.82
9371.47
5111.38
9301.84
5064.48
9220.69
5040.21
9162.43
4994.69
9095.19
4967.12
9027.44
4940.38
8957.29
4913.14
8892.32
4874.84
8844.81
4853.84
8795.35
4818.51
8734.42
4799.3
8700.43
4776.13
8652.83
4763.57
8599.26
4735.43
8564.98
4702.41
8510.67
4701.15
8476.69
4672.28
8441.8
4654.74
8403.27
4629.4
8363.94
4621.24
8340.82
4607.16
8317.6
4587.38
8287.51
4574.92
8261.26
4569.51
8241.92
4555.94
8199.18
4533.01
8189.45
4540.03
8176.17
4534.83
8158.71
4515.44
8134.15
4513
8129.89
4494.65
8106.66
4499.83
8105.17
4487.71
8089.77
4482.51
8091.9
4495.81
8068.02
4486.34
8067.22
4486.85
8074.35
4485.44
8057.1
4479.12
