15582
15549.3
15511.7
15861.4
15843
15877.7
15861.3
16276.3
16025.8
16482.2
16616.9
16919.3
16730.2
17583.2
17421.6
17700.6
17982.3
18437.5
18393.9
19281.4
19648.1
19947.9
20410
21434.6
21428.3
22193.6
22739
23246.9
23690.6
24796.5
24652.1
25262.6
26731.1
28434.8
25594.8
35571.5
30344
32038.9
33802
33003.9
35740.8
37134.9
37807.7
39413.1
41679.6
43171.5
45023.8
48023.7
50159.3
52250.6
55734.3
59269.5
61893.4
66661.9
71102.3
75404.1
81194
88178.1
95466.8
104758
116102
128405
143921
165363
191659
228023
282925
366545
520161
899939
3.17252e+06
2.12125e+06
801234
496064
358169
282165
233706
198519
173583
154714
138599
126006
116286
107396
99907.2
93824.6
87981.8
83019.1
78753.5
74960.3
71212.7
68111
65541.7
62748.5
60285.3
58267.8
56118.9
54132.5
52616.6
50979.2
49421
48110
46764
45440.8
44349.7
43330.3
42191.7
41213
40405.6
39400.6
38566.1
37818.2
37063.6
36298.5
35694.3
35051.9
34363
33819.6
33236.8
32596.9
32114.6
31650.4
31228.5
30701.2
30220.1
29781.9
29411.1
28971.8
28607.9
28221.1
27887.8
27530.8
27181.3
26852.6
26515
26245.6
25961.4
25671.8
25387.9
25072
24848.3
24574.9
24380.6
24080.3
23910.9
23678.4
23456.4
23220.4
23031.9
22735.1
22646
22424
22196.7
22066.6
21871.7
21671.4
21520.4
21393.4
21237.8
21070
20921.7
20771.4
20644.7
20489.9
20357.2
20199.5
20119.9
19939.4
19837.5
19710.2
19650.1
19462.9
19356.9
19276.4
19115.3
19055.1
18969.6
18800.5
18723.5
18643.4
18522
18426
18406.8
18256.8
18174.2
18120.4
18019.4
17975.4
17884.6
17826.6
17743.5
17644.6
17603.8
17469.9
17443.3
17385
17312
17231.7
17210.4
17109.8
17069.6
17019.1
16946
16856.4
16860
16776.7
16745
16695.5
16657.3
16577.4
16534.3
16504.9
16481.2
16413.7
16414.5
16378.4
16316.1
16272
16233
16176.1
16153.8
16151.3
16081.9
16106.5
16056.8
15979.8
15949.5
15998.2
15912.9
15913.2
15900.8
15855.3
15825.2
15791.5
15766.3
15724.3
15795.4
15739.1
15726.9
15733.8
15738.2
15687.2
15669.2
15664.4
15640.5
15611.3
15643.9
15582.5
15620.7
15635
15589.5
15543.1
15626.3
15581.1
15582.7
15566.1
