1.12799
1.12771
1.1256
1.12299
1.13424
1.13117
1.13345
1.13007
1.13507
1.13983
1.15173
1.14998
1.15404
1.15121
1.17029
1.17781
1.18428
1.19385
1.1947
1.20381
1.21735
1.23298
1.245
1.2458
1.27157
1.2683
1.30311
1.31309
1.32441
1.31324
1.34003
1.38999
1.41202
1.38652
1.21418
1.13181
1.68749
1.54856
1.61234
1.68025
1.70132
1.69363
1.72684
1.78767
1.84235
1.91058
1.95581
2.0169
2.08099
2.17548
2.25574
2.35005
2.44075
2.55492
2.7081
2.87176
3.03189
3.22255
3.44985
3.72122
4.05367
4.46686
4.93834
5.53562
6.33774
7.47562
9.14113
11.7565
16.4036
27.9363
97.0778
64.2563
23.9554
14.6234
10.4524
8.0969
6.61254
5.58795
4.81113
4.2123
3.73594
3.36974
3.059
2.79789
2.5686
2.36764
2.20093
2.05904
1.93038
1.81221
1.70095
1.60779
1.52682
1.44866
1.37742
1.31132
1.24603
1.19266
1.14448
1.09825
1.05133
1.007
0.96744
0.934954
0.900101
0.866557
0.83708
0.806121
0.780614
0.757774
0.731377
0.709475
0.685229
0.664176
0.647704
0.628327
0.609012
0.589902
0.575407
0.560177
0.546574
0.531574
0.515812
0.501096
0.490321
0.479148
0.468014
0.45546
0.444414
0.433196
0.424572
0.414385
0.403986
0.393252
0.385575
0.38006
0.368944
0.360899
0.353325
0.346305
0.338357
0.331975
0.323904
0.315819
0.310726
0.30538
0.299344
0.290563
0.285554
0.280296
0.276877
0.27048
0.265459
0.259594
0.255562
0.249788
0.245526
0.241953
0.236118
0.230669
0.22676
0.225158
0.220681
0.216001
0.210374
0.207853
0.20421
0.201896
0.197012
0.193513
0.189844
0.186058
0.184597
0.181649
0.177276
0.174158
0.171289
0.169624
0.165779
0.163577
0.159976
0.157
0.155222
0.152888
0.150104
0.147462
0.143234
0.141319
0.139199
0.13775
0.134425
0.133353
0.129788
0.12892
0.127053
0.125093
0.123013
0.120667
0.119574
0.116955
0.114573
0.112836
0.111753
0.108424
0.107463
0.106079
0.104319
0.102936
0.100213
0.0998523
0.09864
0.0991942
0.0946854
0.0929437
0.090347
0.0920135
0.0900165
0.0863676
0.0870275
0.085691
0.0852966
0.0843869
0.0817658
0.0807057
0.0791438
0.0796754
0.0788624
0.0771299
0.0763245
0.0747358
0.0736382
0.0725917
0.0726775
0.0701276
0.0710313
0.0682118
0.0679171
0.0683268
0.0674428
0.0665795
0.0652676
0.0648578
0.0650332
0.0642833
0.0639712
0.0631669
0.0629541
0.0615531
0.0629072
0.0629022
0.0618052
0.060604
0.0606067
0.0612973
0.0616037
0.0610828
