2.05014
2.05125
2.05514
2.06048
2.08727
2.09737
2.12728
2.16116
2.19725
2.23556
2.29484
2.34167
2.40611
2.48114
2.57397
2.65784
2.76417
2.90027
3.02317
3.18575
3.36004
3.57352
3.8311
4.09191
4.45324
4.8369
5.35909
5.9843
6.79688
7.85407
9.2978
11.4978
15.0624
21.9015
39.9435
239.311
59.543
26.4709
17.0517
12.5585
9.90732
8.21413
7.01184
6.10912
5.40908
4.85493
4.41005
4.02436
3.73004
3.46009
3.22308
3.02999
2.85308
2.68433
2.555
2.42524
2.31446
2.20826
2.11154
2.02496
1.94337
1.8799
1.81205
1.75114
1.68858
1.632
1.58333
1.53615
1.49792
1.4553
1.41493
1.37801
1.34147
1.30865
1.27626
1.24993
1.219
1.19289
1.17045
1.14412
1.12127
1.102
1.0788
1.05919
1.04047
1.02012
1.00248
0.986646
0.971369
0.953157
0.938598
0.926046
0.912016
0.898447
0.883623
0.87056
0.859188
0.847608
0.837135
0.823687
0.813833
0.803431
0.793657
0.785359
0.774595
0.76646
0.757446
0.748009
0.739181
0.731264
0.724701
0.715931
0.70875
0.700956
0.694079
0.686427
0.680944
0.673619
0.667197
0.661251
0.654758
0.648058
0.643711
0.637443
0.631457
0.627347
0.621918
0.616341
0.611704
0.606819
0.602656
0.598185
0.593991
0.589896
0.584327
0.581038
0.577014
0.572609
0.56856
0.565328
0.560853
0.558164
0.552945
0.550512
0.545735
0.542483
0.53889
0.536394
0.533478
0.53016
0.525853
0.523191
0.519982
0.517424
0.514702
0.511849
0.508954
0.50768
0.503484
0.501565
0.498635
0.496427
0.494746
0.491172
0.488912
0.486285
0.484756
0.482933
0.480483
0.478134
0.475366
0.473895
0.471495
0.469993
0.467953
0.465697
0.465394
0.46302
0.460047
0.459262
0.457458
0.456257
0.454084
0.452458
0.450699
0.449
0.447352
0.445745
0.444161
0.443783
0.441603
0.440457
0.439657
0.438007
0.436307
0.435664
0.434357
0.433046
0.43157
0.429905
0.429012
0.429047
0.426349
0.42654
0.424755
0.423765
0.422852
0.422273
0.421435
0.420724
0.419201
0.418784
0.417542
0.416927
0.416593
0.414694
0.414576
0.413536
0.413324
0.412202
0.412267
0.411493
0.411014
0.409631
0.409455
0.40862
0.408026
0.407583
0.40693
0.406531
0.405795
0.40613
0.405016
0.4047
0.403895
0.403937
0.403821
0.403518
0.403022
0.402433
0.40263
0.402402
0.401508
0.401823
0.401445
0.401768
0.400274
0.401276
0.400594
0.40008
0.400495
0.400385
0.400018
0.400699
0.400228
0.400121
