44718
44826.3
44938.7
44885
45334.7
45449.7
46202.4
46447.9
47275
47620.4
48663.2
49278
50811.9
51482.6
53157.9
54337.9
56612.5
58275.3
60752.7
62786.4
66418.9
68974.5
73300
77541.7
83467.4
89576.1
98447.5
108185
121583
138415
163752
197979
257735
367917
668336
3.92801e+06
975098
423379
270247
195226
153572
124699
105208
90178.8
79217.8
69918.6
63042.1
56463.2
51869
47269.2
43750.7
40358.2
37614.7
34813.1
32848.7
30686.4
29016
27349.2
25965.2
24433.5
23434.9
22065.9
21137.1
20054.4
19350.5
18251
17690.2
16743.2
16235.2
15525.7
15006.7
14380.6
13928.9
13297.7
12955.4
12369
12094.8
11580.6
11282
10837.2
10638.2
10185.6
9982.57
9579.9
9378.66
9024.47
8861.27
8564.53
8386.97
8070.07
7971.84
7693.36
7523.75
7298.46
7193.29
6923.91
6826.04
6578.85
6469.81
6265.56
6178.6
5989.8
5912.17
5717.21
5625.49
5449.36
5445.46
5233.89
5217.95
5022.74
4955.98
4847.2
4793.73
4612.41
4566.68
4415.64
4392.34
4248.56
4213.78
4104.95
4081.35
3951.15
3915.74
3793.92
3788.16
3699.71
3648.41
3572.01
3507.4
3447.37
3375.93
3338.13
3239.55
3214.82
3170.07
3133.1
3038.17
3033.06
2940.71
2937.89
2866.21
2843.55
2784.38
2750.16
2707.35
2656.37
2623.8
2578.02
2522.28
2506.7
2438.78
2435.58
2396.77
2362.42
2307.24
2290.18
2241.04
2236.35
2198.88
2163.59
2121.85
2128.34
2055.64
2040.08
2004.92
1990.35
1939.32
1944.42
1904.63
1884.82
1860.24
1865.98
1827.33
1812.21
1771.63
1745.59
1693.21
1725.92
1689.83
1676.48
1633.01
1629.41
1602.18
1598.56
1560.77
1536.79
1531.7
1520.73
1498.93
1504.96
1462.21
1464.29
1432.7
1418.54
1401.93
1392.99
1372.2
1357.66
1323.83
1337.45
1324.57
1314.88
1289.89
1292.59
1277.24
1260.79
1237.66
1225.02
1204.22
1234.48
1188.28
1184.19
1189.05
1170.31
1147.17
1162.38
1138.08
1138.71
1127.73
1129
1099.42
1107.36
1085.88
1079.99
1070.48
1069.62
1054.17
1035.36
1061.21
1039.27
1036.89
1058.42
1042.55
1048.27
1016.28
1032.52
1008.6
1023.55
999.572
1009.8
979.913
1003.16
996.731
992.561
968.985
995.258
994.453
971.952
953.97
974.593
959.793
988.245
953.571
978.346
967.025
944.053
