18007
18074.9
18282.9
18629.7
18924.4
19544
20013.8
20747.2
21536.3
22482.3
23331.9
24766.9
25857.5
27528.3
28786.6
30834.1
32751.2
34775.1
37331.2
40321.1
43716.4
47351.4
51188.5
56145.6
61760.5
68979.9
77372.3
87907.1
101136
119356
143111
179766
238261
350257
649961
3.9197e+06
990999
444310
289319
215282
171587
143141
123253
108538
96631.8
87599.6
80154.9
73853.7
68734.8
64202.1
60116.9
56874.2
53830.3
51150.9
48765.7
46598.8
44611.6
42748.4
41138.7
39623.7
38256.5
37078.3
35887.2
34800.6
33759
32716.4
31838.5
31008.5
30292.3
29493.6
28818.9
28114.9
27436.5
26898.8
26294.8
25827.2
25234.8
24762.6
24309.2
23838.8
23411.3
23040.1
22624.1
22250.1
21877
21481.4
21152.5
20867.2
20583.8
20264.1
19974.2
19726.7
19449.7
19150.5
18879.1
18649.2
18430.9
18245.2
17988.3
17773.4
17546.2
17347.7
17129.5
16963.1
16753
16600.1
16374.2
16206.8
16085.8
15895.9
15761.4
15584
15412.6
15284.2
15157.5
14999.4
14881.4
14744.3
14579.8
14525.7
14372.4
14241.1
14157.8
14018.2
13888.4
13780.6
13684.6
13596.9
13481.7
13384.1
13291.1
13200.5
13114.1
13008.3
12899.8
12843.1
12768.6
12661.3
12580.8
12538.5
12433
12389.9
12295.3
12216.7
12115.6
12040.2
11983.3
11939.5
11873.1
11789.3
11678.1
11656.5
11558.2
11534.2
11457.5
11418.7
11333.1
11300.3
11231.2
11200.8
11132.6
11077.2
11040.9
10968.4
10956.7
10876.3
10868.4
10812.8
10759.2
10693.3
10664
10643.2
10578.4
10511.7
10487.9
10458
10433.6
10367.8
10331.2
10286.8
10270.9
10220.7
10221.2
10161
10109.7
10056.8
10049.9
10008.3
9997.03
9948.21
9951.2
9892.65
9886.37
9848.35
9797.28
9765.1
9755.41
9727.38
9733.49
9680.37
9664.14
9652.05
9613.57
9626.75
9578.95
9549.33
9535.81
9503.62
9506.78
9487.89
9441.34
9441.12
9401.13
9389.59
9399.19
9379.84
9342.26
9358.12
9303.73
9320.95
9287.97
9269.97
9274.38
9221.42
9244.01
9243.49
9209
9223.74
9174.63
9175.7
9163.89
9158.77
9122.59
9142.82
9162.41
9140.21
9113.17
9096.6
9092.9
9093.64
9105.75
9093.25
9065.41
9070.53
9085.42
9081.25
9091.37
9052.96
9065.69
9022.3
9024.63
9045.56
9051.26
9013.78
9024.89
9021.11
