1.98199
1.98194
1.99213
1.97183
1.98395
1.98895
2.00298
1.98763
2.02423
2.00747
2.02643
2.02576
2.06091
2.03088
2.07549
2.08288
2.1079
2.11535
2.15679
2.13528
2.18347
2.19589
2.22386
2.21586
2.27352
2.2681
2.32408
2.35026
2.41113
2.37159
2.52748
2.52455
2.55888
2.51119
3.09161
2.17746
2.6153
2.80759
2.81479
3.06672
2.95636
3.09579
3.21891
3.306
3.37693
3.53674
3.62207
3.74056
3.89502
4.07699
4.20604
4.40464
4.64921
4.83336
5.10674
5.46288
5.77385
6.16485
6.64749
7.16492
7.80055
8.63467
9.60486
10.7911
12.5068
14.7022
17.8982
23.2075
32.752
55.6299
193.962
128.844
47.9901
29.4632
21.2679
16.5202
13.532
11.469
9.90266
8.69477
7.80754
7.03936
6.38566
5.87309
5.42544
5.0162
4.70559
4.40547
4.13597
3.90402
3.70685
3.50899
3.32894
3.18399
3.04169
2.90371
2.79506
2.68222
2.57223
2.48179
2.39325
2.30299
2.23364
2.16366
2.09148
2.02393
1.9706
1.90711
1.85433
1.80898
1.75961
1.71093
1.67164
1.62897
1.58881
1.55226
1.51809
1.47591
1.44979
1.42094
1.38758
1.35779
1.33519
1.3051
1.28396
1.25712
1.23402
1.21203
1.19034
1.16889
1.14973
1.12978
1.112
1.09656
1.07572
1.06012
1.04418
1.02819
1.01245
1.0007
0.982166
0.970649
0.958356
0.944985
0.930644
0.921155
0.907991
0.896114
0.887149
0.877853
0.863855
0.85628
0.845256
0.834442
0.82485
0.819136
0.807999
0.799715
0.792802
0.784334
0.776174
0.768131
0.759137
0.753665
0.747299
0.740135
0.733323
0.727826
0.720396
0.715041
0.707843
0.704567
0.696574
0.690791
0.685339
0.677782
0.672574
0.671963
0.665324
0.660606
0.653202
0.65374
0.64504
0.641203
0.637636
0.634701
0.630269
0.625808
0.620494
0.618007
0.614284
0.612145
0.60523
0.605643
0.601442
0.597331
0.592835
0.591555
0.58697
0.584888
0.582653
0.580068
0.577382
0.576071
0.570891
0.569261
0.566773
0.562497
0.562013
0.56008
0.557725
0.556781
0.55279
0.550672
0.548205
0.547605
0.545435
0.544339
0.543441
0.541509
0.538137
0.537463
0.536415
0.534216
0.532368
0.532174
0.530972
0.529422
0.52884
0.52811
0.524469
0.526191
0.523138
0.522249
0.522858
0.521373
0.517658
0.519314
0.518717
0.516299
0.515205
0.518864
0.5152
0.515339
0.5145
0.515185
0.513158
0.514363
0.513354
0.512989
0.511602
0.514172
0.511202
0.511539
0.513031
0.511627
