0.475525
0.475177
0.473535
0.47155
0.483752
0.480986
0.483786
0.482656
0.489135
0.495601
0.507046
0.505936
0.510566
0.514914
0.531699
0.544568
0.548777
0.560614
0.561585
0.579323
0.599758
0.610674
0.622734
0.622121
0.653939
0.664327
0.69394
0.70282
0.723378
0.740158
0.751922
0.81296
0.815768
0.818675
0.78307
0.873573
0.926569
0.947272
1.03182
1.06511
1.09072
1.10286
1.15401
1.22401
1.27217
1.33105
1.37394
1.44162
1.53074
1.62115
1.70088
1.77921
1.88884
2.01284
2.16987
2.32401
2.47784
2.68446
2.91371
3.19366
3.54356
3.91746
4.39213
5.01788
5.84896
6.9869
8.63513
11.2053
15.8733
27.4744
96.8187
64.8023
24.4517
15.0676
10.93
8.64147
7.13216
6.08733
5.29759
4.69335
4.22971
3.8695
3.54877
3.27369
3.04892
2.84768
2.6849
2.53811
2.40337
2.28064
2.17307
2.08499
2.00017
1.91572
1.83941
1.77339
1.71261
1.66206
1.60573
1.55494
1.50821
1.4648
1.42704
1.39052
1.35344
1.31783
1.28759
1.25915
1.23347
1.20443
1.17724
1.15419
1.13109
1.11061
1.08923
1.06749
1.04867
1.0296
1.01358
0.999033
0.980383
0.964649
0.953174
0.936197
0.922482
0.910827
0.897352
0.884683
0.873045
0.861116
0.851082
0.839682
0.82996
0.820172
0.80935
0.801117
0.792279
0.78281
0.774928
0.768017
0.758311
0.751273
0.744334
0.736858
0.729702
0.721412
0.716111
0.709733
0.702877
0.698574
0.691184
0.684326
0.67739
0.673103
0.667371
0.663613
0.656192
0.651635
0.648166
0.642933
0.63848
0.633644
0.629871
0.624631
0.621253
0.61707
0.614011
0.60898
0.605393
0.601638
0.598969
0.595161
0.590726
0.588269
0.583409
0.579687
0.578906
0.575351
0.571883
0.568278
0.565526
0.563913
0.561554
0.558402
0.55523
0.551242
0.550137
0.546841
0.546038
0.542041
0.541488
0.538471
0.537225
0.534853
0.533022
0.530549
0.528099
0.526638
0.52522
0.522149
0.520923
0.518891
0.517151
0.516672
0.514527
0.511984
0.511324
0.509508
0.50834
0.507384
0.505045
0.503688
0.502826
0.501899
0.500932
0.497952
0.497684
0.496417
0.495392
0.494963
0.492976
0.491408
0.490779
0.489486
0.490014
0.488925
0.486456
0.486201
0.485622
0.485055
0.485253
0.483865
0.482947
0.483586
0.4814
0.482802
0.482037
0.480319
0.479911
0.479283
0.480292
0.47918
0.478642
0.478039
0.47796
0.477251
0.47772
0.477992
0.476891
0.475549
0.475968
0.477479
0.476907
0.475721
0.475546
0.475042
