0.293884
0.298605
0.305088
0.314047
0.332495
0.353046
0.383847
0.411325
0.441906
0.476543
0.516066
0.562296
0.611561
0.662024
0.714082
0.777269
0.843039
0.91821
1.00052
1.09058
1.18639
1.3111
1.43547
1.58817
1.77169
1.98467
2.2407
2.57601
2.96943
3.53621
4.27194
5.37892
7.13455
10.5976
19.5548
119.419
30.2675
13.6091
8.83685
6.63259
5.28618
4.4359
3.8066
3.37512
3.00866
2.73443
2.49638
2.31043
2.14288
2.01662
1.89092
1.79226
1.68932
1.61369
1.53302
1.47407
1.40729
1.35664
1.30498
1.25913
1.21773
1.17965
1.13856
1.10885
1.07369
1.04363
1.01773
0.990371
0.96436
0.943352
0.919524
0.900063
0.881571
0.861447
0.8452
0.828217
0.811411
0.794796
0.779968
0.765896
0.753554
0.740284
0.727323
0.715661
0.703964
0.691663
0.683227
0.672156
0.661504
0.652631
0.643697
0.635835
0.624569
0.61841
0.610911
0.601814
0.59428
0.58901
0.579333
0.573784
0.56655
0.560606
0.554246
0.548342
0.542389
0.53704
0.529448
0.524037
0.518571
0.514078
0.508765
0.504675
0.500828
0.494478
0.490163
0.485587
0.4814
0.477664
0.474276
0.469654
0.46532
0.461248
0.456846
0.454103
0.450892
0.447122
0.444166
0.440902
0.437094
0.433861
0.430475
0.427984
0.424397
0.421655
0.419454
0.416652
0.412358
0.410817
0.408435
0.406725
0.402599
0.401945
0.397028
0.396396
0.393325
0.390736
0.388259
0.387609
0.383289
0.382964
0.380628
0.378162
0.376582
0.374535
0.372244
0.370869
0.368866
0.366872
0.364828
0.363784
0.361127
0.35986
0.357318
0.35649
0.354024
0.353313
0.35063
0.351038
0.348133
0.347461
0.345152
0.345645
0.342812
0.341233
0.340266
0.33986
0.336886
0.336752
0.335415
0.334491
0.332416
0.331827
0.329623
0.330523
0.328659
0.326978
0.326744
0.325329
0.323712
0.323933
0.321839
0.321709
0.320141
0.320125
0.319311
0.317988
0.317401
0.316245
0.314971
0.314979
0.313952
0.314056
0.312781
0.312878
0.311005
0.310549
0.309765
0.30894
0.307946
0.308509
0.307581
0.306808
0.306385
0.305535
0.304149
0.304569
0.303851
0.304233
0.302837
0.303315
0.301931
0.301825
0.300626
0.30019
0.299788
0.300409
0.299624
0.299652
0.298625
0.298501
0.297738
0.297828
0.297957
0.297595
0.296183
0.296995
0.296181
0.296091
0.296183
0.295715
0.29471
0.29571
0.295193
0.295001
0.294227
0.295051
0.294397
0.295173
0.293362
0.29364
0.294604
0.294504
0.293449
0.293583
0.29372
0.294623
