36962
66448.1
71912.7
39519.4
60236.8
76664.2
45858
53688
79982.1
55620.6
46443.4
82944.9
66960.8
41217
83999.8
80962.8
38763.4
84224.3
96538.4
45526.1
82038.8
116383
62682.1
79049.7
141556
94871.5
71777.6
180034
151907
61273
253342
284720
46035
518651
1.041e+06
1.31413e+06
1.16721e+06
709184
173022
200562
260680
117019
96510.7
156949
94354
71238.9
111763
78802.5
68283.2
93772.9
66716.7
69662.7
91657
59145
71356.6
101608
60491.1
70443.9
121426
77669.9
65794.9
152517
117454
56153.1
208062
206132
33759.6
350474
505191
117008
2.54143e+06
2.1298e+06
254735
311499
358504
136814
104773
190471
108075
42412.2
122532
91560
16820.7
84037.8
79282.3
17005.9
57969.6
68540.5
24242.8
39157.2
58628.2
29585.3
25042.3
49584.9
32580.8
14802.1
40862.1
33692.8
9353.33
32838.1
33273.9
9984.5
25347.6
31659.8
13166.7
18700.9
29193.4
16248.9
12718.8
26053.9
18343
8234.44
22462.5
19618.1
6004.44
18738.8
19866.1
6824.96
14852.5
19419.9
8810.08
11138.5
18279.4
10861.5
7747.55
16614.3
12322.7
5090.58
14562.6
13256.7
4044.71
12205.8
13611.6
4887.66
9726.55
13358.9
6424.01
7279.44
12705.9
7840.78
4954.7
11601.4
9027.36
3249.7
10175.3
9713.76
2739.4
8559.9
9967.06
3614.67
6796.7
9861.55
4889.72
4947.87
9371.27
6046.52
3220.47
8542.03
6913.49
1989.93
7451.52
7427.71
1869.78
6198.11
7612.93
2825.34
4830.91
7509.13
3895.54
3403.79
7136.38
4780.56
2029.66
6458.09
5458.52
1030.29
5613.74
5868.07
1303.94
4597.77
6015.85
2255.88
3487.72
5891.15
3179.08
2342.09
5522.49
3948.18
1141.33
5021.02
4406.69
287.044
4259.82
4707.17
1040.56
3456.08
4794.97
1905.93
2551.27
4672.71
2655.04
1652.04
4376.59
3215.21
714.558
3908.93
3609.27
357.095
3295.53
3830.95
1082.56
2702.59
3789.59
1731.76
1920.14
3705.72
2290.57
1308.94
3451.72
2670.82
847.783
3070.55
2967.03
855.054
2608.84
3071.89
1263
2144.63
3089.81
1716.69
1689.43
2949.51
2061.24
1427.92
2738.94
2295.71
1297.19
2455.35
2440.94
1392.32
2141.38
2475.04
1606.94
1927.04
2440.17
1779.42
1791.78
2341.58
1976.63
1775.73
2133.71
1999.68
1823.58
2061.21
2012.65
1926.04
