0.221588
0.220999
0.219838
0.218767
0.231089
0.23126
0.238791
0.237494
0.244682
0.253748
0.27168
0.27667
0.289842
0.286
0.31225
0.320398
0.339209
0.353203
0.368438
0.370428
0.384389
0.414143
0.435226
0.456013
0.473141
0.475198
0.510411
0.535307
0.548117
0.537772
0.586387
0.605285
0.659511
0.656627
0.590821
0.512165
1.01482
0.840515
0.856434
0.938857
0.979061
1.0056
1.03655
1.07901
1.14485
1.21484
1.2865
1.35153
1.40378
1.49043
1.58494
1.70424
1.79956
1.91572
2.04663
2.21004
2.39868
2.58834
2.82545
3.09376
3.40543
3.83834
4.33465
4.94054
5.73745
6.85708
8.49613
11.1266
15.886
27.3498
96.356
64.8164
24.485
15.2347
11.0725
8.67502
7.18349
6.14344
5.38432
4.79668
4.31634
3.92181
3.61219
3.355
3.12718
2.93241
2.75557
2.60557
2.47546
2.35941
2.25069
2.1467
2.05906
1.98382
1.91372
1.84546
1.78016
1.71752
1.66877
1.62128
1.57461
1.53093
1.48741
1.4501
1.41544
1.38317
1.35059
1.31779
1.28751
1.26358
1.2387
1.21336
1.18941
1.16576
1.14579
1.12742
1.10706
1.08842
1.06993
1.0512
1.03785
1.02178
1.00361
0.991388
0.977815
0.963201
0.951008
0.93824
0.926142
0.914741
0.90319
0.892741
0.8815
0.870666
0.8617
0.852126
0.842262
0.833822
0.824723
0.815498
0.808195
0.799854
0.791292
0.783512
0.77667
0.770927
0.763078
0.756743
0.749013
0.740805
0.73642
0.731575
0.726802
0.72004
0.714639
0.707873
0.704486
0.699163
0.692942
0.688022
0.683041
0.679225
0.673891
0.670388
0.664827
0.661195
0.655621
0.653097
0.648742
0.645435
0.639948
0.637133
0.634379
0.62961
0.62826
0.625009
0.619479
0.616882
0.614327
0.611783
0.60873
0.604499
0.60121
0.598999
0.596886
0.595185
0.591571
0.589673
0.585633
0.585111
0.580905
0.579526
0.576237
0.574239
0.572034
0.570541
0.568527
0.566289
0.564198
0.56259
0.560397
0.559302
0.5571
0.554571
0.553359
0.552126
0.550144
0.548936
0.54676
0.54503
0.544659
0.540979
0.542042
0.539969
0.538296
0.539052
0.537124
0.53521
0.534362
0.532496
0.532435
0.531881
0.5304
0.530062
0.527531
0.526494
0.527463
0.526404
0.525124
0.524251
0.522383
0.522559
0.522108
0.520098
0.521061
0.518018
0.518076
0.518546
0.518057
0.517979
0.51585
0.516365
0.515758
0.51659
0.515203
0.514857
0.514266
0.51357
0.514039
0.515336
0.513983
0.511936
0.512776
0.513423
0.513533
0.513801
