0.95105
0.95221
0.945336
0.970684
0.967354
0.968223
0.9671
0.993336
0.978385
1.00623
1.01121
1.0325
1.02184
1.07332
1.06653
1.08323
1.09881
1.12448
1.12285
1.17693
1.20141
1.21616
1.24523
1.30869
1.30864
1.35566
1.38647
1.42156
1.44669
1.51117
1.50392
1.53914
1.62981
1.73503
1.57091
2.17538
1.85234
1.95668
2.06385
2.01638
2.18201
2.26883
2.309
2.40482
2.54299
2.63371
2.74808
2.93481
3.06042
3.19033
3.40334
3.61897
3.77786
4.06775
4.33996
4.60113
4.95679
5.38169
5.82698
6.3933
7.08501
7.84187
8.78168
10.0935
11.6965
13.9163
17.2705
22.3702
31.7445
54.9296
193.644
129.472
48.9066
30.2804
21.8587
17.2214
14.2638
12.1164
10.5939
9.44074
8.45994
7.69013
7.09647
6.55455
6.09681
5.7244
5.36811
5.06624
4.80548
4.57573
4.34737
4.15869
3.99941
3.83017
3.67946
3.55827
3.42553
3.30718
3.21033
3.11155
3.01569
2.9369
2.85359
2.77245
2.70677
2.6428
2.57398
2.51665
2.46671
2.4041
2.3548
2.3095
2.26232
2.21469
2.17698
2.13724
2.09743
2.06612
2.02795
1.99179
1.96251
1.9331
1.90221
1.87387
1.84511
1.81938
1.79354
1.77103
1.74619
1.72318
1.70284
1.68035
1.6601
1.63597
1.62273
1.60125
1.58352
1.56595
1.55051
1.52971
1.51902
1.50125
1.48662
1.47014
1.45992
1.44296
1.43114
1.41812
1.4053
1.38985
1.38145
1.36746
1.35726
1.34656
1.33682
1.32249
1.31493
1.3054
1.29387
1.28524
1.27684
1.26808
1.26008
1.25019
1.24148
1.23278
1.22562
1.21707
1.21014
1.2015
1.19628
1.18581
1.18147
1.17418
1.16818
1.16257
1.15752
1.1476
1.14276
1.13746
1.13408
1.12282
1.12108
1.11667
1.11012
1.10394
1.10062
1.0951
1.09185
1.0858
1.08165
1.07599
1.07492
1.06675
1.06369
1.06048
1.0574
1.05149
1.04991
1.0459
1.04122
1.03753
1.03398
1.02943
1.02882
1.02462
1.0211
1.02003
1.01613
1.01152
1.01016
1.00714
1.00516
1.00215
1.00065
0.996944
0.995563
0.992269
0.989782
0.987648
0.987059
0.984844
0.982828
0.980297
0.979522
0.975988
0.975391
0.973823
0.971484
0.969576
0.9702
0.966235
0.966989
0.965434
0.963257
0.961498
0.963828
0.961006
0.959113
0.960341
0.959587
0.954311
0.957246
0.955902
0.954934
0.952608
0.953765
0.952186
0.952416
0.952561
0.952864
0.950701
0.952749
0.951278
0.949595
0.95097
