0.293884
0.296701
0.305948
0.321466
0.33198
0.358104
0.383902
0.408054
0.441537
0.480463
0.51628
0.559857
0.611302
0.655996
0.714551
0.773539
0.843039
0.913022
1.00109
1.08571
1.18622
1.30166
1.43546
1.59764
1.77155
1.98978
2.24039
2.56099
2.96968
3.50011
4.27268
5.35298
7.13455
10.5115
19.5523
119.391
30.2684
13.6227
8.83607
6.58489
5.28618
4.42129
3.80657
3.35097
3.00862
2.72705
2.49652
2.3112
2.14291
2.00555
1.89122
1.78086
1.68932
1.60951
1.5332
1.46781
1.40729
1.35497
1.30519
1.25947
1.21773
1.17469
1.13825
1.104
1.07369
1.04644
1.01752
0.991204
0.963709
0.942075
0.919809
0.899599
0.881571
0.861273
0.8452
0.825382
0.811411
0.795969
0.780471
0.766638
0.753554
0.73898
0.72739
0.715694
0.703964
0.69417
0.683227
0.671976
0.661571
0.652806
0.643424
0.634062
0.624489
0.61841
0.610361
0.602255
0.59428
0.586203
0.579372
0.573495
0.566582
0.559924
0.554246
0.547462
0.542389
0.536325
0.529626
0.525143
0.519308
0.514763
0.508414
0.504764
0.500548
0.495315
0.490741
0.486486
0.481979
0.47735
0.474276
0.468549
0.465405
0.461802
0.457212
0.454202
0.450927
0.447011
0.443904
0.440554
0.437094
0.433782
0.430345
0.426727
0.42412
0.421475
0.419171
0.415096
0.412447
0.410019
0.408403
0.404166
0.402599
0.399105
0.397577
0.395104
0.393057
0.390711
0.388691
0.385483
0.383289
0.381956
0.380396
0.377434
0.376165
0.373623
0.371921
0.370203
0.368424
0.366097
0.364503
0.362605
0.361127
0.359179
0.357318
0.356301
0.354105
0.353313
0.351182
0.3495
0.348133
0.347332
0.345152
0.343328
0.342947
0.341233
0.340266
0.338884
0.336886
0.336122
0.335415
0.334491
0.332812
0.331797
0.329855
0.328858
0.328659
0.328157
0.326744
0.325172
0.32424
0.323497
0.322095
0.321799
0.320141
0.319777
0.318893
0.317988
0.317401
0.316245
0.314971
0.314809
0.313952
0.312995
0.312781
0.311398
0.311005
0.310083
0.309464
0.309183
0.307946
0.306905
0.307226
0.30667
0.306358
0.305535
0.304252
0.303942
0.303851
0.302942
0.302837
0.302044
0.301644
0.302033
0.300626
0.30109
0.299788
0.299402
0.299118
0.299002
0.298625
0.298333
0.297896
0.297204
0.297599
0.296587
0.296576
0.295901
0.296181
0.296091
0.29534
0.295426
0.29471
0.294955
0.295193
0.294775
0.294151
0.294083
0.294319
0.294019
0.293312
0.294416
0.293873
0.29348
0.293688
0.294379
0.293875
0.294714
