0.990997
0.991852
0.995332
0.999817
0.991547
0.999058
1.00202
1.00989
1.01194
1.01475
1.01221
1.02362
1.0311
1.04433
1.03904
1.04439
1.05438
1.061
1.07853
1.08579
1.09214
1.09999
1.11176
1.13754
1.13644
1.16502
1.16132
1.18506
1.20607
1.24702
1.26362
1.24974
1.27935
1.34616
1.54973
1.67406
1.30432
1.41727
1.40739
1.42253
1.47682
1.56219
1.60973
1.6376
1.68801
1.73303
1.81131
1.87941
1.94727
2.00979
2.10365
2.20921
2.32462
2.44469
2.55367
2.69594
2.88713
3.08758
3.3227
3.59196
3.8989
4.29211
4.80051
5.43515
6.25365
7.35233
8.94792
11.5335
16.378
27.8615
96.9787
64.3865
23.9946
14.7514
10.6337
8.27796
6.7657
5.70389
4.94971
4.37035
3.90419
3.50423
3.19277
2.93438
2.71209
2.52754
2.35253
2.19861
2.06784
1.95468
1.85457
1.75398
1.66384
1.58955
1.52111
1.45581
1.39807
1.3364
1.28586
1.23859
1.19649
1.157
1.11713
1.07802
1.04556
1.01609
0.984584
0.956016
0.926963
0.901678
0.880517
0.856101
0.835751
0.813673
0.793481
0.776262
0.758984
0.743644
0.725372
0.707663
0.693851
0.679914
0.665767
0.6549
0.641268
0.627578
0.616205
0.60607
0.595127
0.585134
0.57414
0.565045
0.555894
0.546993
0.538579
0.529139
0.521852
0.51457
0.506261
0.49761
0.49223
0.484424
0.477662
0.472208
0.465477
0.46047
0.453288
0.448348
0.443286
0.436137
0.431554
0.427536
0.4239
0.418055
0.413324
0.408
0.405548
0.400993
0.395783
0.392138
0.388232
0.383542
0.379948
0.377411
0.373623
0.370035
0.365055
0.362934
0.359873
0.356683
0.352929
0.350216
0.347934
0.345551
0.343318
0.34113
0.336289
0.334188
0.332024
0.330089
0.327826
0.324704
0.321795
0.319936
0.318535
0.316973
0.316406
0.314382
0.310603
0.31032
0.306769
0.305511
0.303094
0.30129
0.299607
0.298909
0.297335
0.295225
0.293189
0.2924
0.291004
0.289862
0.288523
0.286182
0.285446
0.285022
0.283226
0.282097
0.280953
0.279206
0.278746
0.280115
0.276472
0.274874
0.274103
0.274259
0.272753
0.272257
0.271272
0.269557
0.269515
0.269486
0.268475
0.268206
0.266089
0.265139
0.266603
0.265613
0.264468
0.263215
0.261956
0.262182
0.262095
0.260116
0.26099
0.259027
0.258638
0.259547
0.259341
0.25894
0.257183
0.257241
0.257296
0.256708
0.256767
0.25693
0.25618
0.255167
0.256247
0.256444
0.256775
0.254826
0.254798
0.255831
0.255799
0.256106
