38766
38796.6
38857.6
38936.8
39313.3
39460.3
39962.9
40434.1
41028.3
41659.4
42655.3
43307.4
44444.2
45504.9
47108.1
48400
50134
52354.5
54412.2
56883.3
59610.3
63017.8
67382.4
71769.8
77632.2
83784.3
92174.2
102275
115561
132320
156779
192010
250220
361352
654763
3.92211e+06
970279
429197
273750
200324
157741
130104
110359
95469.1
84529.1
75404
68085.4
61976.2
56925.9
52595.3
49023.9
45636.7
42825.5
40186.8
38022.4
35944.4
34214.6
32632.2
31069.7
29733.7
28424.7
27233.7
26186.5
25237.8
24263.5
23524.2
22699
21962.3
21244.6
20633.9
20006.3
19468.3
18954.8
18393.3
17915.6
17406.1
17033.9
16610.2
16247.3
15845.8
15500.1
15145.3
14826.1
14508.2
14251.4
13987.8
13711.8
13442.9
13151.7
12924.1
12682
12460.2
12260.2
12078.7
11886.3
11717.3
11496.6
11286.7
11143.4
11009.6
10842.4
10681.9
10543.1
10386.5
10268.2
10090.9
10047.8
9884.49
9725.21
9643.5
9503.28
9408.96
9316.65
9182.57
9094.38
8986.09
8888.78
8784.9
8724.72
8593.93
8521.11
8441.84
8333.45
8281.66
8232.04
8108.08
8062.41
7964.89
7908.77
7841.22
7765.59
7694.58
7647.81
7575.72
7524.12
7458.4
7368.66
7339.89
7285.91
7191.63
7158.56
7071.26
7034.92
6997.04
6969.54
6932.81
6878.54
6789.53
6750.67
6719.36
6730.75
6654.45
6632.51
6563.39
6551.55
6456.02
6464.47
6408.45
6366.43
6326.86
6308.39
6281.79
6220.03
6208.53
6141.28
6156.1
6102.38
6069.5
6039.17
6027.55
5996.57
5934.4
5943.32
5924.66
5885.49
5853.73
5816.46
5826.49
5799.4
5768.34
5726.85
5735.4
5666.79
5656.01
5663.94
5657.13
5612
5601.11
5550.59
5537.3
5510.73
5526.97
5482.67
5477.33
5473.34
5429.52
5439.8
5425.05
5377.35
5393.45
5367.19
5328.55
5340.68
5291.18
5308.62
5292.15
5299.45
5280.82
5246.5
5224.56
5240.49
5243.11
5225.73
5210.53
5180.5
5185.61
5180.07
5135.55
5164.64
5110.96
5141.67
5133.68
5109.36
5132.23
5096.37
5094.22
5109.6
5102.33
5069.41
5058.14
5053.72
5060.65
5073.19
5027.05
5019.08
5019.62
5024.53
5010.16
5022.68
5014.67
4990.48
4998.97
5011.85
4999.49
4993.26
4989.62
4977.15
4976.38
4976.04
4994.02
4997.72
4975.48
4965.48
4956.55
4976.54
4966.34
