2.72937
2.73322
2.74215
2.75912
2.76605
2.79773
2.81807
2.84875
2.88658
2.93375
2.97171
3.04035
3.10086
3.17726
3.24398
3.35168
3.45538
3.55718
3.70812
3.86374
4.05358
4.25583
4.47471
4.78062
5.0953
5.53104
6.00949
6.63519
7.42076
8.50956
9.99417
12.1853
15.7304
22.4931
40.7903
240.532
59.509
26.0277
16.4957
11.9903
9.37305
7.63046
6.42145
5.5377
4.83493
4.29557
3.84787
3.48968
3.1651
2.90166
2.6706
2.47213
2.29566
2.15463
2.00563
1.88703
1.77056
1.66988
1.58453
1.49974
1.42943
1.35395
1.28952
1.22961
1.18121
1.12734
1.07895
1.03583
0.991325
0.950367
0.915278
0.879538
0.849622
0.820871
0.791584
0.765837
0.738659
0.714307
0.688637
0.669606
0.648801
0.628516
0.609028
0.590957
0.572229
0.559133
0.541469
0.52549
0.51154
0.49964
0.485255
0.471504
0.458925
0.446734
0.439148
0.426248
0.415237
0.405775
0.395243
0.388913
0.377353
0.369368
0.360682
0.35236
0.343514
0.335819
0.330839
0.323858
0.318014
0.31047
0.301964
0.296056
0.291472
0.28585
0.278691
0.275127
0.268545
0.26482
0.257393
0.253816
0.249026
0.244669
0.239239
0.235836
0.231609
0.226613
0.222356
0.218284
0.213982
0.209892
0.205365
0.202645
0.199265
0.195914
0.192895
0.188869
0.185525
0.183277
0.180183
0.177538
0.175757
0.171007
0.169456
0.166485
0.165199
0.161644
0.16006
0.1566
0.154626
0.151876
0.149481
0.148433
0.145444
0.14383
0.140811
0.138767
0.137142
0.135119
0.133189
0.131562
0.130249
0.127827
0.125745
0.124567
0.123564
0.121634
0.12007
0.117262
0.116728
0.114565
0.112336
0.111286
0.110816
0.109096
0.107941
0.106552
0.103071
0.103194
0.103243
0.100812
0.0996836
0.0984428
0.0976705
0.0969846
0.0949595
0.094265
0.0939099
0.0931572
0.0915699
0.0895418
0.0897822
0.0877921
0.0871385
0.0867921
0.085825
0.0844743
0.0832644
0.0822554
0.0823208
0.0815275
0.0811144
0.079499
0.0787292
0.0771751
0.0778899
0.0770017
0.0761393
0.0759399
0.0741229
0.073471
0.0734205
0.0722426
0.072051
0.0713754
0.0699976
0.0705948
0.0694308
0.0689361
0.0692589
0.0675967
0.066943
0.0670446
0.0658456
0.0663479
0.0655201
0.0654537
0.0649876
0.0637066
0.0645063
0.063778
0.0632675
0.0624943
0.0624012
0.0622986
0.0625378
0.0615696
0.061143
0.0612005
0.061373
0.0608495
0.0600002
0.0595777
0.0598729
0.0593211
0.0595169
0.0587074
0.0601065
0.0590407
0.0589959
0.0597437
0.0586511
0.0585434
0.0583689
0.059406
0.0596065
0.058873
